2.024543999999999996e-02
2.164792000000000105e-02
2.058209999999999901e-02
1.981712000000000057e-02
2.160153999999999894e-02
2.218621999999999955e-02
2.375953000000000093e-02
2.662076000000000026e-02
2.934776000000000051e-02
2.759551999999999838e-02
2.473956000000000072e-02
2.300471999999999934e-02
2.081051000000000081e-02
2.040849000000000135e-02
2.610329000000000121e-02
2.910325000000000065e-02
2.675985999999999990e-02
2.150312000000000057e-02
2.113078999999999999e-02
2.202923000000000034e-02
3.079240999999999923e-02
3.700036999999999771e-02
3.318448000000000231e-02
2.425717999999999971e-02
2.337954000000000074e-02
2.919263000000000066e-02
3.147537999999999725e-02
2.822660000000000100e-02
2.567128999999999939e-02
2.118329999999999866e-02
2.370448000000000000e-02
2.699500999999999984e-02
2.847602999999999940e-02
2.559451000000000087e-02
2.588483000000000103e-02
2.543892000000000028e-02
3.423472999999999794e-02
3.441124999999999740e-02
2.631831999999999921e-02
2.062063999999999911e-02
1.978185999999999833e-02
2.440756999999999996e-02
2.991071000000000008e-02
3.419047000000000058e-02
3.287430000000000213e-02
3.141038000000000163e-02
4.408039999999999875e-02
5.011254999999999876e-02
4.833683999999999897e-02
3.738621999999999779e-02
3.152789999999999759e-02
2.640651999999999930e-02
2.264735000000000012e-02
4.739021999999999679e-02
6.748062000000000504e-02
9.214277999999999358e-02
1.195708899999999991e-01
1.247459800000000063e-01
1.376407099999999994e-01
1.195099099999999970e-01
1.076541500000000040e-01
9.230491999999999864e-02
5.881354999999999916e-02
1.838448999999999986e-02
