1.690643999999999827e-02
2.033698000000000103e-02
2.106691000000000119e-02
1.976324999999999957e-02
2.114233000000000084e-02
2.013799000000000144e-02
1.867036000000000043e-02
1.955578999999999998e-02
2.102153000000000008e-02
2.233494999999999925e-02
2.106589000000000031e-02
2.205976000000000117e-02
2.061552999999999997e-02
2.063144000000000089e-02
1.949261999999999870e-02
2.216747000000000162e-02
2.123772000000000160e-02
2.063972999999999849e-02
1.946691000000000046e-02
2.121618000000000115e-02
2.264131000000000130e-02
2.379786000000000054e-02
2.330845000000000139e-02
2.064337000000000116e-02
1.863383999999999874e-02
1.933141999999999847e-02
2.407563000000000064e-02
3.384129999999999777e-02
3.998489999999999683e-02
4.865241000000000010e-02
5.045066000000000134e-02
4.731616999999999768e-02
4.534123999999999793e-02
3.470899999999999680e-02
2.715545999999999932e-02
2.393932000000000004e-02
2.170516999999999933e-02
1.856197000000000055e-02
1.903641000000000014e-02
1.970608999999999902e-02
2.152398000000000158e-02
2.325396999999999881e-02
2.390164999999999998e-02
2.595273999999999845e-02
2.557386000000000034e-02
2.118775000000000172e-02
1.985719000000000026e-02
1.955751999999999838e-02
1.911457000000000087e-02
1.910987999999999923e-02
1.987726000000000076e-02
1.931802999999999992e-02
1.924224999999999894e-02
1.857481999999999883e-02
1.920111999999999861e-02
1.920134000000000077e-02
1.831976000000000090e-02
1.825914000000000009e-02
1.841794999999999891e-02
1.897913000000000031e-02
1.839272999999999950e-02
1.823831999999999884e-02
1.712734000000000131e-02
1.587573000000000109e-02
