1.856156999999999946e-02
1.933214999999999933e-02
1.980178000000000146e-02
2.017183000000000170e-02
2.075188000000000033e-02
1.934212000000000084e-02
1.797289999999999999e-02
1.943102999999999844e-02
2.248286999999999855e-02
2.283017999999999853e-02
2.355832000000000065e-02
2.280712999999999838e-02
2.004523000000000069e-02
1.815032999999999924e-02
2.223686000000000065e-02
2.491530000000000133e-02
2.246481000000000172e-02
1.981288000000000146e-02
1.831067000000000111e-02
1.803766999999999870e-02
2.331060999999999897e-02
3.039141999999999885e-02
2.660703000000000026e-02
1.991437999999999889e-02
1.880677000000000043e-02
2.108426000000000050e-02
2.221037999999999832e-02
2.335701000000000097e-02
2.336726999999999901e-02
1.990814000000000125e-02
2.015490999999999810e-02
2.040167999999999843e-02
2.189204000000000150e-02
2.133938000000000154e-02
2.039606000000000058e-02
1.998563000000000076e-02
2.379983000000000098e-02
2.768280000000000046e-02
2.508093999999999948e-02
1.999712000000000017e-02
1.871023999999999951e-02
2.008499000000000048e-02
2.298160999999999954e-02
2.461166999999999869e-02
2.557852000000000042e-02
2.541799000000000142e-02
2.812616999999999895e-02
2.742218000000000086e-02
2.947183999999999915e-02
2.888450999999999866e-02
2.703488000000000072e-02
2.429916000000000020e-02
2.059309000000000139e-02
2.688192000000000012e-02
3.404582999999999915e-02
4.435941999999999663e-02
6.068492000000000330e-02
7.308584999999999388e-02
8.384432999999999470e-02
8.193253999999999815e-02
8.255680999999999437e-02
7.593031000000000086e-02
5.267283999999999855e-02
1.745266999999999999e-02
