2.188812000000000049e-02
2.288371000000000155e-02
2.056842999999999866e-02
1.944542000000000145e-02
1.897184999999999844e-02
2.003912999999999875e-02
1.952125999999999861e-02
1.960430999999999979e-02
2.097119999999999887e-02
2.191827000000000011e-02
2.424503000000000075e-02
2.697079000000000143e-02
2.637952000000000005e-02
2.500770999999999897e-02
2.236138000000000015e-02
1.891245999999999899e-02
1.839910999999999977e-02
2.296373999999999985e-02
3.451847999999999722e-02
4.793399999999999744e-02
5.936811000000000171e-02
7.221774000000000249e-02
6.481544999999999668e-02
5.247616000000000086e-02
4.461195999999999912e-02
3.438545999999999964e-02
2.614585000000000173e-02
2.077984000000000081e-02
2.021113000000000076e-02
2.030817999999999859e-02
2.181840000000000168e-02
2.488825000000000065e-02
2.750597000000000111e-02
3.104018000000000055e-02
3.003646000000000094e-02
2.580044999999999908e-02
2.398039999999999894e-02
2.182457000000000147e-02
2.036465000000000150e-02
2.033213999999999855e-02
2.064041000000000139e-02
2.075638000000000136e-02
2.048710999999999935e-02
1.833832000000000170e-02
1.812607000000000107e-02
1.876873999999999904e-02
1.853126999999999899e-02
1.807421000000000028e-02
1.849262999999999948e-02
1.920231999999999842e-02
2.028697999999999960e-02
1.927223000000000130e-02
1.793298999999999935e-02
1.832568999999999865e-02
1.900558999999999929e-02
2.004681999999999992e-02
1.944877999999999885e-02
1.923667000000000085e-02
2.030997000000000011e-02
1.971826999999999955e-02
1.801648999999999959e-02
1.940845999999999891e-02
1.852414999999999964e-02
1.622938999999999979e-02
