3.772559000000000329e-02
5.030276999999999665e-02
4.196745000000000336e-02
3.099429000000000073e-02
2.405217000000000119e-02
2.534677999999999931e-02
3.010488999999999873e-02
3.392011000000000331e-02
4.348600999999999855e-02
4.006281999999999899e-02
3.531540999999999847e-02
4.750814999999999899e-02
6.126312999999999898e-02
7.191532000000000480e-02
6.569207000000000518e-02
4.541813000000000100e-02
2.550867000000000065e-02
2.747049000000000019e-02
4.861967999999999845e-02
9.231596000000000246e-02
1.719641100000000034e-01
2.067038599999999893e-01
1.987665299999999968e-01
1.659984100000000129e-01
1.454969600000000085e-01
1.087820699999999946e-01
6.534304000000000501e-02
3.497655000000000208e-02
2.551180000000000114e-02
2.238292999999999880e-02
3.043567000000000147e-02
4.248035000000000005e-02
4.767326000000000202e-02
7.977436000000000249e-02
7.963186999999999349e-02
6.357649999999999413e-02
6.260148000000000101e-02
5.217283999999999811e-02
3.629845999999999767e-02
3.379585000000000228e-02
3.623681000000000124e-02
3.737196000000000268e-02
3.241622000000000253e-02
2.425607999999999931e-02
2.802825000000000108e-02
2.912491000000000038e-02
2.576940999999999954e-02
2.380316999999999850e-02
2.463117000000000084e-02
2.617256999999999917e-02
3.327026999999999762e-02
3.122232000000000132e-02
2.351962999999999970e-02
2.196485000000000104e-02
2.310188000000000172e-02
2.537982000000000085e-02
2.835394999999999929e-02
3.770898999999999779e-02
4.255310000000000342e-02
3.353568999999999994e-02
2.129073000000000077e-02
1.991590000000000027e-02
1.932009000000000157e-02
1.887604999999999839e-02
