2.008760999999999880e-02
2.180527999999999980e-02
2.274152999999999938e-02
2.725945000000000104e-02
2.981340000000000032e-02
2.617233999999999880e-02
2.210683999999999913e-02
1.962546999999999903e-02
2.083669999999999967e-02
2.566146000000000052e-02
2.792491999999999891e-02
2.351989000000000163e-02
2.014035000000000131e-02
2.037550999999999946e-02
2.072026000000000076e-02
2.424340999999999996e-02
2.769568999999999850e-02
2.731313000000000143e-02
2.313271999999999898e-02
2.081546999999999911e-02
2.229404000000000108e-02
2.519443000000000030e-02
2.755712999999999913e-02
2.370734999999999856e-02
2.045218000000000036e-02
2.154845999999999845e-02
2.940614000000000075e-02
3.324740999999999808e-02
2.511719999999999925e-02
2.134787999999999963e-02
2.482300999999999952e-02
2.615293000000000131e-02
3.131707000000000241e-02
3.066827000000000095e-02
2.775580999999999882e-02
2.289949999999999972e-02
2.218188999999999925e-02
2.797824999999999965e-02
3.057081999999999855e-02
2.659159999999999996e-02
2.446071000000000009e-02
3.025805000000000161e-02
3.893649999999999889e-02
4.705687000000000064e-02
4.204990000000000117e-02
2.811138999999999999e-02
2.520831000000000113e-02
2.461407999999999999e-02
3.412686000000000192e-02
7.096565000000000512e-02
8.356882999999999673e-02
9.062887999999999500e-02
1.156674000000000035e-01
1.324256400000000111e-01
1.257373200000000135e-01
9.412104999999999777e-02
7.735242999999999980e-02
5.628009999999999957e-02
4.636011000000000298e-02
3.695107999999999726e-02
2.530947000000000058e-02
2.342255000000000031e-02
2.099055000000000018e-02
1.827379000000000156e-02
