2.419713000000000072e-02
2.439675999999999997e-02
1.947683999999999874e-02
1.939402000000000140e-02
2.260844999999999869e-02
2.304845000000000158e-02
2.344670000000000087e-02
2.542948999999999904e-02
3.414310000000000261e-02
4.466621999999999953e-02
4.981239999999999973e-02
4.637858000000000258e-02
4.783820999999999907e-02
3.274447999999999942e-02
2.872026000000000093e-02
2.427092999999999959e-02
2.463252000000000150e-02
4.589139999999999886e-02
7.464983000000000035e-02
1.198583000000000010e-01
1.370845599999999942e-01
1.294762000000000135e-01
1.339949199999999896e-01
9.316513999999999351e-02
6.011737000000000331e-02
3.979918000000000344e-02
2.617078000000000113e-02
2.851292000000000063e-02
2.433739999999999862e-02
2.591473000000000040e-02
2.639955999999999900e-02
3.463578999999999963e-02
3.922939000000000287e-02
5.086658000000000152e-02
5.256116999999999734e-02
4.052493000000000067e-02
3.820102999999999693e-02
2.933492000000000044e-02
2.888148000000000104e-02
2.994693000000000008e-02
2.894075999999999940e-02
2.881123000000000017e-02
2.650421000000000027e-02
2.004776999999999948e-02
1.930474000000000079e-02
2.156688000000000008e-02
2.152054999999999940e-02
1.968904000000000140e-02
2.147293000000000118e-02
2.142356000000000121e-02
2.230009999999999978e-02
2.354933999999999847e-02
1.938795999999999922e-02
2.006789999999999963e-02
2.072683999999999985e-02
2.271874999999999936e-02
2.351409000000000138e-02
2.547587000000000115e-02
2.600316999999999906e-02
2.426508999999999958e-02
1.965574999999999961e-02
2.075493000000000129e-02
2.054908000000000082e-02
1.818004000000000148e-02
