2.021941999999999837e-02
2.088347000000000120e-02
2.324903000000000039e-02
2.138767999999999919e-02
1.825273999999999994e-02
1.856591999999999965e-02
1.776354000000000127e-02
1.817411000000000026e-02
1.830133999999999928e-02
1.981267000000000097e-02
1.908707999999999932e-02
1.965203999999999909e-02
2.094624999999999959e-02
2.037330999999999864e-02
2.830511999999999959e-02
2.445780999999999997e-02
2.382640000000000105e-02
2.085551000000000071e-02
1.806226999999999833e-02
1.845631000000000008e-02
2.525803999999999896e-02
3.735610999999999793e-02
4.487150000000000166e-02
5.047261000000000108e-02
5.170278999999999847e-02
4.867322999999999789e-02
4.470491000000000048e-02
3.108361000000000110e-02
2.527572000000000152e-02
2.008242000000000013e-02
1.924152000000000154e-02
1.850148999999999891e-02
1.941415999999999975e-02
2.077601999999999921e-02
2.283719000000000027e-02
2.387536000000000172e-02
2.925103000000000078e-02
3.254964999999999942e-02
2.593035000000000131e-02
2.171744000000000105e-02
1.994844999999999952e-02
1.893879999999999869e-02
1.890340000000000076e-02
1.907102000000000103e-02
2.130587000000000106e-02
1.951125999999999902e-02
2.006896000000000027e-02
2.042646999999999866e-02
2.092894000000000004e-02
1.952094000000000051e-02
1.942709999999999923e-02
1.893877999999999881e-02
1.929287000000000016e-02
2.031149999999999969e-02
2.141182999999999975e-02
1.973369000000000165e-02
1.832707000000000086e-02
2.042439000000000060e-02
2.277411999999999839e-02
2.330076999999999843e-02
2.235420999999999936e-02
2.559501999999999958e-02
2.332599999999999951e-02
1.754135000000000069e-02
