1.667559000000000055e-02
1.840038999999999911e-02
1.909674000000000094e-02
2.053345999999999991e-02
2.081542000000000114e-02
2.181206000000000117e-02
2.189982000000000040e-02
2.222982999999999904e-02
2.012337999999999974e-02
1.845184000000000060e-02
1.789195000000000021e-02
1.778561000000000031e-02
1.865533999999999942e-02
2.039376999999999857e-02
2.162520000000000067e-02
2.280926999999999955e-02
2.124863999999999919e-02
2.039683999999999942e-02
2.290943000000000146e-02
2.402808999999999848e-02
2.131154000000000034e-02
1.898750000000000090e-02
1.968233000000000135e-02
2.303178999999999990e-02
3.059063000000000060e-02
3.709147000000000138e-02
4.372989000000000043e-02
5.055227000000000331e-02
4.511528000000000066e-02
3.751290999999999654e-02
2.835775999999999922e-02
2.507790000000000019e-02
2.101924999999999974e-02
1.843503000000000155e-02
1.806680000000000091e-02
1.911206000000000016e-02
2.023261000000000157e-02
2.274168999999999843e-02
2.455086999999999894e-02
2.340650999999999843e-02
2.358881000000000172e-02
2.246145000000000086e-02
1.999491999999999936e-02
1.874316999999999997e-02
1.788421999999999928e-02
1.818246999999999919e-02
1.958390000000000131e-02
1.854309000000000165e-02
1.872286999999999910e-02
1.856497999999999829e-02
1.835432999999999856e-02
1.818963999999999998e-02
1.856338999999999906e-02
1.865794999999999954e-02
1.870441000000000117e-02
1.803797999999999860e-02
1.821539000000000144e-02
1.781898000000000162e-02
1.799573000000000145e-02
1.807639999999999941e-02
1.792882000000000156e-02
1.873406000000000030e-02
1.748227999999999935e-02
1.633884999999999851e-02
