1.698908999999999836e-02
1.963120999999999963e-02
1.917610999999999968e-02
1.926572999999999827e-02
2.159169999999999839e-02
2.056383999999999990e-02
1.840326000000000115e-02
1.868422000000000138e-02
1.936297999999999839e-02
1.933858999999999925e-02
1.942500999999999950e-02
2.127499000000000057e-02
2.298240000000000005e-02
2.584416000000000144e-02
2.320020000000000068e-02
2.070854000000000097e-02
2.112081999999999848e-02
2.189978999999999884e-02
2.192817999999999851e-02
2.037158000000000024e-02
2.116430999999999868e-02
2.142316000000000012e-02
2.070367000000000041e-02
2.089585999999999874e-02
2.288870000000000141e-02
2.182055999999999926e-02
1.993535000000000099e-02
2.026456999999999911e-02
2.564094999999999916e-02
2.923115000000000088e-02
3.380115999999999676e-02
3.786301000000000250e-02
3.935054000000000329e-02
3.304448000000000107e-02
2.839894000000000099e-02
2.417187000000000155e-02
2.151047999999999849e-02
1.971169000000000046e-02
1.912084000000000006e-02
2.190713000000000035e-02
2.267767999999999867e-02
2.193302000000000099e-02
2.206815000000000165e-02
2.164214999999999889e-02
2.101727999999999930e-02
2.011684000000000042e-02
2.027707999999999941e-02
2.011585000000000109e-02
1.874924000000000035e-02
1.853360000000000077e-02
1.814877999999999977e-02
1.798678000000000082e-02
1.823191999999999868e-02
1.831796000000000119e-02
1.841657999999999837e-02
1.819921999999999859e-02
1.862350000000000116e-02
1.862079000000000165e-02
1.883635000000000170e-02
1.818673000000000164e-02
1.825681999999999999e-02
1.868113000000000065e-02
1.691486999999999852e-02
1.550866000000000050e-02
