2.066319999999999962e-02
1.890344000000000052e-02
1.900048000000000015e-02
1.897621999999999851e-02
1.925616999999999954e-02
1.953095999999999999e-02
2.155632000000000034e-02
2.056122000000000158e-02
1.959794999999999940e-02
1.887613999999999959e-02
1.885815999999999881e-02
2.001531999999999964e-02
2.127066000000000026e-02
2.367435000000000025e-02
2.092870000000000147e-02
1.939412000000000080e-02
2.272288000000000086e-02
2.545448999999999976e-02
2.595406999999999922e-02
2.324160000000000115e-02
2.653099999999999903e-02
2.127485999999999960e-02
2.141298000000000160e-02
2.332686000000000134e-02
2.828605999999999829e-02
2.560136999999999829e-02
2.843611999999999876e-02
3.179453000000000140e-02
3.268167000000000294e-02
3.531780000000000336e-02
3.913588999999999957e-02
3.825013000000000024e-02
2.888784999999999964e-02
2.386438000000000101e-02
3.572327000000000141e-02
6.183696000000000331e-02
6.065150999999999876e-02
1.086162600000000061e-01
1.460137200000000135e-01
9.096142999999999590e-02
7.607118999999999687e-02
7.303674999999999751e-02
5.346999999999999670e-02
3.097534000000000051e-02
1.969923000000000160e-02
1.847597000000000128e-02
2.203439999999999913e-02
2.102891000000000135e-02
3.217910000000000215e-02
3.396874999999999895e-02
2.522761000000000101e-02
6.293443999999999428e-02
6.635009000000000046e-02
2.698503000000000013e-02
2.110880000000000048e-02
1.983298000000000005e-02
2.470375000000000001e-02
2.089565000000000172e-02
2.084193000000000157e-02
2.489339999999999956e-02
2.137164000000000078e-02
3.299440000000000012e-02
2.406689999999999871e-02
1.928418999999999967e-02
