1.563259999999999997e-02
2.299537000000000109e-02
2.358618999999999993e-02
3.810142999999999863e-02
4.279341999999999868e-02
4.365291000000000310e-02
3.165331999999999868e-02
6.293016999999999361e-02
7.509258000000000599e-02
8.949609999999999510e-02
6.389596000000000164e-02
3.829582000000000125e-02
2.365789999999999907e-02
2.978147000000000086e-02
5.281190000000000190e-02
6.241938999999999821e-02
1.327254900000000015e-01
2.334034700000000018e-01
2.099535600000000113e-01
2.553302599999999756e-01
3.450324499999999905e-01
1.299247699999999950e-01
1.840543400000000107e-01
5.130962000000000023e-02
2.929319999999999841e-02
2.266951999999999856e-02
2.213286000000000073e-02
2.229271000000000030e-02
3.423810000000000048e-02
5.721844999999999709e-02
7.282590999999999370e-02
7.630897999999999848e-02
8.717432999999999432e-02
8.675694000000000461e-02
5.577077999999999897e-02
2.569398000000000168e-02
3.580904000000000031e-02
3.112341999999999886e-02
4.324572000000000138e-02
3.016958999999999960e-02
2.486268999999999979e-02
3.131687999999999833e-02
2.452742999999999937e-02
2.736333000000000168e-02
2.428187999999999874e-02
2.305041000000000034e-02
2.641191000000000025e-02
2.153315999999999911e-02
2.215243000000000073e-02
2.668386999999999842e-02
3.395888999999999852e-02
3.321388000000000118e-02
3.331504999999999883e-02
4.129622000000000154e-02
3.178647999999999890e-02
2.364132999999999860e-02
1.919871000000000077e-02
2.609182999999999988e-02
2.009087999999999846e-02
2.813968000000000025e-02
3.893078999999999984e-02
3.321584000000000342e-02
2.157241000000000020e-02
2.070525999999999964e-02
