5.509159000000000278e-02
9.457762999999999587e-02
9.738465000000000316e-02
8.416817999999999522e-02
7.658156000000000685e-02
6.627634999999999776e-02
5.481994999999999924e-02
3.220869999999999983e-02
2.401630000000000084e-02
2.296602999999999839e-02
2.354507999999999948e-02
2.263665000000000121e-02
2.716816000000000023e-02
3.254606000000000166e-02
4.050266999999999756e-02
4.038006999999999708e-02
4.499133000000000299e-02
4.420000000000000318e-02
3.496958000000000011e-02
2.663994000000000084e-02
2.246884999999999855e-02
2.197653999999999927e-02
2.103077000000000071e-02
2.208368000000000136e-02
2.539639999999999953e-02
2.333837000000000064e-02
2.041671000000000111e-02
2.001282000000000061e-02
2.105724999999999958e-02
2.129721999999999865e-02
2.165701999999999905e-02
2.237996000000000082e-02
2.121328999999999923e-02
1.995252000000000137e-02
2.038840999999999917e-02
1.967516000000000057e-02
2.154456000000000079e-02
2.195427999999999963e-02
2.052471000000000156e-02
1.928915000000000143e-02
1.878644000000000147e-02
2.225649999999999851e-02
2.326241999999999893e-02
2.504081999999999836e-02
2.179634000000000085e-02
1.918645999999999893e-02
2.032855999999999899e-02
2.134652000000000077e-02
2.203342000000000148e-02
2.124851000000000170e-02
2.011599999999999847e-02
1.914510999999999991e-02
1.919366000000000128e-02
1.988724999999999868e-02
2.095187000000000091e-02
2.146705000000000141e-02
2.020169000000000131e-02
1.904590999999999923e-02
1.965760000000000077e-02
1.981174000000000129e-02
2.161553999999999906e-02
2.173780999999999977e-02
1.952405999999999933e-02
1.763572999999999877e-02
