1.916777999999999885e-02
3.325923000000000074e-02
4.343153000000000291e-02
7.513064999999999327e-02
7.856539999999999357e-02
8.538808999999999982e-02
8.640683000000000391e-02
8.476619999999999988e-02
6.796207999999999416e-02
7.058169999999999722e-02
6.084942000000000129e-02
3.964265000000000150e-02
2.986590000000000078e-02
2.534532999999999925e-02
2.255959000000000089e-02
2.140504999999999838e-02
2.106092000000000033e-02
2.245443999999999912e-02
2.311061999999999839e-02
2.429941000000000045e-02
2.705383999999999914e-02
2.857635999999999857e-02
2.528185000000000154e-02
2.209283000000000080e-02
1.961873000000000089e-02
1.967446999999999946e-02
2.083304999999999879e-02
2.092110000000000150e-02
2.155448000000000086e-02
1.974951999999999958e-02
1.881800999999999960e-02
1.903828000000000117e-02
1.833009999999999848e-02
1.795944999999999833e-02
1.830885999999999972e-02
1.869902000000000022e-02
1.944960999999999912e-02
1.923729000000000064e-02
1.932346999999999884e-02
1.932247999999999952e-02
1.873295000000000168e-02
1.883817000000000130e-02
1.986324999999999896e-02
1.964816000000000132e-02
1.900413999999999923e-02
1.975471000000000171e-02
1.949613999999999861e-02
1.885121000000000019e-02
1.991437000000000068e-02
1.930132000000000028e-02
1.928554000000000032e-02
1.824264999999999914e-02
1.871866999999999975e-02
2.070993000000000139e-02
2.106890999999999972e-02
2.044924000000000047e-02
2.056101999999999930e-02
1.892964999999999925e-02
1.915727000000000055e-02
1.938060999999999950e-02
2.003291000000000099e-02
2.009978999999999932e-02
2.120205999999999827e-02
1.664720999999999909e-02
