1.828462999999999963e-02
2.022391999999999940e-02
1.974628000000000147e-02
1.841744000000000020e-02
2.135174999999999920e-02
3.136954000000000131e-02
3.431502000000000163e-02
3.521207999999999977e-02
2.991606999999999947e-02
2.127193999999999960e-02
1.867918000000000009e-02
1.999375999999999931e-02
2.438674999999999871e-02
2.542335000000000081e-02
2.450725999999999946e-02
2.190210999999999894e-02
1.991799000000000000e-02
2.118027000000000104e-02
2.759616000000000152e-02
2.908337999999999895e-02
2.580444999999999961e-02
2.334100999999999884e-02
2.746735999999999969e-02
2.529127000000000111e-02
3.057696999999999846e-02
3.059262999999999913e-02
2.567089999999999997e-02
2.278981999999999883e-02
2.159590000000000121e-02
2.210221000000000061e-02
2.414103000000000082e-02
2.304958999999999827e-02
2.555506999999999918e-02
3.381154000000000104e-02
4.376175000000000204e-02
3.796853000000000034e-02
2.619389999999999913e-02
2.514057000000000097e-02
2.933142999999999861e-02
3.280712000000000211e-02
3.200186000000000003e-02
3.453720999999999874e-02
3.993304999999999771e-02
4.909871999999999848e-02
4.764953999999999718e-02
5.097448999999999730e-02
7.083530000000000382e-02
5.917883000000000171e-02
3.421152000000000221e-02
3.041003000000000109e-02
3.201240999999999809e-02
5.321096000000000159e-02
8.994017999999999458e-02
1.519253999999999882e-01
1.748401499999999997e-01
1.826564400000000032e-01
1.825561400000000056e-01
1.701048900000000086e-01
1.620335900000000051e-01
1.356086300000000078e-01
1.002109899999999998e-01
6.465078999999999965e-02
3.495870000000000227e-02
2.028022000000000158e-02
