2.024064999999999892e-02
2.589591000000000115e-02
2.608018999999999962e-02
2.527365000000000167e-02
2.422962000000000032e-02
2.298050000000000093e-02
2.125285999999999842e-02
1.909156000000000047e-02
1.828760000000000108e-02
1.845426999999999831e-02
1.864164000000000099e-02
1.866593000000000072e-02
1.863402000000000114e-02
1.971447999999999950e-02
2.032783000000000159e-02
2.025940999999999853e-02
2.062274999999999872e-02
2.001580999999999846e-02
1.894964999999999844e-02
1.891042999999999891e-02
1.777085999999999943e-02
1.821657999999999958e-02
1.775873000000000035e-02
1.768710999999999894e-02
1.819495000000000140e-02
1.825817000000000065e-02
1.772436999999999971e-02
1.785180000000000100e-02
1.782432999999999934e-02
1.783643000000000034e-02
1.767575000000000049e-02
1.795744000000000160e-02
1.797454999999999886e-02
1.790773999999999838e-02
1.766585999999999851e-02
1.761862999999999971e-02
1.801753999999999856e-02
1.798546999999999993e-02
1.844789999999999972e-02
1.765390000000000015e-02
1.770379999999999870e-02
1.785199000000000161e-02
1.825144999999999892e-02
1.864827999999999972e-02
1.861811999999999842e-02
1.775681000000000134e-02
1.767780999999999866e-02
1.788649999999999962e-02
1.772987999999999995e-02
1.771350000000000008e-02
1.821899999999999908e-02
1.769215000000000024e-02
1.786547000000000135e-02
1.789330999999999908e-02
1.810464000000000170e-02
1.847323999999999841e-02
1.837354999999999891e-02
1.802563000000000082e-02
1.770967000000000027e-02
1.769683000000000020e-02
1.784521999999999844e-02
1.799221999999999974e-02
1.760335000000000025e-02
1.574282000000000112e-02
