1.815842999999999971e-02
2.103483999999999909e-02
2.235449000000000117e-02
2.220609999999999945e-02
2.021039000000000169e-02
1.950458999999999873e-02
1.825602999999999948e-02
1.868896999999999919e-02
1.865433000000000022e-02
2.213638999999999885e-02
2.213083000000000064e-02
1.968496999999999955e-02
2.213974000000000150e-02
2.652238999999999985e-02
2.888637999999999970e-02
2.631584000000000007e-02
2.196584999999999857e-02
2.004424999999999957e-02
1.935233000000000092e-02
2.086255000000000054e-02
2.086085999999999843e-02
2.401526999999999828e-02
2.844651999999999945e-02
2.466764999999999930e-02
2.789598999999999898e-02
3.393184999999999951e-02
3.712042000000000119e-02
3.105312000000000003e-02
2.303279999999999911e-02
2.636667999999999998e-02
4.035851000000000022e-02
5.392369000000000329e-02
9.335063000000000388e-02
1.070559499999999969e-01
9.923058999999999352e-02
1.072132999999999975e-01
8.898243000000000125e-02
6.403999000000000497e-02
3.894261999999999724e-02
2.386129999999999848e-02
1.918848999999999902e-02
2.028305999999999859e-02
2.032213000000000075e-02
2.072583000000000064e-02
2.351313999999999835e-02
2.907567000000000138e-02
3.829715999999999676e-02
3.228272000000000086e-02
2.755410999999999971e-02
2.561831999999999998e-02
2.279660000000000020e-02
2.169220999999999996e-02
1.927007999999999846e-02
2.371902000000000038e-02
2.481620999999999827e-02
2.482757000000000019e-02
2.668645000000000045e-02
3.045217000000000063e-02
2.841464000000000142e-02
2.233568999999999832e-02
2.153290000000000065e-02
2.112928999999999849e-02
1.841519999999999962e-02
1.714682999999999832e-02
