1.766538000000000136e-02
1.884575000000000139e-02
1.845681999999999878e-02
1.781185999999999880e-02
1.870617999999999934e-02
2.081455999999999931e-02
2.331750999999999963e-02
2.505477000000000051e-02
2.520323999999999828e-02
2.083460000000000173e-02
1.884823000000000054e-02
1.894260999999999862e-02
1.936430999999999916e-02
2.088817000000000104e-02
2.343396999999999841e-02
2.341617000000000004e-02
2.049306000000000044e-02
1.906371000000000107e-02
1.992601000000000094e-02
2.204874000000000070e-02
2.406325999999999951e-02
2.625034999999999868e-02
2.517087999999999964e-02
2.111402999999999891e-02
2.106049999999999936e-02
2.458634999999999987e-02
2.471245999999999859e-02
2.154027000000000025e-02
1.983054999999999887e-02
1.889613999999999877e-02
2.084311000000000150e-02
2.134921999999999861e-02
2.201302000000000120e-02
2.187503999999999837e-02
2.472391999999999992e-02
2.529313999999999868e-02
2.534669999999999979e-02
2.566757000000000066e-02
2.264740000000000156e-02
2.070603999999999847e-02
2.003278000000000003e-02
2.254340000000000163e-02
2.608801999999999996e-02
2.758769000000000152e-02
2.745051999999999909e-02
3.007927000000000170e-02
4.365209999999999924e-02
4.285713000000000023e-02
3.842076999999999992e-02
3.139038000000000245e-02
2.291641000000000164e-02
2.445568999999999868e-02
3.009602999999999931e-02
5.271987999999999674e-02
7.305879999999999319e-02
9.029526000000000219e-02
9.791732999999999687e-02
1.025195500000000010e-01
1.011194599999999943e-01
8.763437999999999783e-02
7.460711999999999899e-02
5.594120000000000342e-02
2.897243000000000041e-02
1.747372000000000161e-02
