1.622281999999999891e-02
1.910007000000000024e-02
2.744796999999999862e-02
2.846676999999999888e-02
3.579584999999999712e-02
3.147453000000000056e-02
2.122622000000000050e-02
1.981673999999999936e-02
1.892301999999999873e-02
2.141501999999999989e-02
2.316332000000000113e-02
2.482755999999999852e-02
2.166444000000000009e-02
1.877911999999999984e-02
2.031702999999999981e-02
2.171417999999999959e-02
2.273212999999999970e-02
2.179584000000000035e-02
2.128485999999999920e-02
2.602091999999999947e-02
3.422714000000000312e-02
3.846895000000000175e-02
3.401028999999999858e-02
2.658053000000000152e-02
2.078986999999999849e-02
2.243449999999999958e-02
2.833375999999999950e-02
3.087581999999999827e-02
2.555446000000000106e-02
2.919810999999999934e-02
2.990102999999999858e-02
4.434605999999999965e-02
3.955224999999999713e-02
3.001354999999999995e-02
2.551555000000000142e-02
2.261198000000000027e-02
2.774942999999999854e-02
7.038476000000000454e-02
9.186120000000000396e-02
1.353233600000000036e-01
1.645778699999999872e-01
1.767278800000000039e-01
1.394801999999999986e-01
1.324550399999999961e-01
5.987710000000000254e-02
3.483813999999999661e-02
2.803941000000000072e-02
2.297826999999999856e-02
1.960790999999999923e-02
1.974522000000000083e-02
2.710856999999999850e-02
2.441509000000000040e-02
5.845725999999999700e-02
6.189901999999999904e-02
4.325807000000000263e-02
8.598427000000000153e-02
2.816267000000000076e-02
3.399078999999999989e-02
2.328194999999999917e-02
2.253658000000000050e-02
2.225167000000000117e-02
1.896300000000000069e-02
2.531442999999999888e-02
1.771483999999999906e-02
