1.781407000000000129e-02
1.913298999999999903e-02
1.942518000000000022e-02
1.945633000000000085e-02
1.972764000000000115e-02
1.868859000000000145e-02
1.804153000000000007e-02
1.837870999999999949e-02
2.049921000000000035e-02
2.051441000000000028e-02
2.068584000000000048e-02
1.984143000000000018e-02
1.835265000000000160e-02
1.820582999999999924e-02
1.951336999999999863e-02
2.067514999999999978e-02
1.965168000000000123e-02
1.895302999999999918e-02
1.865699999999999997e-02
1.828362999999999863e-02
2.063448999999999839e-02
2.359959000000000015e-02
2.249305000000000054e-02
1.946358000000000116e-02
1.834281999999999926e-02
1.924634000000000067e-02
1.988956999999999878e-02
2.121837000000000029e-02
2.101601999999999984e-02
1.910388000000000017e-02
1.778775000000000148e-02
1.831711000000000103e-02
2.008271000000000014e-02
1.958487000000000075e-02
1.958976999999999941e-02
1.899821999999999969e-02
2.120305999999999927e-02
2.280665000000000123e-02
2.162541999999999937e-02
2.019216999999999887e-02
1.813361000000000139e-02
1.844408000000000158e-02
2.007106999999999988e-02
2.202764000000000111e-02
2.352107999999999977e-02
2.312449999999999922e-02
2.502539999999999973e-02
2.474279999999999882e-02
2.574190999999999979e-02
2.454138000000000153e-02
2.496059000000000125e-02
2.532242000000000173e-02
2.179185000000000150e-02
2.669393000000000113e-02
3.025722000000000134e-02
4.272377000000000119e-02
5.718608000000000025e-02
7.103589999999999904e-02
8.595245999999999442e-02
9.291960999999999971e-02
1.004485299999999942e-01
9.734284999999999466e-02
5.381596000000000296e-02
1.727690000000000128e-02
