3.086051999999999892e-02
3.996214000000000016e-02
4.124466000000000243e-02
3.589557000000000164e-02
3.218374999999999708e-02
2.917785999999999991e-02
2.415194999999999842e-02
2.044146999999999978e-02
1.930215999999999876e-02
1.969022000000000133e-02
1.908162000000000053e-02
1.849761999999999934e-02
1.922953000000000162e-02
1.970422000000000146e-02
1.998074000000000031e-02
2.009707999999999981e-02
1.985726999999999978e-02
1.946035000000000126e-02
1.840492000000000170e-02
1.853424000000000044e-02
1.824483999999999828e-02
1.842492999999999909e-02
1.807688000000000003e-02
1.788551999999999850e-02
1.820058000000000092e-02
1.824438000000000101e-02
1.833684999999999829e-02
1.836818999999999952e-02
1.826995999999999828e-02
1.821141000000000079e-02
1.826295000000000002e-02
1.839711000000000124e-02
1.866535999999999890e-02
1.847392999999999952e-02
1.806340999999999850e-02
1.849367000000000025e-02
1.828389999999999876e-02
1.925417999999999921e-02
1.988351000000000007e-02
1.867771999999999835e-02
1.829814999999999914e-02
1.920200999999999852e-02
1.961274000000000003e-02
2.034296000000000021e-02
1.957472999999999852e-02
1.864137999999999906e-02
1.881545999999999913e-02
1.863669000000000089e-02
1.891899000000000011e-02
1.892502999999999894e-02
1.895265000000000144e-02
1.868204000000000045e-02
1.844782000000000019e-02
1.834432999999999897e-02
1.930000999999999939e-02
1.935107000000000146e-02
1.946567999999999909e-02
1.902502999999999833e-02
1.911766000000000160e-02
1.855377000000000068e-02
1.889122000000000023e-02
1.907143999999999853e-02
1.757225999999999927e-02
1.611227999999999966e-02
