1.709193000000000170e-02
2.391617000000000048e-02
3.286955999999999906e-02
5.841910000000000158e-02
8.185787999999999398e-02
8.145378000000000340e-02
8.302244000000000290e-02
8.004883999999999611e-02
7.330797999999999481e-02
7.833046999999999926e-02
6.965986000000000400e-02
5.369267999999999957e-02
3.769066000000000083e-02
2.382396000000000166e-02
2.005078000000000069e-02
1.930909999999999918e-02
1.976241999999999929e-02
2.361958999999999934e-02
2.397144000000000011e-02
2.217629999999999948e-02
2.618376999999999857e-02
2.865281000000000078e-02
2.500787999999999969e-02
2.106964999999999880e-02
2.241707000000000075e-02
2.379536999999999972e-02
2.174981999999999957e-02
2.020943999999999866e-02
2.184561000000000142e-02
2.228006999999999904e-02
2.227316000000000018e-02
2.081560999999999828e-02
1.942133999999999874e-02
1.922824999999999881e-02
1.970297999999999841e-02
1.912635000000000030e-02
1.958568999999999935e-02
2.029740000000000016e-02
1.991653000000000173e-02
1.862909000000000093e-02
1.901794000000000054e-02
2.031414999999999957e-02
2.051170999999999897e-02
1.975224000000000077e-02
1.843372000000000066e-02
1.844397000000000050e-02
1.919542000000000123e-02
1.944401000000000115e-02
2.059087000000000070e-02
2.131950999999999985e-02
1.881207999999999839e-02
1.901185999999999848e-02
1.928030999999999842e-02
2.136214000000000168e-02
2.303045999999999913e-02
2.151290999999999967e-02
1.983499000000000026e-02
1.879737999999999895e-02
1.853720999999999841e-02
1.884291999999999911e-02
1.869422999999999918e-02
1.973892999999999828e-02
1.804839000000000096e-02
1.641315999999999956e-02
