1.832709000000000074e-02
2.009647000000000169e-02
1.951235999999999943e-02
2.068240999999999830e-02
1.994838999999999987e-02
1.970134000000000121e-02
1.931744999999999990e-02
2.045202999999999952e-02
1.952442000000000066e-02
1.855253000000000110e-02
1.874694999999999834e-02
1.867200999999999930e-02
1.901510000000000006e-02
2.014403000000000027e-02
2.024217000000000030e-02
2.024079999999999976e-02
1.928848000000000021e-02
1.985647999999999927e-02
2.110068000000000013e-02
2.500459999999999836e-02
2.571711000000000136e-02
2.426878000000000021e-02
2.031755000000000019e-02
1.894532000000000160e-02
2.082600999999999897e-02
2.374124999999999847e-02
2.382288999999999934e-02
2.343691999999999998e-02
2.224136999999999989e-02
2.538075999999999874e-02
2.726999999999999910e-02
2.817483999999999961e-02
2.605889999999999943e-02
2.005024999999999863e-02
2.116859999999999922e-02
2.983857999999999996e-02
4.385719999999999896e-02
6.310225999999999336e-02
7.194912000000000529e-02
6.507512999999999492e-02
5.950951000000000157e-02
4.787567000000000211e-02
3.974870999999999960e-02
2.826897000000000090e-02
2.032213999999999895e-02
1.818254999999999871e-02
1.890413999999999983e-02
1.940748000000000126e-02
2.048093000000000136e-02
2.207705999999999905e-02
2.531368000000000160e-02
2.984755999999999868e-02
3.272789999999999727e-02
3.123186999999999838e-02
2.807772999999999866e-02
2.592353000000000018e-02
2.191916000000000003e-02
1.966040000000000149e-02
1.988948999999999925e-02
1.894956000000000071e-02
1.917701000000000128e-02
2.132714000000000137e-02
2.000452000000000133e-02
1.640915000000000082e-02
