3.668666000000000288e-02
7.338037999999999506e-02
1.076083899999999982e-01
1.169270599999999993e-01
1.181659099999999990e-01
1.114287699999999964e-01
9.549356000000000511e-02
7.646008999999999445e-02
5.356778999999999707e-02
4.530284999999999868e-02
3.650057000000000301e-02
2.352844999999999936e-02
2.156336000000000017e-02
2.138094999999999926e-02
2.384000000000000008e-02
2.564895000000000022e-02
3.245181999999999928e-02
3.704612999999999656e-02
3.552057000000000131e-02
3.278790000000000177e-02
3.247251000000000304e-02
2.632489000000000010e-02
2.372538999999999898e-02
2.297810999999999951e-02
2.309194999999999998e-02
2.016162999999999983e-02
2.039354000000000167e-02
2.041213000000000055e-02
2.143248999999999849e-02
2.191919999999999980e-02
1.883502000000000093e-02
2.015575000000000006e-02
1.974922999999999956e-02
1.871526999999999913e-02
2.005610999999999852e-02
1.978225999999999943e-02
1.907669000000000031e-02
1.980149000000000145e-02
2.512344999999999856e-02
2.259053999999999923e-02
2.196555999999999856e-02
2.157246999999999984e-02
2.092700999999999936e-02
2.340789999999999885e-02
2.679770000000000069e-02
2.532579999999999901e-02
2.125476000000000101e-02
1.907591999999999968e-02
1.905901999999999943e-02
1.945838000000000081e-02
2.105782999999999960e-02
2.191177999999999876e-02
2.247398000000000104e-02
2.120150000000000159e-02
2.003740999999999856e-02
2.014217999999999911e-02
2.182979000000000169e-02
2.428898999999999989e-02
2.197317000000000020e-02
2.021867999999999929e-02
1.894380000000000022e-02
1.795903000000000083e-02
1.776776000000000050e-02
1.778336999999999973e-02
