2.344691999999999957e-02
2.496235999999999941e-02
2.061475000000000113e-02
1.971356000000000150e-02
2.089223999999999942e-02
2.048689000000000066e-02
1.925419000000000089e-02
2.137937000000000171e-02
2.144456000000000140e-02
1.934599000000000041e-02
1.868119000000000030e-02
2.084977999999999831e-02
2.524917999999999954e-02
2.834684000000000162e-02
2.292305999999999858e-02
2.008969999999999853e-02
1.932586999999999847e-02
2.037355000000000069e-02
2.317166000000000017e-02
2.141217000000000120e-02
1.918061000000000071e-02
2.024652999999999869e-02
1.973613999999999924e-02
2.148042000000000007e-02
2.311614000000000030e-02
2.120348000000000024e-02
2.027964000000000155e-02
2.030846000000000040e-02
2.598866999999999844e-02
3.326373999999999997e-02
2.465461999999999862e-02
2.067957999999999949e-02
1.919047999999999934e-02
2.039192999999999908e-02
2.429722999999999952e-02
2.800307999999999964e-02
2.894402000000000086e-02
2.761237999999999887e-02
3.175052999999999903e-02
3.637531000000000098e-02
4.226060999999999707e-02
3.863163000000000014e-02
3.173099000000000058e-02
2.682466000000000017e-02
2.867632000000000167e-02
4.383738000000000218e-02
6.223121999999999682e-02
8.619448999999999861e-02
9.746556000000000664e-02
1.056752700000000017e-01
1.032374800000000065e-01
8.906477999999999617e-02
7.654822999999999489e-02
5.784983999999999960e-02
3.633792999999999745e-02
2.572239999999999943e-02
2.089825000000000016e-02
2.119980000000000128e-02
2.055736000000000022e-02
2.066795000000000090e-02
2.276330000000000020e-02
2.824174000000000129e-02
2.744258999999999935e-02
1.827298999999999937e-02
