1.659193000000000126e-02
1.863209999999999866e-02
2.213029999999999858e-02
2.487286000000000011e-02
3.391982999999999804e-02
2.714986000000000135e-02
1.946031999999999970e-02
1.953173000000000062e-02
1.934430999999999998e-02
1.991158000000000164e-02
2.087454000000000046e-02
2.279085000000000139e-02
2.161594999999999836e-02
1.829389000000000015e-02
1.883949999999999861e-02
2.113048000000000010e-02
2.219058000000000141e-02
2.072184999999999999e-02
2.160698000000000132e-02
2.614029000000000005e-02
3.179212000000000010e-02
3.205675000000000191e-02
3.644523000000000207e-02
2.777697000000000152e-02
2.163806000000000063e-02
1.922762000000000082e-02
2.339369000000000171e-02
2.251925000000000107e-02
2.237884999999999874e-02
2.418773999999999924e-02
2.096705000000000096e-02
3.150328000000000156e-02
3.215101000000000070e-02
3.079449999999999896e-02
2.578652999999999848e-02
2.138991000000000156e-02
2.076870000000000105e-02
4.158636999999999750e-02
5.018013000000000334e-02
6.826682000000000583e-02
6.953591000000000633e-02
1.102901300000000001e-01
1.078946100000000019e-01
1.078476299999999999e-01
5.588765999999999873e-02
4.626485999999999793e-02
3.249392999999999726e-02
2.370813000000000087e-02
1.962737999999999983e-02
2.111779000000000087e-02
2.104460999999999832e-02
2.310372000000000120e-02
2.947284000000000015e-02
3.330564999999999914e-02
4.308755000000000224e-02
4.799827000000000260e-02
3.652680999999999983e-02
2.851706999999999853e-02
2.594925000000000009e-02
2.316071000000000102e-02
2.169926000000000146e-02
2.023985000000000020e-02
1.788098999999999938e-02
1.651483999999999938e-02
