2.436711000000000085e-02
3.091589000000000143e-02
2.760721999999999829e-02
2.135822999999999888e-02
1.859434000000000087e-02
2.020326999999999887e-02
2.355714999999999892e-02
2.278801999999999911e-02
2.223359999999999920e-02
2.191212000000000021e-02
2.114970000000000044e-02
1.966257000000000074e-02
1.994653999999999872e-02
2.162605000000000083e-02
2.662290000000000142e-02
2.880189000000000013e-02
2.409860000000000127e-02
2.015397999999999842e-02
2.053173000000000151e-02
2.335635999999999962e-02
2.259981000000000143e-02
2.114626000000000006e-02
2.362929000000000071e-02
2.913332999999999895e-02
3.420023999999999981e-02
3.932509000000000005e-02
3.268619999999999859e-02
2.265019000000000060e-02
2.046566999999999831e-02
2.209494999999999862e-02
2.450292999999999916e-02
3.236854000000000120e-02
3.482724999999999710e-02
3.913976999999999734e-02
4.804307000000000022e-02
4.527753999999999807e-02
4.448912000000000005e-02
3.781385000000000302e-02
2.460255000000000081e-02
2.133911000000000141e-02
3.312281000000000253e-02
7.468850999999999962e-02
1.180352800000000063e-01
1.451091899999999990e-01
1.473903699999999928e-01
1.470955300000000021e-01
1.397531899999999994e-01
1.258779600000000110e-01
7.966885999999999413e-02
4.092868999999999674e-02
3.371964999999999685e-02
2.576758999999999994e-02
2.224688000000000013e-02
2.860918999999999962e-02
3.002269999999999939e-02
3.050985999999999976e-02
3.423570000000000085e-02
3.592613000000000056e-02
3.970081999999999778e-02
4.797469000000000039e-02
4.747003000000000333e-02
3.689680000000000043e-02
2.341787000000000035e-02
1.819631000000000026e-02
