1.810637000000000010e-02
1.971219999999999917e-02
1.892651999999999876e-02
1.957309999999999953e-02
1.945018999999999915e-02
1.844640999999999989e-02
1.785990999999999967e-02
1.801766999999999952e-02
1.907224000000000072e-02
2.035835000000000075e-02
2.021206000000000044e-02
1.909639999999999949e-02
1.847493000000000052e-02
2.011459000000000163e-02
1.952132999999999993e-02
2.046111000000000110e-02
2.030430999999999903e-02
1.977314000000000155e-02
1.884564000000000031e-02
1.802441999999999933e-02
1.898510999999999949e-02
2.019274999999999889e-02
1.952968999999999886e-02
1.880766000000000035e-02
1.829611000000000084e-02
1.896843000000000140e-02
2.003867999999999969e-02
2.230133000000000115e-02
2.051686999999999955e-02
1.983626999999999960e-02
2.070098000000000077e-02
2.135482000000000005e-02
2.115912000000000001e-02
2.008891999999999969e-02
1.911780000000000077e-02
2.024745999999999838e-02
2.207220999999999836e-02
2.378709000000000032e-02
2.244538000000000089e-02
2.052415999999999963e-02
2.177770000000000053e-02
2.439554999999999849e-02
2.598369000000000026e-02
2.671944000000000055e-02
2.316261000000000014e-02
2.036458000000000018e-02
2.140515000000000126e-02
2.701198000000000141e-02
3.645599000000000062e-02
4.802423000000000108e-02
5.591481000000000229e-02
5.587535999999999892e-02
5.783983999999999653e-02
5.744462000000000179e-02
5.051794999999999897e-02
3.850631000000000193e-02
2.921181999999999945e-02
2.571756999999999863e-02
2.179091999999999835e-02
1.918399999999999966e-02
1.919689999999999938e-02
1.933978999999999907e-02
1.831580999999999834e-02
1.643547000000000063e-02
