1.929134999999999878e-02
2.099824000000000135e-02
2.161918000000000173e-02
1.853925000000000017e-02
1.935293999999999903e-02
1.911720000000000086e-02
2.137702000000000005e-02
1.913064999999999904e-02
2.006679999999999922e-02
2.335111999999999952e-02
2.221526000000000056e-02
2.629302000000000028e-02
2.807468000000000116e-02
2.730126999999999901e-02
2.366874999999999882e-02
2.057285999999999837e-02
1.854911000000000060e-02
2.009048000000000084e-02
2.549707999999999836e-02
3.365927999999999976e-02
4.689369000000000176e-02
5.767967999999999706e-02
5.096643000000000007e-02
4.783195999999999976e-02
3.321435999999999833e-02
2.975486000000000103e-02
2.279994000000000118e-02
2.062662999999999996e-02
1.910836999999999952e-02
1.854358999999999869e-02
2.080587000000000061e-02
2.299798999999999941e-02
2.410680000000000114e-02
2.737018000000000090e-02
2.642326999999999870e-02
2.551453000000000054e-02
2.664228999999999903e-02
2.444357999999999947e-02
2.110037999999999844e-02
2.115393000000000134e-02
2.138788000000000147e-02
2.055221999999999952e-02
2.112309000000000062e-02
1.891349000000000155e-02
1.906234000000000053e-02
1.903857000000000119e-02
1.868770000000000153e-02
1.815249000000000029e-02
1.907732999999999998e-02
1.926457000000000169e-02
1.952941999999999872e-02
1.955437000000000147e-02
1.906147000000000050e-02
1.837377999999999928e-02
1.835281999999999886e-02
1.970304000000000152e-02
1.981176000000000118e-02
2.272597000000000159e-02
2.310660000000000144e-02
2.182929999999999940e-02
1.829077000000000133e-02
1.843293999999999835e-02
1.744079000000000115e-02
1.609150000000000164e-02
