1.822657000000000097e-02
1.902171000000000070e-02
1.880062999999999873e-02
1.868707999999999828e-02
1.883142999999999970e-02
1.934127000000000068e-02
1.988066000000000139e-02
2.230205999999999855e-02
2.479746999999999854e-02
2.216755999999999935e-02
2.132107000000000099e-02
2.077471999999999999e-02
1.910765999999999853e-02
1.935486000000000151e-02
2.198941999999999911e-02
2.323402000000000106e-02
2.182194999999999968e-02
1.888851000000000072e-02
1.873058999999999835e-02
1.859964000000000062e-02
2.323450000000000168e-02
2.853405999999999998e-02
2.542874999999999996e-02
1.963455999999999882e-02
1.827737000000000112e-02
2.129516999999999868e-02
2.325177000000000146e-02
2.268252000000000115e-02
2.106049999999999936e-02
1.834111000000000075e-02
1.898516000000000092e-02
2.066161000000000039e-02
2.155235999999999957e-02
2.050073000000000173e-02
2.020533999999999872e-02
1.985545000000000018e-02
2.362215999999999969e-02
2.509078000000000003e-02
2.172521999999999995e-02
1.865301000000000112e-02
1.782080999999999943e-02
1.975141999999999870e-02
2.271787000000000112e-02
2.382990000000000108e-02
2.336113999999999899e-02
2.331549000000000121e-02
2.653546000000000030e-02
2.773362000000000049e-02
2.905115000000000128e-02
2.758154000000000161e-02
2.499470000000000164e-02
2.248576000000000047e-02
1.957329999999999834e-02
2.410676999999999959e-02
3.227387999999999785e-02
4.164944999999999758e-02
5.286928999999999934e-02
6.011319999999999858e-02
6.470752000000000448e-02
6.465640999999999750e-02
6.394924000000000441e-02
5.670556000000000207e-02
3.195732999999999907e-02
1.681612000000000037e-02
