2.069096000000000130e-02
2.580856999999999943e-02
2.237149000000000082e-02
2.026116000000000028e-02
2.216589999999999880e-02
2.563181999999999960e-02
2.849629000000000051e-02
2.888156999999999877e-02
2.897440999999999905e-02
2.855902000000000093e-02
2.311057999999999862e-02
1.976452999999999890e-02
1.884684999999999833e-02
2.271478999999999859e-02
2.459814000000000098e-02
2.927367000000000163e-02
2.445444999999999910e-02
2.230764000000000011e-02
2.761718000000000159e-02
4.299967999999999846e-02
3.989890000000000103e-02
2.954814999999999872e-02
2.557798999999999837e-02
2.158631000000000091e-02
2.744192000000000159e-02
5.015880999999999812e-02
8.244237999999999567e-02
1.122563099999999980e-01
1.262281500000000112e-01
1.096551899999999996e-01
9.516489999999999672e-02
8.455962999999999674e-02
6.464148000000000116e-02
3.696052999999999839e-02
2.233751999999999960e-02
1.897538000000000002e-02
2.224842000000000139e-02
2.397737000000000132e-02
2.561712999999999837e-02
3.327490999999999782e-02
3.500870999999999844e-02
3.701265000000000110e-02
3.486805999999999933e-02
3.267595000000000222e-02
2.741359999999999977e-02
2.195151000000000047e-02
1.994285000000000155e-02
2.082685000000000092e-02
2.290065999999999977e-02
2.614850000000000160e-02
2.710248000000000171e-02
2.400510000000000144e-02
2.209993000000000027e-02
2.071780999999999970e-02
1.987763999999999850e-02
2.072097999999999995e-02
2.057138000000000022e-02
2.046892000000000156e-02
2.032018000000000019e-02
2.443303999999999962e-02
2.453028999999999973e-02
2.049621000000000082e-02
1.814814999999999831e-02
1.781481999999999857e-02
