1.854391999999999846e-02
2.104858000000000076e-02
2.085971000000000006e-02
2.568217000000000069e-02
3.445423000000000235e-02
3.320986000000000077e-02
3.006612000000000173e-02
3.971171999999999896e-02
5.618915000000000021e-02
7.587019999999999875e-02
6.778352999999999462e-02
4.373508000000000256e-02
3.084713000000000038e-02
2.458255999999999983e-02
3.100361000000000089e-02
5.684112000000000192e-02
8.006420999999999677e-02
1.147926199999999980e-01
1.540113499999999913e-01
1.727702799999999983e-01
1.760947900000000010e-01
1.396675000000000000e-01
1.031823800000000041e-01
5.978831999999999897e-02
3.221732000000000068e-02
2.392114000000000046e-02
2.089770000000000169e-02
2.148248999999999992e-02
2.877781999999999910e-02
4.361693999999999988e-02
4.340424999999999839e-02
6.252707999999999877e-02
6.684979500000000352e-02
6.558105499999999921e-02
4.700313999999999881e-02
2.738835499999999964e-02
2.339124000000000064e-02
2.399996000000000074e-02
2.856621999999999981e-02
2.988770999999999789e-02
2.668254500000000196e-02
2.643808500000000006e-02
2.744974000000000025e-02
2.295753999999999850e-02
2.075807999999999820e-02
2.104560999999999932e-02
2.215190000000000214e-02
2.140500000000000042e-02
2.061343499999999940e-02
2.104541000000000051e-02
2.551358000000000098e-02
2.856229999999999880e-02
2.913535500000000167e-02
2.855507000000000184e-02
2.717413999999999941e-02
2.423155000000000101e-02
2.269931500000000116e-02
2.132636499999999991e-02
1.943936500000000012e-02
2.095918999999999907e-02
2.718652499999999958e-02
3.104355500000000045e-02
2.308949999999999891e-02
1.899789999999999812e-02
