1.785014999999999866e-02
2.063355999999999871e-02
1.966125000000000164e-02
2.032712999999999881e-02
2.181061000000000111e-02
2.799892000000000006e-02
3.053180999999999951e-02
3.086478000000000138e-02
2.605661999999999909e-02
2.081314999999999901e-02
1.936198999999999906e-02
2.142304000000000083e-02
2.701802000000000023e-02
2.693879999999999886e-02
2.582568999999999837e-02
2.209909999999999999e-02
2.014385999999999954e-02
2.096090000000000106e-02
2.362335999999999950e-02
2.566368000000000121e-02
2.388240000000000154e-02
2.265450000000000103e-02
2.546137000000000053e-02
2.496939999999999923e-02
2.821954999999999950e-02
2.757093000000000044e-02
2.519545999999999938e-02
2.244136999999999868e-02
2.025965000000000057e-02
2.183459999999999915e-02
2.355039999999999911e-02
2.333481999999999917e-02
2.365936999999999901e-02
2.805353000000000013e-02
3.035356999999999986e-02
2.624361999999999875e-02
2.351144999999999971e-02
2.191268999999999856e-02
2.102276999999999965e-02
2.154261999999999844e-02
2.125811999999999841e-02
2.193420999999999912e-02
2.498221000000000122e-02
2.863005000000000064e-02
3.159442999999999974e-02
3.380036000000000151e-02
4.093397000000000008e-02
3.865725999999999885e-02
3.037652999999999881e-02
2.400201000000000071e-02
2.156471000000000082e-02
2.898912999999999837e-02
3.952317000000000330e-02
7.509319000000000410e-02
9.101283999999999763e-02
1.031599299999999969e-01
1.119118499999999933e-01
1.134330399999999989e-01
1.089268300000000023e-01
8.744422999999999779e-02
6.597371999999999959e-02
3.859996000000000260e-02
2.467135999999999982e-02
1.838004000000000027e-02
