3.385840999999999851e-02
5.422712999999999839e-02
5.209855000000000042e-02
2.804805999999999966e-02
2.431983999999999882e-02
2.319266000000000036e-02
3.958170999999999912e-02
6.510098000000000273e-02
1.043745600000000051e-01
1.465982299999999960e-01
1.624709199999999909e-01
1.551513399999999987e-01
1.602563399999999971e-01
1.282207200000000102e-01
1.048387300000000050e-01
7.368444999999999856e-02
5.003541000000000238e-02
3.365881999999999902e-02
2.258893999999999833e-02
2.147071999999999870e-02
2.142140000000000016e-02
2.253890000000000060e-02
3.048914999999999959e-02
4.040010000000000129e-02
4.846580999999999806e-02
4.766101999999999839e-02
3.862725000000000186e-02
2.809280999999999931e-02
2.272973999999999828e-02
2.050068999999999850e-02
2.331503999999999868e-02
2.346857999999999930e-02
2.526822000000000096e-02
2.667804000000000009e-02
2.435048999999999894e-02
2.480231000000000102e-02
2.085433999999999899e-02
1.995316000000000103e-02
2.044042000000000081e-02
1.976017999999999872e-02
1.961279000000000147e-02
1.919784999999999894e-02
1.859094000000000024e-02
1.889122000000000023e-02
1.953022999999999912e-02
2.037411999999999904e-02
2.101580999999999935e-02
2.153771999999999978e-02
1.987285999999999914e-02
1.912207000000000143e-02
1.988178000000000167e-02
2.035243000000000121e-02
2.053556000000000131e-02
2.025365000000000151e-02
1.925175000000000150e-02
1.878093999999999944e-02
1.840139000000000011e-02
1.929194000000000048e-02
1.945016000000000106e-02
2.101066999999999865e-02
2.185010000000000077e-02
2.045931999999999959e-02
1.830009999999999970e-02
1.708428999999999851e-02
