2.044363000000000083e-02
2.363925000000000054e-02
2.296888999999999875e-02
2.513724999999999987e-02
2.303656000000000106e-02
2.263572000000000153e-02
2.315474000000000004e-02
2.768593000000000096e-02
3.489637000000000294e-02
3.429915000000000047e-02
2.793963000000000002e-02
2.678024000000000029e-02
2.107544999999999905e-02
1.938799999999999898e-02
2.645408999999999955e-02
3.473833999999999950e-02
2.620627999999999846e-02
2.180756999999999834e-02
1.952316999999999941e-02
1.966613999999999862e-02
3.143482000000000220e-02
4.266527999999999987e-02
3.788115000000000232e-02
2.490995000000000015e-02
2.104813000000000170e-02
2.442555999999999894e-02
2.959803000000000087e-02
3.413858000000000170e-02
2.482343999999999870e-02
2.084085000000000104e-02
2.272688000000000139e-02
2.379813999999999888e-02
2.750860999999999931e-02
2.665009000000000128e-02
2.104392999999999889e-02
2.323733000000000049e-02
2.871448000000000056e-02
3.321512000000000076e-02
2.849714000000000066e-02
2.248713000000000101e-02
2.021405999999999897e-02
3.021313000000000124e-02
4.051935999999999732e-02
4.617773000000000017e-02
4.509073999999999721e-02
4.162682999999999661e-02
4.675900000000000195e-02
5.023484000000000282e-02
5.641874000000000194e-02
4.643930999999999754e-02
4.156250999999999696e-02
3.838914000000000215e-02
3.926816999999999808e-02
9.454883999999999511e-02
1.218667799999999940e-01
1.474359299999999928e-01
1.787925499999999945e-01
1.984669699999999926e-01
2.063465100000000108e-01
1.794943400000000022e-01
1.473007899999999870e-01
1.250177299999999936e-01
6.050795999999999952e-02
1.956331999999999863e-02
