2.744330000000000033e-02
4.136623999999999857e-02
4.504612000000000199e-02
5.513992000000000199e-02
4.993598999999999954e-02
3.293270999999999699e-02
2.281071999999999961e-02
2.001899000000000040e-02
2.925650999999999946e-02
3.130858000000000252e-02
2.916333999999999940e-02
3.181648000000000115e-02
3.694026999999999727e-02
5.821047000000000027e-02
6.717048999999999936e-02
6.380302000000000195e-02
6.547168999999999905e-02
5.214349000000000067e-02
2.350667000000000034e-02
2.126979999999999843e-02
7.226283999999999486e-02
1.466222100000000028e-01
1.933455199999999929e-01
2.084133599999999920e-01
2.493730899999999917e-01
2.585505200000000059e-01
2.113500700000000010e-01
1.422272499999999995e-01
7.160956000000000266e-02
3.966816000000000092e-02
2.603186999999999862e-02
2.491147999999999973e-02
3.260294999999999860e-02
4.304539999999999755e-02
5.787546999999999831e-02
6.185540999999999956e-02
8.339862000000000664e-02
1.010646699999999953e-01
9.039332999999999396e-02
5.077733000000000246e-02
3.451735999999999693e-02
2.692889000000000047e-02
2.408615999999999882e-02
3.267107999999999818e-02
3.931964999999999766e-02
2.984933000000000031e-02
2.602611000000000160e-02
2.900836999999999860e-02
2.751641000000000156e-02
2.428670000000000134e-02
2.468151999999999846e-02
2.290147999999999837e-02
2.226532999999999984e-02
2.834760999999999878e-02
3.102455000000000143e-02
2.607883999999999897e-02
2.168797999999999906e-02
2.463662000000000143e-02
2.910284999999999955e-02
2.941275999999999960e-02
2.670745999999999884e-02
2.619292999999999969e-02
2.465072999999999917e-02
1.805661999999999892e-02
