1.884716999999999990e-02
2.970010000000000011e-02
2.771333999999999950e-02
2.570835000000000134e-02
2.459429000000000129e-02
2.576087999999999989e-02
2.339808000000000165e-02
2.846378999999999923e-02
3.043374999999999900e-02
3.446300000000000058e-02
2.869750999999999899e-02
2.657663000000000039e-02
2.128754999999999883e-02
2.244826000000000113e-02
2.352018999999999985e-02
3.368063000000000307e-02
2.779196000000000097e-02
2.605839000000000072e-02
3.088596000000000050e-02
4.261635999999999896e-02
5.910056000000000337e-02
3.788244000000000333e-02
3.448832999999999760e-02
3.766061999999999882e-02
3.114193000000000169e-02
5.003787999999999986e-02
6.388765999999999889e-02
1.889883900000000061e-01
2.136635299999999904e-01
1.915593600000000118e-01
1.994031199999999893e-01
1.935832899999999912e-01
1.701308800000000121e-01
8.255455999999999905e-02
3.949826000000000031e-02
3.140119000000000243e-02
2.466441999999999940e-02
2.994091000000000113e-02
2.985031999999999963e-02
4.242611000000000299e-02
5.530790000000000012e-02
6.436458000000000457e-02
5.811758000000000202e-02
5.017243999999999871e-02
4.691479999999999956e-02
2.841155999999999890e-02
2.031374999999999847e-02
2.364302000000000070e-02
2.550586999999999993e-02
3.081524999999999889e-02
2.999678999999999887e-02
2.496158000000000057e-02
2.425965000000000066e-02
2.668687999999999963e-02
2.436189999999999883e-02
2.343939999999999912e-02
2.264955000000000093e-02
2.191169000000000103e-02
2.062090000000000103e-02
2.546257999999999855e-02
2.514183999999999863e-02
2.173388999999999877e-02
1.914462999999999929e-02
1.843006000000000158e-02
