3.118531000000000081e-02
4.039617999999999681e-02
3.158976000000000145e-02
3.171655999999999781e-02
2.256340999999999902e-02
2.030080999999999899e-02
1.987382000000000037e-02
2.241943000000000061e-02
2.354465000000000030e-02
2.464639000000000066e-02
2.230528000000000025e-02
2.899308999999999914e-02
3.313417999999999919e-02
4.121182000000000317e-02
4.789676999999999824e-02
3.258087999999999956e-02
2.991674999999999890e-02
2.260503000000000165e-02
2.617660999999999946e-02
4.198857000000000284e-02
7.565650000000000153e-02
1.336119299999999899e-01
1.346290099999999934e-01
1.208363799999999932e-01
1.165096300000000029e-01
8.609063000000000132e-02
5.757523999999999975e-02
3.987254999999999966e-02
2.321097000000000091e-02
1.971617000000000161e-02
2.435533999999999963e-02
2.396213000000000162e-02
2.491020000000000040e-02
3.484287999999999969e-02
4.154585999999999696e-02
3.822495000000000059e-02
4.235648000000000191e-02
4.256650000000000017e-02
3.316627999999999937e-02
2.564773999999999873e-02
2.515177000000000038e-02
2.424325000000000091e-02
2.090068000000000134e-02
2.193138000000000032e-02
2.489310000000000134e-02
2.517236000000000126e-02
2.219379999999999964e-02
2.134240000000000095e-02
2.013037000000000160e-02
2.046631999999999965e-02
2.388569999999999929e-02
2.336204999999999879e-02
2.052937999999999985e-02
2.040099999999999900e-02
2.045129999999999865e-02
1.949050000000000088e-02
2.151385000000000103e-02
2.925173999999999830e-02
3.193047000000000246e-02
2.588949999999999932e-02
2.115121000000000015e-02
1.881023000000000070e-02
1.739947000000000021e-02
1.719189999999999954e-02
