1.706082999999999905e-02
1.889029000000000055e-02
1.948913999999999855e-02
2.030409000000000033e-02
2.164678000000000088e-02
2.109066999999999886e-02
1.879675999999999916e-02
1.890887000000000123e-02
1.907669000000000031e-02
2.003455999999999987e-02
2.174326000000000036e-02
2.198560999999999918e-02
2.286209999999999978e-02
2.265688000000000077e-02
2.034597999999999962e-02
2.243529000000000009e-02
2.069148000000000168e-02
1.942218999999999890e-02
2.032828999999999886e-02
2.005509000000000111e-02
1.836600000000000038e-02
2.046117999999999895e-02
2.254776000000000002e-02
2.447043999999999955e-02
2.535081999999999960e-02
2.357414000000000037e-02
2.444547000000000039e-02
2.361890000000000170e-02
2.639620999999999981e-02
2.659848000000000073e-02
2.061773999999999898e-02
1.919608999999999899e-02
2.141333999999999946e-02
2.201041000000000109e-02
2.366145000000000054e-02
2.444709999999999939e-02
2.560428000000000009e-02
3.118995999999999921e-02
3.555432000000000037e-02
3.616309999999999664e-02
3.117928000000000019e-02
2.436755000000000171e-02
2.338230000000000169e-02
3.014201000000000033e-02
4.602389999999999953e-02
7.038603999999999694e-02
7.799802999999999598e-02
8.976944000000000590e-02
8.039691000000000198e-02
7.191841000000000206e-02
7.051069999999999560e-02
5.339554999999999996e-02
4.143212000000000284e-02
2.912108999999999878e-02
2.199972999999999859e-02
2.083580999999999975e-02
2.057973999999999914e-02
2.070788000000000142e-02
2.444856999999999933e-02
3.042985000000000134e-02
2.806608000000000019e-02
2.781428000000000025e-02
2.352177000000000087e-02
1.810368000000000047e-02
