1.810111999999999832e-02
2.043154000000000151e-02
2.049820000000000114e-02
2.430999000000000007e-02
2.509551999999999963e-02
2.528029000000000040e-02
2.468880999999999853e-02
2.173631999999999995e-02
1.959500999999999951e-02
2.585258000000000000e-02
2.690149999999999833e-02
2.156349000000000113e-02
2.640539000000000081e-02
2.799056000000000113e-02
2.630621000000000001e-02
2.741477999999999970e-02
3.664237000000000050e-02
3.288014000000000214e-02
2.928493999999999889e-02
2.360458000000000001e-02
2.115287999999999891e-02
2.396964000000000039e-02
3.902185999999999849e-02
3.014199999999999866e-02
3.448997000000000174e-02
3.145938000000000206e-02
5.837454999999999727e-02
6.434757000000000671e-02
5.819653000000000326e-02
4.453986000000000056e-02
2.776183999999999943e-02
2.168592999999999910e-02
4.856661999999999785e-02
9.482943000000000622e-02
1.362720600000000004e-01
1.883919500000000025e-01
2.204623699999999908e-01
2.185807399999999956e-01
1.654240299999999997e-01
1.112494100000000069e-01
5.609983000000000330e-02
3.452088999999999852e-02
2.703590999999999980e-02
2.597127999999999937e-02
2.414320999999999828e-02
2.957508000000000012e-02
3.881586000000000064e-02
3.723478000000000204e-02
4.635372000000000103e-02
5.745999999999999719e-02
5.819078999999999918e-02
5.547971000000000152e-02
3.649895000000000223e-02
3.121437000000000170e-02
3.048943999999999960e-02
3.014723000000000055e-02
3.754829999999999973e-02
3.696147999999999795e-02
2.895763000000000156e-02
3.026094000000000006e-02
3.543626999999999888e-02
4.238561999999999885e-02
3.309349000000000318e-02
1.988948999999999925e-02
