2.091194000000000039e-02
2.137616000000000169e-02
2.093358000000000024e-02
2.212694000000000119e-02
2.158917000000000128e-02
1.943419000000000049e-02
1.934910000000000102e-02
2.149544000000000107e-02
2.701788999999999927e-02
2.965680000000000052e-02
2.567088000000000009e-02
2.500439999999999954e-02
2.122517999999999974e-02
1.859767999999999838e-02
2.575668999999999875e-02
2.860350999999999866e-02
2.618045000000000094e-02
2.184147000000000172e-02
2.043058000000000027e-02
1.915970999999999994e-02
2.524231000000000044e-02
3.559558000000000166e-02
3.087555999999999981e-02
2.215224000000000013e-02
1.981650999999999899e-02
2.535112000000000129e-02
2.690779000000000087e-02
3.117400000000000032e-02
2.539778999999999995e-02
2.111444999999999989e-02
2.054436999999999930e-02
2.493097999999999842e-02
2.693262999999999907e-02
2.358820999999999835e-02
2.363016000000000075e-02
2.385579999999999992e-02
3.308940999999999966e-02
3.573848000000000302e-02
2.656296000000000004e-02
2.115188999999999958e-02
1.974516999999999939e-02
2.429382000000000069e-02
3.045861000000000054e-02
3.920387000000000177e-02
3.825572000000000000e-02
3.348236999999999741e-02
4.028057000000000165e-02
4.156892999999999699e-02
4.318384000000000111e-02
3.599804000000000198e-02
3.604999999999999871e-02
3.079176999999999956e-02
2.233233000000000093e-02
4.376473000000000169e-02
6.618005999999999889e-02
1.035094000000000014e-01
1.394274500000000083e-01
1.685401199999999877e-01
1.941145800000000088e-01
1.871580800000000044e-01
1.761442699999999917e-01
1.527016499999999943e-01
7.720048999999999662e-02
1.926436999999999941e-02
