1.739862000000000006e-02
1.824527000000000093e-02
2.029469000000000065e-02
2.039109000000000060e-02
2.541513000000000105e-02
2.291597999999999899e-02
1.908063000000000120e-02
1.881446999999999981e-02
1.826732000000000009e-02
1.855062000000000030e-02
2.069104999999999903e-02
2.161102999999999982e-02
1.949491000000000071e-02
1.931203000000000086e-02
1.908585999999999963e-02
2.057613999999999971e-02
1.927666999999999922e-02
2.040609000000000173e-02
2.022907999999999998e-02
2.078338999999999881e-02
2.641668999999999962e-02
2.639632000000000089e-02
2.843655000000000141e-02
2.675169999999999979e-02
2.160638000000000142e-02
2.008311000000000124e-02
2.188613999999999837e-02
2.254812999999999956e-02
2.106053999999999912e-02
2.277534999999999976e-02
2.590309000000000014e-02
3.202313999999999855e-02
3.203229999999999966e-02
2.845815999999999971e-02
2.631189000000000097e-02
2.324046999999999918e-02
1.970241000000000006e-02
2.723186000000000009e-02
4.475935000000000330e-02
5.921341000000000104e-02
7.615038999999999836e-02
9.596735000000000682e-02
1.030369500000000021e-01
8.974501000000000006e-02
6.828228000000000075e-02
5.106887000000000232e-02
3.441378999999999966e-02
2.686552000000000037e-02
2.127095999999999848e-02
2.044011999999999912e-02
2.167799000000000115e-02
2.272532999999999845e-02
3.168855000000000283e-02
3.454807000000000017e-02
5.223172000000000231e-02
5.838784999999999809e-02
4.721973000000000142e-02
3.819237000000000326e-02
3.378765999999999714e-02
2.895856000000000124e-02
2.545294000000000029e-02
2.073399999999999896e-02
1.968442999999999929e-02
1.702367999999999937e-02
