1.773467999999999919e-02
2.010133000000000059e-02
1.979155999999999971e-02
2.283013000000000056e-02
2.962756999999999891e-02
2.883586000000000135e-02
2.626652000000000153e-02
3.081433000000000089e-02
3.987601999999999813e-02
5.642787999999999971e-02
5.557676999999999756e-02
3.793059000000000014e-02
2.697746999999999992e-02
2.172549000000000008e-02
2.842493999999999924e-02
5.502064000000000260e-02
6.365323999999999982e-02
8.204926999999999360e-02
1.074806299999999937e-01
1.277225200000000060e-01
1.201797799999999999e-01
9.593174999999999619e-02
7.369886000000000492e-02
4.149843999999999755e-02
2.499579999999999858e-02
2.073751000000000067e-02
1.930940000000000087e-02
2.082265999999999978e-02
2.833915000000000045e-02
3.590958000000000344e-02
3.727720999999999812e-02
4.313188999999999912e-02
4.443393000000000342e-02
4.144971000000000072e-02
3.328248000000000317e-02
2.312571000000000071e-02
2.013608999999999885e-02
2.131308000000000161e-02
2.463542999999999983e-02
2.502037999999999832e-02
2.246936999999999893e-02
2.268130999999999967e-02
2.299997000000000152e-02
2.059824000000000030e-02
1.929267999999999955e-02
1.857784000000000171e-02
1.925947999999999896e-02
1.985067000000000081e-02
1.898994000000000029e-02
1.992746999999999921e-02
2.265326999999999966e-02
2.414673999999999987e-02
2.390130000000000032e-02
2.293374000000000107e-02
2.235948999999999923e-02
2.150169999999999859e-02
2.007719999999999991e-02
1.939389000000000043e-02
1.917349999999999957e-02
2.038768999999999998e-02
2.359837999999999866e-02
2.500308999999999865e-02
2.213597999999999955e-02
1.703119000000000161e-02
