1.772786000000000153e-02
2.716754999999999864e-02
6.755700000000000593e-02
1.051065800000000050e-01
1.318432700000000124e-01
1.665842399999999945e-01
1.812535700000000027e-01
1.491190799999999872e-01
1.416930899999999938e-01
1.186641799999999941e-01
9.041148999999999714e-02
6.081099999999999700e-02
3.855897999999999964e-02
2.649732999999999949e-02
2.418245000000000117e-02
2.211395999999999848e-02
2.551443000000000114e-02
2.742930000000000021e-02
3.092349999999999960e-02
3.579119000000000050e-02
4.428392999999999913e-02
4.021099999999999675e-02
3.286787000000000042e-02
2.772200000000000011e-02
2.343326000000000089e-02
2.556719000000000006e-02
2.649680999999999911e-02
2.498183000000000001e-02
2.596443999999999835e-02
2.323184999999999834e-02
1.990634999999999974e-02
2.083159999999999873e-02
2.127969000000000041e-02
1.945606000000000071e-02
1.984841999999999856e-02
2.066114999999999965e-02
2.295745999999999898e-02
2.275067999999999882e-02
2.228921000000000027e-02
2.218666999999999861e-02
2.258349000000000120e-02
2.469992999999999841e-02
2.355507999999999907e-02
2.054983000000000157e-02
2.188009999999999955e-02
2.475954000000000002e-02
2.407441999999999915e-02
2.115637999999999894e-02
2.128255999999999898e-02
2.100675000000000112e-02
1.924274000000000123e-02
2.100170999999999982e-02
2.305439000000000099e-02
2.512475000000000125e-02
2.395287999999999931e-02
2.171458000000000069e-02
2.152338000000000168e-02
2.283574999999999841e-02
2.174989999999999910e-02
2.192275999999999947e-02
2.066807999999999840e-02
1.969090000000000076e-02
2.016874000000000097e-02
1.718195000000000139e-02
