1.683528999999999928e-02
2.130376999999999965e-02
2.338782999999999834e-02
2.156144000000000116e-02
2.214792999999999970e-02
2.219341000000000022e-02
1.989778999999999853e-02
2.085827000000000167e-02
2.434307000000000137e-02
2.460499000000000019e-02
2.297737999999999864e-02
2.362956999999999905e-02
2.042332999999999996e-02
2.057669999999999985e-02
1.945327000000000167e-02
2.285388000000000003e-02
2.286227999999999871e-02
2.160721000000000169e-02
2.006252999999999856e-02
2.129508000000000095e-02
2.501679999999999876e-02
2.499583999999999834e-02
2.580088999999999994e-02
2.230044000000000123e-02
2.009046000000000096e-02
1.880526999999999893e-02
2.451907999999999865e-02
3.484265000000000279e-02
4.083524000000000181e-02
4.565674000000000121e-02
5.084837999999999858e-02
5.187773999999999858e-02
5.086747999999999964e-02
3.438924000000000147e-02
2.541695999999999886e-02
2.201430999999999874e-02
1.834716000000000125e-02
1.868962000000000054e-02
1.960376000000000132e-02
2.000075000000000117e-02
1.973766999999999883e-02
2.027431000000000025e-02
2.055146999999999877e-02
2.137340999999999894e-02
2.010346999999999829e-02
1.958628999999999926e-02
1.841537000000000035e-02
1.828625999999999863e-02
1.886455000000000076e-02
1.917595000000000063e-02
1.905963000000000102e-02
1.858189999999999842e-02
1.904590000000000102e-02
1.834664000000000086e-02
1.905996999999999900e-02
1.926879999999999912e-02
1.916210999999999956e-02
1.838468000000000047e-02
1.858102000000000018e-02
1.938716999999999871e-02
1.959019000000000038e-02
1.877045000000000102e-02
1.693636000000000100e-02
1.565207999999999877e-02
