3.027631000000000072e-02
3.450871999999999967e-02
2.384177000000000171e-02
1.928830000000000128e-02
2.267171000000000117e-02
2.909323000000000117e-02
2.793686999999999906e-02
2.778581999999999927e-02
3.535884999999999723e-02
4.508057000000000036e-02
5.425168999999999825e-02
6.071225000000000233e-02
6.023031000000000218e-02
4.991401000000000171e-02
3.673217000000000149e-02
2.367274000000000114e-02
2.435506999999999950e-02
4.653228000000000225e-02
8.410576999999999637e-02
1.245580099999999968e-01
1.635326599999999964e-01
1.915977199999999991e-01
1.524453199999999953e-01
1.230335000000000040e-01
8.534344000000000652e-02
6.234001000000000126e-02
3.478827999999999782e-02
2.240131999999999887e-02
2.642266000000000059e-02
2.854401000000000160e-02
3.240977999999999914e-02
4.552807999999999855e-02
5.574031000000000124e-02
7.813372000000000372e-02
6.342069999999999652e-02
5.037555999999999978e-02
4.167763000000000023e-02
3.511562000000000017e-02
2.877191999999999944e-02
3.124893999999999936e-02
3.049500000000000127e-02
3.253343999999999681e-02
3.036594999999999919e-02
2.150472000000000147e-02
1.949013000000000134e-02
2.331731999999999902e-02
2.328126999999999974e-02
2.037007000000000054e-02
2.238684000000000160e-02
2.287793999999999939e-02
2.839552000000000048e-02
2.779573000000000113e-02
2.365120000000000069e-02
2.135116999999999918e-02
2.365872000000000114e-02
2.527418000000000026e-02
2.565920999999999827e-02
2.569940000000000072e-02
2.850354999999999903e-02
2.501832000000000014e-02
2.109362999999999863e-02
2.439033000000000173e-02
2.344699000000000089e-02
1.809741000000000127e-02
