1.895169000000000020e-02
1.941593999999999959e-02
1.894679000000000155e-02
1.911826000000000150e-02
2.100333000000000061e-02
1.935728000000000101e-02
1.959645999999999957e-02
2.066636000000000167e-02
2.597359000000000126e-02
2.981823999999999933e-02
3.497200999999999782e-02
3.126882999999999746e-02
2.745602000000000112e-02
2.253573999999999855e-02
2.053902000000000158e-02
1.986283999999999966e-02
2.231827000000000116e-02
2.849097999999999908e-02
4.312772000000000133e-02
5.232885000000000314e-02
6.712097999999999676e-02
6.108129999999999810e-02
4.964422000000000279e-02
3.989969000000000154e-02
3.197015000000000273e-02
2.442454999999999973e-02
1.890226999999999880e-02
1.825453999999999966e-02
2.034122999999999834e-02
2.097219000000000166e-02
2.162632000000000096e-02
2.454454999999999831e-02
2.500443999999999931e-02
2.738134000000000054e-02
2.485300000000000009e-02
2.134172999999999973e-02
1.965197000000000124e-02
1.986125999999999864e-02
2.002570000000000044e-02
2.105949000000000015e-02
1.994314000000000156e-02
2.144760999999999890e-02
2.044272000000000103e-02
1.909370999999999985e-02
1.785337999999999856e-02
1.767049000000000050e-02
1.870863000000000040e-02
1.796897999999999898e-02
1.831897999999999860e-02
1.839305999999999927e-02
1.914947999999999997e-02
1.908086999999999978e-02
1.874657000000000059e-02
1.853062000000000112e-02
1.958092000000000166e-02
1.997820000000000151e-02
1.992205999999999838e-02
1.916848999999999983e-02
2.053674000000000124e-02
1.981774000000000036e-02
1.883703999999999934e-02
1.934024999999999980e-02
1.861488999999999852e-02
1.634412000000000018e-02
