2.096931000000000142e-02
2.786500000000000088e-02
2.987193999999999960e-02
3.565175999999999762e-02
3.750948999999999950e-02
3.081203000000000067e-02
2.226169000000000064e-02
2.925515000000000060e-02
3.207796999999999732e-02
2.261352999999999974e-02
2.759125999999999940e-02
2.372103999999999879e-02
2.526120000000000101e-02
2.199198000000000125e-02
3.609496999999999706e-02
3.381606000000000195e-02
2.640554999999999986e-02
3.054037000000000071e-02
2.861052999999999860e-02
5.273958000000000118e-02
6.320074999999999998e-02
5.272712000000000232e-02
3.724633000000000110e-02
2.419788000000000147e-02
3.114613999999999924e-02
4.070076999999999723e-02
4.492784999999999834e-02
3.743703000000000308e-02
4.516233000000000053e-02
6.078630000000000144e-02
8.070093999999999879e-02
9.313535000000000563e-02
7.359045999999999643e-02
3.122455000000000022e-02
2.753132999999999969e-02
5.111108000000000318e-02
9.374097000000000679e-02
2.021899699999999966e-01
2.815921900000000200e-01
2.562058600000000075e-01
2.322712799999999966e-01
2.080385700000000060e-01
1.550281500000000035e-01
8.672188999999999592e-02
4.216526000000000302e-02
2.891915999999999931e-02
2.424803999999999848e-02
2.777173999999999962e-02
3.381167000000000200e-02
4.477761999999999715e-02
6.535003000000000339e-02
8.589960000000000651e-02
9.456847999999999643e-02
9.181730000000000447e-02
7.537634000000000001e-02
6.271569999999999923e-02
4.013867000000000129e-02
2.611197999999999991e-02
2.455258999999999914e-02
2.524310999999999916e-02
2.565492000000000120e-02
3.741234000000000226e-02
3.582134000000000013e-02
2.338414000000000117e-02
