2.416275000000000020e-02
3.531266999999999739e-02
5.202938000000000007e-02
6.476621999999999935e-02
8.111353999999999786e-02
8.813110999999999862e-02
8.577640999999999738e-02
7.788386999999999394e-02
6.759592999999999852e-02
6.188881999999999717e-02
4.973317000000000015e-02
3.237911000000000261e-02
2.681895999999999933e-02
2.310440999999999884e-02
2.111218999999999943e-02
2.035574999999999884e-02
2.064834999999999934e-02
2.164545999999999831e-02
2.116057000000000007e-02
2.261623999999999926e-02
2.660581000000000057e-02
2.387417999999999832e-02
2.113334999999999866e-02
2.103286999999999865e-02
1.899085999999999830e-02
1.875258000000000133e-02
1.971960000000000032e-02
1.945405000000000051e-02
1.931915000000000021e-02
1.907758999999999844e-02
1.867475000000000038e-02
1.785300999999999902e-02
1.863267000000000048e-02
1.803553999999999921e-02
1.795860999999999985e-02
1.823090999999999948e-02
1.860633999999999899e-02
1.861973000000000100e-02
1.881299999999999986e-02
1.848636999999999850e-02
1.857918000000000069e-02
1.898485999999999924e-02
1.884022999999999948e-02
1.832734999999999920e-02
1.842159000000000157e-02
1.964716000000000032e-02
1.967978000000000088e-02
1.909415999999999891e-02
1.885148999999999853e-02
1.899705000000000144e-02
1.806958999999999996e-02
1.857964000000000143e-02
1.948648000000000047e-02
2.068974999999999981e-02
2.105432999999999957e-02
2.020366999999999996e-02
1.927556999999999882e-02
1.946072999999999900e-02
1.969871000000000122e-02
2.003206999999999904e-02
1.938600000000000045e-02
1.992145999999999847e-02
1.857924999999999854e-02
1.656507999999999939e-02
