2.022998999999999978e-02
2.221508000000000163e-02
2.925818000000000169e-02
2.544876000000000082e-02
2.729552999999999841e-02
2.299044999999999908e-02
1.871830999999999842e-02
2.229669999999999916e-02
2.033557000000000073e-02
2.716481000000000104e-02
2.730720000000000022e-02
2.088834999999999997e-02
2.789159000000000083e-02
3.419335999999999903e-02
4.281014999999999820e-02
3.864002999999999882e-02
3.148238999999999899e-02
2.457265000000000144e-02
2.224218000000000028e-02
2.463670000000000096e-02
2.536820999999999868e-02
3.738671999999999829e-02
4.058268000000000292e-02
3.022899000000000072e-02
3.628760000000000319e-02
5.337415000000000215e-02
8.306040000000000645e-02
6.195868999999999682e-02
4.068216000000000193e-02
2.793013000000000093e-02
4.214181000000000177e-02
6.596148999999999762e-02
1.301673399999999925e-01
1.781895500000000021e-01
1.650855200000000134e-01
2.007320800000000072e-01
2.071423799999999871e-01
1.444631100000000057e-01
9.098175999999999486e-02
4.381904999999999828e-02
2.137369000000000074e-02
2.035955000000000056e-02
2.046993999999999897e-02
2.214464000000000016e-02
2.846740000000000034e-02
4.119186999999999849e-02
6.259546000000000554e-02
5.851858000000000060e-02
4.748710999999999904e-02
4.478850999999999666e-02
4.422987999999999920e-02
3.441037999999999736e-02
2.531192000000000164e-02
2.911211999999999828e-02
3.067691000000000168e-02
3.208967000000000069e-02
3.931638999999999967e-02
4.043275000000000341e-02
3.422791000000000028e-02
2.893000000000000085e-02
3.585630000000000067e-02
3.337836000000000275e-02
2.587891000000000150e-02
1.847603000000000092e-02
