2.091575000000000031e-02
2.314657000000000173e-02
2.947844999999999979e-02
2.587309000000000136e-02
2.929531999999999969e-02
2.892625999999999878e-02
3.190906000000000298e-02
3.114961000000000119e-02
2.871951999999999838e-02
2.554324999999999998e-02
2.235262000000000013e-02
2.210389000000000104e-02
2.891389999999999932e-02
4.022151000000000198e-02
6.551687000000000483e-02
9.653021000000000518e-02
8.885089000000000181e-02
8.760228000000000459e-02
8.277893000000000057e-02
7.028648999999999314e-02
5.193330000000000168e-02
3.566336999999999979e-02
2.731596999999999845e-02
2.103235999999999994e-02
1.906406999999999893e-02
2.008185999999999999e-02
2.163630999999999888e-02
2.263416999999999860e-02
2.970559000000000047e-02
3.633937999999999752e-02
3.534792999999999963e-02
3.318406000000000133e-02
2.631017999999999898e-02
2.580713999999999925e-02
2.398698000000000150e-02
2.275084999999999955e-02
2.242237000000000050e-02
2.085102999999999956e-02
2.164606999999999989e-02
2.156862000000000015e-02
2.279236999999999930e-02
2.144197999999999937e-02
1.938205000000000136e-02
1.840222999999999859e-02
1.957553000000000071e-02
2.024350999999999928e-02
2.114730000000000082e-02
2.033189999999999997e-02
1.885631000000000113e-02
2.124465999999999855e-02
2.360827999999999885e-02
2.462622000000000075e-02
2.353935999999999876e-02
2.137154999999999958e-02
1.963658000000000070e-02
1.897712999999999831e-02
1.875229999999999952e-02
2.106772000000000158e-02
2.165496000000000087e-02
2.014830000000000093e-02
2.092217000000000035e-02
2.041830000000000034e-02
1.845128000000000046e-02
1.719075999999999937e-02
