1.798738000000000073e-02
2.278244999999999923e-02
2.697313999999999962e-02
3.061842999999999856e-02
3.334822999999999954e-02
3.004702000000000067e-02
2.219727999999999979e-02
1.866815999999999962e-02
1.915955000000000089e-02
3.920649999999999830e-02
4.041660999999999865e-02
2.299139999999999864e-02
2.717220999999999873e-02
3.141772000000000314e-02
4.449169000000000040e-02
3.658354999999999940e-02
3.804720999999999798e-02
4.368589999999999973e-02
2.546814000000000022e-02
1.994312000000000168e-02
2.154754000000000044e-02
4.827357000000000176e-02
7.429729999999999668e-02
5.530903000000000208e-02
3.659555999999999920e-02
4.177601999999999705e-02
9.808447000000000693e-02
1.039352999999999944e-01
5.633325000000000138e-02
2.745900000000000077e-02
2.536920000000000147e-02
3.857552999999999677e-02
1.378260299999999883e-01
1.856407200000000091e-01
2.191001200000000093e-01
2.575556900000000038e-01
2.761134199999999983e-01
2.387718899999999866e-01
1.603480599999999867e-01
7.425239999999999618e-02
3.394553000000000154e-02
2.386028999999999928e-02
2.289667999999999912e-02
2.478214000000000111e-02
3.385726000000000013e-02
4.445110000000000033e-02
6.314448999999999756e-02
5.444488000000000105e-02
6.338990999999999376e-02
6.231785000000000102e-02
6.590464999999999518e-02
4.300363000000000102e-02
3.152423000000000031e-02
3.127146000000000092e-02
3.591554999999999748e-02
4.116530000000000189e-02
4.024835999999999692e-02
5.034820000000000267e-02
3.228388000000000091e-02
3.528155000000000180e-02
3.958599000000000145e-02
4.101491000000000164e-02
3.602038999999999935e-02
2.130496999999999946e-02
