2.628486000000000017e-02
5.149792000000000258e-02
7.021133999999999709e-02
9.014980000000000215e-02
9.509639000000000286e-02
1.003490999999999966e-01
8.870666000000000662e-02
7.368441000000000574e-02
6.148466999999999821e-02
5.721038999999999985e-02
3.884524999999999784e-02
2.626235000000000028e-02
2.140306000000000153e-02
2.018549999999999858e-02
2.383887999999999979e-02
2.221947000000000158e-02
2.870906999999999973e-02
3.563347000000000042e-02
3.311308000000000307e-02
2.985327999999999940e-02
3.395890000000000020e-02
3.252047000000000271e-02
2.443098999999999965e-02
2.120615000000000000e-02
1.943463000000000135e-02
1.996625000000000136e-02
2.001504999999999951e-02
2.103092999999999976e-02
2.242018000000000136e-02
2.175414000000000167e-02
1.906566000000000163e-02
1.920635999999999871e-02
1.861979000000000065e-02
1.855220000000000133e-02
1.890603999999999896e-02
1.953105000000000119e-02
1.922632999999999981e-02
1.936422000000000143e-02
2.096477000000000063e-02
2.137381000000000003e-02
2.136346000000000078e-02
2.016746000000000164e-02
1.924885999999999958e-02
1.906856999999999996e-02
2.274891999999999886e-02
2.371867000000000072e-02
2.099341000000000054e-02
1.929105000000000056e-02
1.817351999999999856e-02
1.817159999999999956e-02
1.911792000000000005e-02
2.086458000000000063e-02
2.209730999999999848e-02
2.264497000000000038e-02
2.047573000000000101e-02
1.948373000000000119e-02
2.024014000000000021e-02
2.250715000000000007e-02
2.178450999999999999e-02
2.000464000000000062e-02
1.949412999999999840e-02
1.832798000000000066e-02
1.799105000000000149e-02
1.709364000000000022e-02
