2.013297000000000003e-02
1.994283000000000167e-02
1.893030999999999880e-02
1.883798000000000070e-02
1.989151999999999934e-02
1.948859000000000008e-02
1.985094999999999915e-02
1.886312000000000058e-02
1.916572000000000067e-02
2.008595000000000172e-02
2.282409999999999994e-02
2.643712000000000145e-02
3.060299000000000005e-02
3.125415000000000137e-02
2.975579999999999892e-02
2.371443999999999983e-02
2.125049000000000035e-02
2.352504999999999874e-02
2.718502999999999892e-02
2.496993000000000129e-02
2.469876000000000016e-02
3.166566999999999993e-02
4.634540000000000187e-02
3.763086000000000209e-02
4.285101999999999661e-02
3.641926000000000191e-02
2.689031000000000060e-02
3.026975000000000152e-02
4.617671000000000275e-02
7.348079000000000416e-02
1.284632500000000010e-01
1.644702399999999898e-01
2.218716000000000022e-01
1.990146799999999994e-01
1.561825599999999981e-01
1.330024200000000101e-01
9.239303999999999573e-02
3.907146999999999704e-02
2.311057000000000042e-02
2.366390999999999981e-02
2.772463999999999831e-02
3.349850000000000050e-02
4.551743999999999929e-02
4.987486000000000003e-02
5.014765000000000195e-02
5.744857999999999909e-02
6.130921000000000287e-02
5.536108000000000001e-02
3.322027000000000313e-02
2.205222000000000085e-02
2.084706000000000059e-02
2.245120999999999922e-02
2.234341000000000105e-02
2.714097000000000037e-02
3.029789000000000093e-02
3.276789000000000091e-02
3.279027999999999804e-02
3.752956999999999821e-02
3.459579000000000126e-02
2.314325999999999883e-02
2.479098000000000065e-02
2.316524999999999834e-02
1.960073000000000024e-02
1.877532000000000159e-02
