1.655293999999999863e-02
1.875674999999999912e-02
1.865980999999999890e-02
1.907968000000000164e-02
2.181693999999999994e-02
2.646781999999999954e-02
2.690820000000000017e-02
2.578249000000000166e-02
2.333145999999999831e-02
1.948588000000000056e-02
1.911055000000000045e-02
2.062104999999999841e-02
2.283419999999999894e-02
2.258572999999999831e-02
2.149026999999999882e-02
2.062459999999999988e-02
1.955418000000000087e-02
2.138177999999999954e-02
2.452309999999999907e-02
2.526350999999999944e-02
2.255615000000000051e-02
2.062386999999999901e-02
2.527847999999999901e-02
2.416294999999999901e-02
2.736016000000000142e-02
2.951934000000000155e-02
2.544775000000000162e-02
2.241144999999999943e-02
2.093334000000000167e-02
2.150472999999999968e-02
2.313114000000000142e-02
2.169965000000000088e-02
2.298812000000000078e-02
2.904475999999999933e-02
3.703810999999999909e-02
2.783147000000000051e-02
2.358555000000000026e-02
2.341541000000000108e-02
2.529903999999999833e-02
2.839774999999999938e-02
2.602165999999999854e-02
2.513198000000000168e-02
3.204662999999999956e-02
4.108301999999999787e-02
4.499728000000000061e-02
4.542112999999999706e-02
5.156532999999999950e-02
4.524978000000000333e-02
3.159700000000000009e-02
3.433322999999999930e-02
3.871230999999999978e-02
5.375181999999999877e-02
8.116925999999999308e-02
1.287897100000000017e-01
1.551329499999999917e-01
1.546528600000000031e-01
1.490075600000000111e-01
1.445539000000000129e-01
1.284599600000000119e-01
9.582585999999999882e-02
6.242382999999999960e-02
4.288876999999999967e-02
2.754136999999999905e-02
1.909281000000000172e-02
