2.219598999999999878e-02
2.836719999999999867e-02
2.301419000000000034e-02
2.189885000000000095e-02
3.039224999999999913e-02
3.367735000000000173e-02
2.833528000000000088e-02
2.414478999999999931e-02
2.058536000000000046e-02
2.104721999999999843e-02
2.100178000000000114e-02
2.595584999999999906e-02
2.406919000000000072e-02
2.521404999999999827e-02
2.236836999999999853e-02
2.017779999999999921e-02
2.119580000000000075e-02
2.749893999999999950e-02
2.718069000000000041e-02
2.993544000000000066e-02
3.186466999999999772e-02
2.686248999999999929e-02
4.147980999999999890e-02
4.159012000000000125e-02
3.342483999999999733e-02
2.647336999999999954e-02
2.302749999999999936e-02
2.096719000000000013e-02
2.510946000000000011e-02
3.189696000000000198e-02
3.322137000000000007e-02
4.749740000000000212e-02
4.977940000000000142e-02
5.013139999999999957e-02
4.682317999999999897e-02
4.403333999999999721e-02
3.560922999999999866e-02
3.299889999999999768e-02
5.573957000000000217e-02
8.438196000000000585e-02
1.437016000000000127e-01
2.149014599999999886e-01
2.483003699999999925e-01
2.439439100000000138e-01
1.970784399999999936e-01
1.307707100000000122e-01
1.044535300000000028e-01
6.781795000000000184e-02
3.071518999999999985e-02
2.414058999999999996e-02
2.204325999999999855e-02
2.635024000000000047e-02
4.198363000000000095e-02
5.632916999999999785e-02
1.033790299999999968e-01
1.248098200000000019e-01
9.304197000000000162e-02
7.184076999999999824e-02
6.287185000000000690e-02
5.254310000000000230e-02
3.729558000000000179e-02
2.534683000000000075e-02
2.263965000000000075e-02
2.006524999999999975e-02
