2.592728000000000046e-02
2.859605000000000133e-02
2.008804999999999966e-02
2.007132000000000013e-02
2.130326000000000095e-02
2.247207000000000024e-02
2.224848000000000103e-02
2.537831000000000115e-02
2.539471999999999910e-02
2.095717999999999887e-02
2.028220000000000023e-02
2.281035000000000007e-02
3.281123999999999846e-02
3.759467999999999838e-02
2.817396000000000136e-02
1.983025000000000065e-02
1.806701000000000140e-02
1.988260000000000027e-02
2.535777000000000170e-02
2.533086999999999839e-02
2.104320000000000149e-02
2.296263999999999944e-02
2.308371000000000034e-02
2.746432999999999860e-02
3.158619000000000010e-02
2.863150999999999891e-02
2.334784000000000165e-02
2.311890999999999946e-02
3.141681000000000334e-02
4.148186999999999708e-02
3.413486999999999771e-02
2.299674999999999983e-02
2.121980999999999867e-02
1.986960000000000115e-02
2.176022999999999846e-02
2.727330000000000032e-02
2.786995000000000097e-02
2.822126999999999969e-02
3.216327000000000075e-02
4.098043999999999992e-02
5.447090999999999739e-02
4.964670999999999668e-02
3.392825000000000008e-02
2.559975000000000098e-02
2.522059000000000106e-02
3.740589999999999887e-02
5.828980999999999746e-02
8.410842000000000318e-02
9.954225999999999352e-02
1.072654900000000050e-01
1.224880099999999944e-01
1.168017600000000045e-01
9.542148999999999770e-02
7.864862999999999715e-02
5.345459000000000321e-02
3.190638999999999975e-02
2.153839999999999921e-02
1.903229000000000032e-02
1.943322999999999925e-02
2.023459999999999842e-02
2.522390999999999869e-02
2.774402000000000118e-02
2.536023999999999917e-02
1.794126000000000054e-02
