3.466919999999999724e-02
5.107351000000000252e-02
4.631688999999999945e-02
4.214119999999999672e-02
2.955193000000000056e-02
2.136153000000000010e-02
2.191575000000000120e-02
2.396635000000000085e-02
3.196960000000000079e-02
3.338263999999999815e-02
2.768719999999999862e-02
3.441903000000000323e-02
4.037389999999999729e-02
5.788647000000000237e-02
6.459771999999999736e-02
4.385660000000000253e-02
3.774774000000000185e-02
2.621988000000000096e-02
2.817108999999999933e-02
4.088292999999999788e-02
8.983985999999999361e-02
1.319623900000000127e-01
1.207412300000000049e-01
1.143331999999999959e-01
1.084109500000000059e-01
9.334090000000000442e-02
6.041235999999999828e-02
3.730581000000000175e-02
2.536924000000000123e-02
2.017568999999999960e-02
2.318121000000000070e-02
2.492151000000000088e-02
2.471239999999999895e-02
3.921246999999999927e-02
4.806068000000000145e-02
4.802991000000000205e-02
5.971822000000000241e-02
6.270671999999999358e-02
4.955070999999999781e-02
3.504406000000000188e-02
2.988408999999999857e-02
2.803148999999999919e-02
2.350032999999999983e-02
2.535710000000000047e-02
3.298750999999999767e-02
2.796266000000000029e-02
2.562655000000000141e-02
2.369796999999999876e-02
2.270333999999999894e-02
2.318303999999999851e-02
2.674458999999999864e-02
2.522595000000000046e-02
2.159246999999999903e-02
2.179249999999999937e-02
2.046146000000000076e-02
2.091174999999999978e-02
2.144323000000000062e-02
2.870216999999999907e-02
3.389736000000000138e-02
2.906165000000000137e-02
2.309964999999999935e-02
1.888110000000000135e-02
1.803033999999999887e-02
1.791117000000000056e-02
