1.996492999999999879e-02
3.308360999999999941e-02
2.990452000000000041e-02
2.938522999999999830e-02
2.454394999999999841e-02
3.468696000000000279e-02
2.733479999999999938e-02
4.639830999999999817e-02
4.193162999999999752e-02
4.739249000000000239e-02
4.045188000000000256e-02
2.415161999999999864e-02
2.381882000000000096e-02
2.797279999999999905e-02
3.437318000000000318e-02
4.229183000000000248e-02
4.080653000000000058e-02
3.065707000000000154e-02
3.722062000000000287e-02
5.850849000000000327e-02
5.341490000000000127e-02
4.958807999999999966e-02
3.178133999999999820e-02
2.406892000000000059e-02
4.184319000000000233e-02
9.447972000000000314e-02
1.765824300000000124e-01
2.727351499999999818e-01
2.636734199999999917e-01
2.373694299999999924e-01
2.046297300000000097e-01
1.701307099999999906e-01
1.133708699999999986e-01
6.334831000000000489e-02
3.384088999999999847e-02
2.049677000000000096e-02
2.286047000000000079e-02
2.991931999999999925e-02
3.429064999999999891e-02
5.124725000000000114e-02
5.536139999999999811e-02
6.010593000000000186e-02
5.323168000000000344e-02
4.143816000000000166e-02
3.136343999999999937e-02
2.310216000000000006e-02
2.131529000000000063e-02
2.380412000000000153e-02
2.713488000000000011e-02
3.555636999999999687e-02
2.961828999999999851e-02
2.529433999999999849e-02
3.320361000000000146e-02
2.146533999999999942e-02
2.222342999999999888e-02
2.258113999999999955e-02
2.063672000000000076e-02
2.226339999999999916e-02
2.421099999999999988e-02
3.015073999999999879e-02
2.450990000000000113e-02
1.999350999999999906e-02
1.816353999999999885e-02
2.035717999999999903e-02
