1.737452999999999914e-02
2.000396999999999939e-02
2.351229999999999987e-02
2.838633000000000128e-02
3.004787000000000083e-02
3.510730000000000101e-02
3.598127999999999743e-02
3.830441999999999875e-02
4.028765000000000124e-02
3.745583999999999719e-02
3.025983000000000145e-02
2.491855999999999932e-02
2.212282000000000137e-02
2.185006000000000101e-02
2.248253000000000057e-02
2.273725999999999872e-02
2.725481999999999905e-02
3.039882000000000001e-02
3.159524999999999834e-02
3.355582000000000009e-02
4.146372000000000252e-02
3.743163000000000046e-02
3.174616000000000243e-02
2.420237000000000083e-02
1.990892999999999829e-02
2.284252999999999978e-02
2.522749999999999992e-02
2.410527000000000156e-02
2.705534999999999884e-02
2.472227999999999926e-02
2.010837999999999862e-02
2.139508999999999855e-02
2.074387000000000106e-02
1.918515000000000151e-02
2.046285999999999938e-02
2.108505000000000101e-02
2.290684999999999943e-02
2.285780000000000103e-02
2.346751000000000045e-02
2.258181000000000077e-02
2.248015000000000083e-02
2.429171999999999929e-02
2.396080999999999905e-02
2.076628000000000154e-02
2.262286000000000158e-02
2.418216999999999936e-02
2.331870000000000123e-02
2.129280000000000062e-02
2.189158000000000076e-02
2.019096999999999906e-02
1.954159000000000104e-02
2.060234999999999844e-02
2.373352000000000100e-02
2.642765000000000045e-02
2.464037000000000172e-02
2.329012999999999917e-02
2.088208999999999899e-02
1.966369999999999924e-02
1.914201000000000097e-02
1.999669999999999920e-02
1.926935000000000106e-02
1.920577999999999869e-02
1.803188000000000013e-02
1.645210000000000075e-02
