1.831462000000000021e-02
2.170978999999999964e-02
1.907454000000000094e-02
1.931435000000000096e-02
2.014389000000000110e-02
2.060777000000000095e-02
2.270447000000000090e-02
2.234838000000000102e-02
1.972528999999999949e-02
1.915531999999999999e-02
1.896250000000000019e-02
1.997256000000000031e-02
2.148014000000000173e-02
2.320706999999999978e-02
2.157142999999999908e-02
1.954737000000000141e-02
2.159055000000000002e-02
2.596129000000000145e-02
2.870150999999999952e-02
2.741007000000000166e-02
2.672715999999999981e-02
2.213156000000000151e-02
2.031965999999999981e-02
2.302846999999999880e-02
2.683061999999999947e-02
2.485394999999999965e-02
2.682166999999999885e-02
3.026732000000000034e-02
3.142943000000000126e-02
3.395474999999999882e-02
3.505301999999999724e-02
3.432522999999999824e-02
2.805039999999999964e-02
2.592625000000000138e-02
3.753893999999999981e-02
6.336310000000000553e-02
8.442107999999999557e-02
1.246016699999999977e-01
1.204473300000000052e-01
9.744571000000000482e-02
6.792690999999999313e-02
5.302091999999999916e-02
3.908630999999999911e-02
2.785868999999999845e-02
1.965004000000000056e-02
1.923251000000000127e-02
2.092926000000000161e-02
2.263240000000000043e-02
2.735703000000000093e-02
3.287049000000000221e-02
3.973025000000000168e-02
4.321984999999999716e-02
4.345775000000000332e-02
3.889573999999999809e-02
2.915548999999999918e-02
2.614551999999999848e-02
2.488266999999999909e-02
2.282512999999999903e-02
2.171469999999999997e-02
2.372551999999999994e-02
2.993542999999999898e-02
2.470901000000000000e-02
1.948259000000000102e-02
1.738746999999999862e-02
