1.898777000000000104e-02
2.065728999999999829e-02
2.127897000000000122e-02
1.865264000000000158e-02
1.948797000000000029e-02
2.071956999999999965e-02
1.985682000000000072e-02
1.999126999999999849e-02
1.941069999999999948e-02
2.188168000000000057e-02
2.287816000000000155e-02
2.638416999999999846e-02
3.026101999999999959e-02
2.984086000000000030e-02
2.647493999999999889e-02
2.249968999999999927e-02
2.028748999999999830e-02
2.212603999999999960e-02
2.351854000000000097e-02
2.314207000000000070e-02
2.453686999999999882e-02
3.248497999999999664e-02
4.061175999999999675e-02
4.629710000000000075e-02
4.342166000000000081e-02
2.927081999999999948e-02
3.169707000000000080e-02
2.729393999999999917e-02
4.146993999999999680e-02
8.115363999999999911e-02
9.118275000000000685e-02
1.229652499999999982e-01
1.505213800000000102e-01
1.329240200000000038e-01
1.046187799999999946e-01
8.699378000000000666e-02
6.659231000000000178e-02
3.410674000000000344e-02
2.112982999999999875e-02
2.330081999999999987e-02
2.761571000000000164e-02
3.526914999999999911e-02
4.069517999999999747e-02
3.962290000000000256e-02
4.415083999999999675e-02
3.885965000000000252e-02
4.312727999999999701e-02
3.677948000000000328e-02
2.174859000000000167e-02
1.872837000000000113e-02
1.858015000000000014e-02
2.042775000000000146e-02
2.010365999999999889e-02
2.141374999999999876e-02
2.359924000000000049e-02
2.289315999999999920e-02
2.241570000000000021e-02
2.359071000000000085e-02
2.454862000000000016e-02
2.024311999999999986e-02
2.025280999999999956e-02
1.988525999999999835e-02
1.817608000000000071e-02
1.652879000000000154e-02
