2.865231000000000028e-02
3.714296999999999738e-02
5.084527999999999964e-02
5.827881000000000034e-02
5.302364999999999856e-02
3.544815999999999939e-02
2.610387000000000124e-02
2.536491000000000093e-02
2.407031000000000101e-02
2.867617000000000083e-02
2.413335000000000133e-02
2.671822999999999906e-02
3.088263999999999940e-02
4.225624000000000047e-02
5.077464000000000283e-02
5.161045000000000216e-02
5.576090999999999687e-02
5.072477000000000236e-02
3.746295999999999654e-02
2.522925000000000167e-02
3.577265999999999779e-02
7.763525999999999760e-02
1.268744800000000117e-01
1.616081000000000045e-01
2.324719100000000038e-01
2.322145399999999971e-01
2.121891099999999863e-01
1.526880999999999933e-01
1.173936099999999955e-01
5.541027999999999926e-02
3.158071999999999963e-02
2.413213000000000164e-02
2.812233999999999914e-02
2.787316000000000099e-02
4.220824000000000104e-02
4.227119000000000015e-02
5.490707999999999700e-02
7.945752999999999844e-02
6.544039000000000106e-02
4.989231000000000221e-02
3.700573000000000057e-02
2.752927000000000152e-02
2.438020999999999938e-02
2.675467000000000123e-02
3.479708000000000107e-02
2.748311999999999977e-02
2.633158999999999847e-02
3.258039000000000074e-02
3.018122999999999986e-02
2.543853999999999907e-02
2.076321000000000069e-02
1.973984999999999976e-02
2.129860000000000086e-02
2.858323999999999934e-02
3.474225999999999703e-02
2.802475999999999925e-02
2.174809000000000117e-02
2.194582999999999950e-02
2.484118999999999911e-02
2.688909000000000091e-02
2.704161000000000065e-02
3.343676999999999760e-02
3.196018999999999943e-02
1.870623000000000077e-02
