1.965866000000000141e-02
2.509389000000000064e-02
3.093289000000000108e-02
2.651674000000000045e-02
2.974643000000000079e-02
2.951167000000000026e-02
3.398773000000000072e-02
3.729510999999999937e-02
4.167992999999999698e-02
5.801193999999999795e-02
4.562258000000000285e-02
2.802206000000000141e-02
2.457884999999999931e-02
3.078554000000000013e-02
5.405168999999999946e-02
7.319272000000000278e-02
8.044173000000000295e-02
9.676864999999999772e-02
9.373581000000000274e-02
9.448054000000000174e-02
7.345250000000000390e-02
4.477877999999999720e-02
3.104753999999999847e-02
2.244557000000000149e-02
1.905364000000000016e-02
2.225117999999999888e-02
2.281348000000000056e-02
2.185428999999999844e-02
2.517172000000000159e-02
3.647075999999999790e-02
4.089137999999999801e-02
4.068150999999999712e-02
3.485807999999999962e-02
2.729569000000000092e-02
2.514438999999999910e-02
2.370813000000000087e-02
2.184393999999999919e-02
2.136742999999999976e-02
2.328130000000000130e-02
2.323597000000000162e-02
2.164974999999999886e-02
2.152482999999999827e-02
2.047024000000000066e-02
1.884850000000000067e-02
1.943601999999999830e-02
2.049468000000000123e-02
1.975918999999999939e-02
1.882816000000000004e-02
1.914389000000000021e-02
2.080071000000000003e-02
2.283245000000000066e-02
2.355060000000000139e-02
2.282568999999999917e-02
2.170793999999999849e-02
2.210561000000000123e-02
1.989045999999999870e-02
1.846478999999999829e-02
1.997176000000000159e-02
2.129483999999999891e-02
2.088094999999999882e-02
2.148332999999999840e-02
2.081581000000000056e-02
1.939654000000000031e-02
1.716271000000000116e-02
