1.664238999999999996e-02
2.040391999999999900e-02
2.274864999999999873e-02
2.513508000000000062e-02
3.119678999999999855e-02
2.569696000000000133e-02
1.963240000000000124e-02
2.031706999999999957e-02
2.009918999999999942e-02
2.001831999999999917e-02
2.663611000000000104e-02
2.383885999999999991e-02
2.239009999999999959e-02
1.950187999999999922e-02
2.202000000000000138e-02
2.333168000000000047e-02
2.310950000000000157e-02
2.029564999999999841e-02
2.130421000000000051e-02
2.823341000000000045e-02
3.441044000000000047e-02
3.259949000000000180e-02
3.239303000000000321e-02
2.631626000000000104e-02
1.930335000000000037e-02
2.027346000000000009e-02
2.885220999999999966e-02
2.757547999999999944e-02
2.569592999999999877e-02
2.735902999999999946e-02
2.781126000000000084e-02
3.338230999999999837e-02
2.909095000000000084e-02
2.695830000000000101e-02
2.502075000000000132e-02
2.141213000000000144e-02
2.478398999999999880e-02
4.786060999999999788e-02
7.581372000000000111e-02
8.707966000000000317e-02
1.047724000000000016e-01
1.135090599999999950e-01
9.461553000000000324e-02
8.073194000000000203e-02
5.243335999999999830e-02
3.823366999999999738e-02
2.501224999999999976e-02
2.249703999999999940e-02
1.954294999999999990e-02
2.094978000000000118e-02
2.383860999999999966e-02
2.684177000000000091e-02
3.783124000000000209e-02
4.249884000000000300e-02
4.956548000000000204e-02
5.665194999999999953e-02
4.121927999999999703e-02
3.142495000000000011e-02
2.891439000000000162e-02
2.265485999999999889e-02
2.188036999999999968e-02
2.167791999999999983e-02
2.006439999999999960e-02
1.697629000000000152e-02
