2.433402000000000134e-02
4.351599999999999913e-02
6.854317000000000049e-02
8.011356000000000033e-02
9.434924000000000088e-02
1.054352199999999962e-01
9.887207000000000634e-02
7.174284999999999690e-02
5.702505000000000074e-02
6.162241000000000246e-02
4.702674999999999911e-02
3.097439000000000095e-02
2.288397000000000001e-02
2.140556999999999876e-02
2.189322999999999964e-02
2.232869000000000173e-02
2.820051000000000155e-02
3.408126000000000211e-02
3.226877000000000217e-02
3.179132999999999959e-02
3.790451999999999710e-02
3.371127000000000151e-02
2.383696999999999899e-02
2.101468000000000086e-02
2.082965999999999984e-02
2.070001000000000133e-02
2.104152999999999926e-02
2.225523000000000085e-02
2.269960999999999854e-02
2.070489000000000010e-02
1.896134999999999834e-02
1.864673999999999846e-02
1.958705000000000168e-02
1.898472999999999827e-02
1.903225999999999876e-02
1.879868999999999984e-02
1.921805999999999862e-02
1.880240000000000036e-02
2.002175000000000135e-02
2.028871999999999967e-02
1.952873999999999929e-02
1.884270999999999863e-02
1.902674000000000032e-02
1.897433999999999926e-02
1.995500999999999872e-02
1.972169000000000005e-02
1.993665000000000020e-02
1.857239999999999933e-02
1.874431999999999834e-02
1.833685999999999997e-02
1.826540999999999929e-02
1.839582000000000023e-02
1.896350000000000119e-02
1.920492000000000032e-02
1.896652999999999881e-02
1.873069000000000123e-02
1.864578000000000069e-02
1.816736000000000045e-02
1.874703000000000133e-02
1.868902999999999884e-02
1.836197999999999997e-02
1.875448999999999866e-02
1.831185000000000104e-02
1.610289999999999985e-02
