2.376166999999999863e-02
3.848006999999999816e-02
4.010165999999999731e-02
3.775255000000000277e-02
3.586169000000000162e-02
3.468171999999999922e-02
2.851379000000000066e-02
2.195118000000000069e-02
1.982393000000000002e-02
1.903316000000000036e-02
1.912621000000000113e-02
1.914580999999999922e-02
2.001663999999999874e-02
2.039948000000000108e-02
2.171106999999999898e-02
2.174622999999999834e-02
2.326332000000000053e-02
2.388799999999999951e-02
2.166473000000000010e-02
2.013177999999999843e-02
1.894942000000000154e-02
1.831549000000000024e-02
1.817645000000000025e-02
1.834277000000000130e-02
1.924121000000000165e-02
1.888255000000000142e-02
1.805570000000000092e-02
1.809412000000000173e-02
1.836085000000000148e-02
1.811116000000000115e-02
1.857262000000000149e-02
1.825801999999999981e-02
1.790790000000000090e-02
1.780725999999999837e-02
1.804947999999999969e-02
1.807287000000000129e-02
1.827232999999999982e-02
1.875761000000000095e-02
1.880340999999999957e-02
1.769033000000000064e-02
1.736572000000000116e-02
1.819430000000000006e-02
1.858746999999999830e-02
1.862567000000000042e-02
1.835770999999999931e-02
1.751503000000000088e-02
1.766755999999999882e-02
1.790887999999999855e-02
1.804383999999999849e-02
1.807925000000000157e-02
1.801494000000000012e-02
1.758285000000000056e-02
1.744087000000000068e-02
1.782941999999999860e-02
1.837081999999999951e-02
1.838615000000000041e-02
1.833463000000000107e-02
1.788263000000000005e-02
1.777435999999999947e-02
1.764517999999999989e-02
1.801153000000000129e-02
1.857637999999999998e-02
1.722954999999999973e-02
1.569622000000000031e-02
