2.323118000000000058e-02
2.367015999999999912e-02
2.092772999999999856e-02
1.944163999999999962e-02
1.978964999999999891e-02
1.885620000000000004e-02
1.945240999999999984e-02
2.259480000000000169e-02
2.305687000000000014e-02
2.064755999999999883e-02
1.924976000000000118e-02
1.961227000000000109e-02
2.354242999999999961e-02
2.674752000000000032e-02
2.373615000000000100e-02
1.975574999999999901e-02
1.911163000000000098e-02
2.035187999999999928e-02
2.197761999999999979e-02
2.079875999999999947e-02
2.226915000000000144e-02
2.196029000000000037e-02
2.130376999999999965e-02
2.414350999999999997e-02
2.592703999999999842e-02
2.183852999999999836e-02
2.022931999999999855e-02
2.097053000000000111e-02
2.926350999999999952e-02
3.737694999999999906e-02
3.107156999999999974e-02
2.297081999999999943e-02
2.071461999999999956e-02
2.027643000000000154e-02
2.499376000000000028e-02
3.446905000000000108e-02
3.819768999999999942e-02
3.645111000000000184e-02
3.125246999999999747e-02
3.059622999999999857e-02
3.757749999999999979e-02
3.502446000000000031e-02
2.713474999999999915e-02
2.371144999999999850e-02
2.737304000000000126e-02
4.653683000000000125e-02
7.466082999999999747e-02
1.122655899999999984e-01
1.325220199999999904e-01
1.454109100000000043e-01
1.474898500000000057e-01
1.326869099999999912e-01
1.147382200000000019e-01
9.650783999999999752e-02
7.020788999999999502e-02
5.104762999999999662e-02
3.029594999999999858e-02
2.600297999999999846e-02
2.192231999999999861e-02
2.021815000000000070e-02
2.184358000000000133e-02
2.573038999999999882e-02
2.302573999999999940e-02
1.940216000000000163e-02
