1.729790000000000147e-02
2.003098000000000031e-02
2.153062999999999852e-02
2.208353999999999873e-02
2.136775999999999953e-02
1.831204999999999986e-02
1.760567000000000035e-02
1.742596999999999896e-02
1.896660000000000013e-02
1.984665000000000040e-02
1.836143000000000150e-02
1.828414000000000081e-02
1.909657000000000021e-02
2.144729000000000080e-02
2.434120999999999854e-02
2.349545000000000106e-02
2.214280999999999888e-02
2.014668000000000014e-02
1.791743000000000155e-02
1.820315000000000127e-02
2.477866999999999917e-02
3.090595999999999968e-02
3.275411000000000294e-02
3.416505000000000236e-02
3.859871000000000135e-02
3.731733000000000272e-02
3.218091000000000007e-02
2.821747000000000144e-02
2.372958000000000012e-02
1.974054999999999907e-02
1.866388999999999895e-02
1.825374999999999914e-02
1.880441999999999877e-02
1.965420999999999835e-02
2.057418000000000094e-02
2.141966000000000009e-02
2.440234999999999974e-02
2.628896999999999831e-02
2.465546999999999878e-02
2.135509000000000018e-02
1.860260000000000039e-02
1.851041000000000145e-02
1.820284999999999959e-02
1.933400000000000049e-02
2.031604999999999869e-02
1.907864000000000088e-02
1.883645000000000111e-02
1.928225999999999898e-02
1.850061000000000067e-02
1.804785999999999890e-02
1.919846000000000052e-02
1.858094999999999886e-02
1.822481000000000101e-02
1.899781000000000039e-02
1.908643999999999966e-02
1.842548999999999923e-02
1.741389000000000131e-02
1.905070000000000027e-02
2.035100999999999924e-02
2.003958000000000128e-02
1.942641000000000159e-02
1.917380999999999946e-02
1.728495000000000031e-02
1.569212000000000037e-02
