2.098550000000000068e-02
3.169958999999999971e-02
6.328467000000000120e-02
9.897116999999999720e-02
1.120243999999999962e-01
1.191810100000000039e-01
1.336672000000000138e-01
1.085954199999999981e-01
1.229026099999999955e-01
9.717644000000000282e-02
1.031138800000000050e-01
4.630076999999999804e-02
3.581198000000000020e-02
2.585669000000000162e-02
2.519764999999999852e-02
2.259533999999999848e-02
2.483410999999999952e-02
3.246741999999999684e-02
2.923631000000000146e-02
3.272216000000000014e-02
3.500597999999999904e-02
3.834917999999999660e-02
2.912955999999999879e-02
2.587702000000000058e-02
2.329470000000000152e-02
2.190970000000000070e-02
2.134886000000000075e-02
2.229420000000000013e-02
2.600776000000000129e-02
2.557832999999999982e-02
1.979815000000000047e-02
2.073281000000000082e-02
1.946379999999999985e-02
1.902730999999999867e-02
1.912412999999999960e-02
1.937894000000000075e-02
2.026965000000000017e-02
1.997424000000000074e-02
2.058739000000000055e-02
2.026986000000000065e-02
2.094139000000000070e-02
2.246808000000000138e-02
2.392537000000000136e-02
1.812244000000000008e-02
1.769371999999999959e-02
2.300400999999999835e-02
2.421061000000000046e-02
2.289942000000000019e-02
2.147991999999999957e-02
2.014449000000000101e-02
1.830752000000000074e-02
1.828561999999999896e-02
2.077083000000000054e-02
3.017943999999999835e-02
2.268223000000000114e-02
2.093207999999999874e-02
2.254959000000000130e-02
2.387415000000000023e-02
2.046811000000000116e-02
2.025696000000000094e-02
2.234467999999999871e-02
2.383472999999999842e-02
2.136988999999999903e-02
1.947772999999999866e-02
