2.431057999999999830e-02
2.782762999999999903e-02
2.380116999999999997e-02
2.454900999999999958e-02
2.124565999999999955e-02
2.684680999999999873e-02
2.758493000000000056e-02
2.645981000000000027e-02
3.136143000000000264e-02
4.589079000000000075e-02
5.974266999999999772e-02
6.122166999999999887e-02
4.915375999999999773e-02
3.532766999999999852e-02
2.592378000000000043e-02
2.378738000000000033e-02
2.658034000000000091e-02
4.418637999999999733e-02
8.334880000000000067e-02
1.318281900000000118e-01
1.624117800000000056e-01
1.607099899999999970e-01
1.325632200000000094e-01
8.903556999999999444e-02
6.340291000000000676e-02
3.946660999999999919e-02
2.771478999999999956e-02
2.150407000000000013e-02
2.783737999999999838e-02
3.230559999999999682e-02
3.527676999999999896e-02
4.704760999999999665e-02
5.048220999999999958e-02
5.763979999999999798e-02
4.935416000000000109e-02
3.561141000000000306e-02
3.118695000000000148e-02
2.575076000000000101e-02
2.276620999999999853e-02
2.618871999999999867e-02
2.497448999999999850e-02
2.717081999999999831e-02
2.600556000000000048e-02
2.164280999999999844e-02
1.869892000000000082e-02
2.013834999999999931e-02
1.969212000000000046e-02
1.874359999999999915e-02
2.005875000000000019e-02
2.137423999999999921e-02
2.263077999999999965e-02
2.198970000000000091e-02
2.146154000000000117e-02
2.060649999999999982e-02
2.174703000000000053e-02
2.363973999999999936e-02
2.352047999999999986e-02
2.256158999999999942e-02
2.365360999999999853e-02
2.363468000000000166e-02
2.081523999999999874e-02
2.476665000000000116e-02
2.458547999999999983e-02
1.750169000000000030e-02
