3.147781000000000190e-02
3.449971000000000287e-02
2.396623999999999977e-02
2.185803999999999872e-02
3.055592999999999851e-02
3.269372000000000250e-02
3.198013000000000244e-02
3.577902000000000166e-02
5.028817000000000009e-02
6.391639000000000348e-02
7.262994999999999868e-02
7.317005000000000037e-02
6.656338000000000532e-02
5.000038999999999872e-02
3.565755999999999787e-02
2.302693000000000101e-02
2.211221000000000020e-02
5.130628999999999745e-02
1.047510999999999998e-01
1.718532299999999957e-01
2.189701199999999903e-01
2.264944200000000019e-01
1.941025999999999863e-01
1.481595500000000010e-01
9.280149999999999511e-02
5.741786000000000112e-02
3.317331999999999920e-02
2.375982000000000094e-02
2.946338000000000082e-02
3.155974000000000279e-02
4.114407999999999954e-02
5.638883000000000090e-02
6.362197999999999465e-02
7.768390000000000017e-02
6.210883999999999849e-02
4.663482000000000044e-02
3.827207999999999999e-02
2.958509999999999959e-02
2.766491000000000089e-02
3.307534000000000168e-02
3.452787000000000217e-02
3.552559999999999746e-02
3.188019999999999743e-02
2.441201999999999955e-02
1.964089000000000113e-02
2.279031999999999933e-02
2.269345000000000043e-02
2.019322000000000131e-02
2.237673000000000093e-02
2.333102999999999913e-02
2.625159000000000173e-02
2.813372999999999916e-02
2.329145999999999994e-02
2.215541999999999859e-02
2.444050999999999862e-02
2.666177000000000130e-02
2.674083000000000016e-02
2.724129999999999954e-02
2.862639000000000156e-02
2.537835000000000091e-02
2.266235000000000124e-02
2.617995999999999865e-02
2.348934999999999912e-02
1.858713000000000032e-02
