2.262839999999999990e-02
4.521419000000000132e-02
5.122697999999999835e-02
3.901400000000000007e-02
6.234572000000000030e-02
9.171788000000000163e-02
8.638453999999999577e-02
5.818460999999999772e-02
3.405998999999999832e-02
2.259653000000000009e-02
2.782118999999999912e-02
5.984479000000000187e-02
1.532643999999999951e-01
2.012592699999999901e-01
2.394755899999999882e-01
2.974577199999999810e-01
2.435192300000000032e-01
2.170127500000000043e-01
1.325938299999999959e-01
9.129294000000000298e-02
5.909443999999999808e-02
3.364373999999999837e-02
2.311540999999999943e-02
2.815739999999999910e-02
3.387184000000000028e-02
4.106673000000000268e-02
6.229329000000000116e-02
6.363175000000000081e-02
5.809228000000000308e-02
7.524606999999999823e-02
6.381245000000000667e-02
4.041398999999999686e-02
3.463684000000000207e-02
3.029704999999999898e-02
3.387827000000000199e-02
3.803353000000000289e-02
2.982579000000000133e-02
2.259625999999999996e-02
2.349071999999999966e-02
2.856289000000000050e-02
2.963224000000000066e-02
2.333415000000000142e-02
2.157333000000000167e-02
2.165502999999999872e-02
2.298247000000000137e-02
2.144404999999999922e-02
2.543269999999999906e-02
2.816789000000000098e-02
2.740524999999999906e-02
3.890748000000000123e-02
3.564897999999999678e-02
2.839486000000000093e-02
2.344765000000000044e-02
2.225921000000000149e-02
2.267506000000000035e-02
2.691678000000000126e-02
2.964100999999999889e-02
2.649769000000000083e-02
2.661383999999999972e-02
2.557281999999999958e-02
1.948619000000000046e-02
2.370264999999999872e-02
2.304553999999999978e-02
2.148906999999999901e-02
