1.727151000000000033e-02
1.943527000000000102e-02
1.899740999999999930e-02
1.805324000000000165e-02
1.942040999999999906e-02
2.455246999999999985e-02
2.660737999999999992e-02
2.695650999999999950e-02
2.581353000000000120e-02
2.020409999999999914e-02
1.861225000000000032e-02
1.903273999999999938e-02
2.151687999999999865e-02
2.178217000000000000e-02
2.318571999999999994e-02
2.147844000000000142e-02
1.941009999999999958e-02
1.930894999999999834e-02
2.263853000000000046e-02
2.490927000000000072e-02
2.321368000000000043e-02
2.241821999999999912e-02
2.362378999999999868e-02
2.221779000000000115e-02
2.579029999999999864e-02
2.591453000000000159e-02
2.254673999999999914e-02
1.994695999999999969e-02
1.931977000000000000e-02
1.951949999999999866e-02
2.130189999999999861e-02
2.135135999999999978e-02
2.265945999999999932e-02
2.582013000000000016e-02
2.934627000000000069e-02
2.655187000000000172e-02
2.576461000000000029e-02
2.393736000000000128e-02
2.269803000000000098e-02
2.358794999999999989e-02
2.366284999999999916e-02
2.501338000000000172e-02
2.743094000000000088e-02
3.025469999999999896e-02
3.156383000000000105e-02
3.663883999999999891e-02
4.611773000000000261e-02
4.659532000000000257e-02
3.261643999999999655e-02
2.661731000000000166e-02
2.430505999999999986e-02
3.560953000000000035e-02
5.011192999999999897e-02
9.940643000000000395e-02
1.087876400000000049e-01
1.311491399999999974e-01
1.341607900000000020e-01
1.386525799999999975e-01
1.383247800000000083e-01
1.157739299999999971e-01
8.447491000000000028e-02
5.979556999999999928e-02
3.469442999999999833e-02
1.945693000000000075e-02
