1.816519999999999940e-02
1.932166000000000092e-02
1.852086999999999831e-02
1.939410000000000092e-02
2.012415999999999858e-02
1.993815999999999991e-02
1.878884000000000110e-02
1.843501000000000167e-02
1.852097000000000118e-02
1.838835000000000122e-02
1.830054999999999876e-02
1.905199999999999949e-02
1.906797000000000006e-02
1.917328000000000088e-02
1.895844000000000001e-02
1.820288000000000114e-02
1.853899000000000172e-02
1.928347000000000047e-02
1.910867999999999942e-02
1.938182000000000099e-02
2.021852000000000024e-02
2.019446000000000088e-02
2.149768000000000165e-02
2.186451000000000019e-02
2.167954000000000062e-02
2.077456999999999915e-02
1.901392000000000013e-02
1.906885999999999998e-02
1.910310000000000133e-02
1.988376000000000032e-02
2.035678000000000140e-02
2.325315999999999841e-02
2.532507999999999981e-02
2.447809000000000096e-02
2.471036999999999886e-02
2.403649000000000063e-02
2.161118000000000067e-02
2.105916999999999858e-02
2.371594000000000133e-02
2.861560000000000145e-02
3.766143000000000268e-02
5.721136000000000277e-02
6.305399999999999894e-02
6.160377999999999687e-02
5.901522000000000018e-02
4.535341999999999846e-02
3.680039999999999700e-02
2.954682999999999962e-02
2.209884000000000154e-02
2.032418000000000072e-02
1.921683000000000072e-02
1.939897999999999970e-02
2.132906999999999859e-02
2.455422999999999981e-02
3.306342000000000309e-02
3.448567999999999772e-02
3.231959999999999694e-02
2.805471000000000006e-02
2.708498000000000155e-02
2.800841000000000094e-02
2.407698999999999950e-02
2.106459000000000109e-02
1.876685000000000159e-02
1.665182000000000120e-02
