2.140658000000000144e-02
2.228776999999999842e-02
1.981780000000000000e-02
2.345057999999999865e-02
2.764983999999999845e-02
3.729720999999999731e-02
4.803748000000000046e-02
5.985769999999999980e-02
6.472791999999999435e-02
6.274659999999999960e-02
5.534490000000000243e-02
4.817260000000000292e-02
4.131287000000000154e-02
3.427671000000000190e-02
2.287528999999999951e-02
2.337440000000000004e-02
2.079782000000000158e-02
1.846157000000000006e-02
1.877428000000000083e-02
1.935608999999999941e-02
2.113755999999999968e-02
2.241355999999999904e-02
2.060425999999999924e-02
2.355782000000000015e-02
2.439368999999999912e-02
2.266529000000000113e-02
1.999325000000000060e-02
1.965077000000000143e-02
1.952904000000000098e-02
1.933562000000000128e-02
1.879323999999999925e-02
1.860167000000000070e-02
1.912907999999999969e-02
1.994593999999999881e-02
1.974549000000000096e-02
1.922841999999999954e-02
1.886488999999999874e-02
2.016816000000000095e-02
1.955027999999999974e-02
1.843815999999999858e-02
1.830187999999999954e-02
1.860672000000000020e-02
2.030778000000000097e-02
2.037103999999999998e-02
1.916783999999999849e-02
1.884370999999999963e-02
1.868324999999999847e-02
1.846905000000000074e-02
1.928892000000000106e-02
2.055312999999999932e-02
2.053249999999999867e-02
1.937192000000000081e-02
1.872684000000000154e-02
1.848406999999999828e-02
1.928770000000000137e-02
1.972265999999999950e-02
1.888837000000000155e-02
1.878594999999999918e-02
1.985850999999999936e-02
1.876123000000000027e-02
1.791024000000000088e-02
2.001632999999999885e-02
1.809006999999999976e-02
1.642934000000000061e-02
