1.683232999999999951e-02
1.770168999999999909e-02
1.785457000000000016e-02
1.753872999999999890e-02
1.871313000000000143e-02
2.001547999999999869e-02
2.071115999999999929e-02
2.088678999999999883e-02
2.165473000000000051e-02
2.231568999999999914e-02
2.134499000000000118e-02
2.016735999999999876e-02
1.978819999999999885e-02
1.881379000000000037e-02
1.807682999999999859e-02
1.785441000000000111e-02
1.835954999999999879e-02
1.755868999999999833e-02
1.758840999999999877e-02
1.753591999999999998e-02
1.775940999999999978e-02
1.840653000000000081e-02
1.765678999999999860e-02
1.747933000000000126e-02
1.792633999999999894e-02
1.792467999999999839e-02
1.790133000000000002e-02
1.813280000000000100e-02
1.802211999999999911e-02
1.764479999999999868e-02
1.765925999999999954e-02
1.771672999999999998e-02
1.774219000000000143e-02
1.770054999999999892e-02
1.733000000000000165e-02
1.782202999999999912e-02
1.751132999999999856e-02
1.833382999999999888e-02
1.816314999999999943e-02
1.756179999999999894e-02
1.761284000000000113e-02
1.763545999999999864e-02
1.826360999999999957e-02
1.770800999999999972e-02
1.764792000000000097e-02
1.741461000000000051e-02
1.750333999999999918e-02
1.820735000000000062e-02
1.764749999999999999e-02
1.789065000000000100e-02
1.807769999999999863e-02
1.789752000000000010e-02
1.734443999999999916e-02
1.762015000000000109e-02
1.801350000000000173e-02
1.802021999999999999e-02
1.788176000000000002e-02
1.778489000000000111e-02
1.741824999999999971e-02
1.760014999999999843e-02
1.790657000000000013e-02
1.782641000000000087e-02
1.709211999999999884e-02
1.556867999999999967e-02
