4.100261000000000183e-02
5.182536000000000087e-02
3.632072000000000078e-02
3.352965000000000112e-02
2.459207000000000060e-02
1.920685999999999921e-02
2.286360000000000128e-02
3.055528000000000063e-02
3.521293000000000339e-02
3.685312000000000310e-02
2.790410000000000112e-02
2.595791999999999891e-02
2.845193000000000028e-02
4.670781999999999712e-02
3.311400999999999928e-02
2.740917999999999827e-02
2.599189000000000013e-02
2.615558999999999940e-02
3.090245999999999965e-02
2.615897000000000014e-02
2.989754999999999843e-02
3.139712000000000058e-02
2.391820000000000057e-02
3.001741000000000131e-02
3.132035999999999848e-02
3.041821000000000108e-02
2.580305999999999919e-02
3.270232000000000000e-02
3.867431000000000341e-02
4.555999000000000160e-02
4.292005000000000126e-02
3.204951999999999801e-02
3.124232000000000051e-02
2.413252999999999926e-02
2.634003999999999859e-02
3.269389999999999796e-02
4.440399999999999903e-02
3.731584000000000290e-02
3.439261999999999875e-02
4.039008999999999655e-02
5.512530000000000208e-02
6.285103000000000217e-02
5.012313999999999659e-02
3.834789999999999727e-02
3.394443999999999934e-02
6.495508999999999311e-02
1.152815999999999980e-01
1.684733800000000059e-01
2.452180800000000049e-01
2.569544300000000114e-01
3.083085400000000198e-01
2.815470700000000104e-01
2.439161099999999915e-01
1.962578600000000062e-01
1.081425500000000040e-01
5.727385000000000115e-02
3.499676000000000176e-02
2.757135999999999962e-02
2.429519999999999944e-02
2.583635000000000098e-02
2.914177000000000087e-02
4.704781000000000241e-02
4.183844999999999925e-02
2.570466999999999891e-02
