1.672055000000000069e-02
2.416806000000000162e-02
3.630520999999999748e-02
3.310143000000000113e-02
3.701423000000000213e-02
4.015048999999999702e-02
3.813187999999999994e-02
4.901791999999999955e-02
5.487187999999999788e-02
5.491522000000000070e-02
4.493877000000000288e-02
2.567877000000000007e-02
2.082165999999999878e-02
3.405580999999999886e-02
7.197288000000000296e-02
1.060694499999999957e-01
1.292449800000000093e-01
1.540982999999999936e-01
1.466521199999999969e-01
1.168484199999999945e-01
1.122624799999999978e-01
6.787506999999999568e-02
4.553051999999999794e-02
2.799230999999999941e-02
1.950645000000000157e-02
2.197773999999999908e-02
2.359133000000000063e-02
2.347443000000000099e-02
3.691188000000000108e-02
5.656822000000000239e-02
5.409374000000000127e-02
5.284987000000000018e-02
4.842632999999999660e-02
3.902611000000000274e-02
3.178849000000000258e-02
2.412459000000000131e-02
2.238597000000000156e-02
2.231110999999999858e-02
2.657558000000000142e-02
2.632171000000000163e-02
2.342570999999999889e-02
2.154609999999999859e-02
2.050793999999999881e-02
1.911424000000000109e-02
1.999733000000000066e-02
2.163119999999999973e-02
2.205976000000000117e-02
2.068445000000000006e-02
1.943363000000000035e-02
2.338132000000000058e-02
2.605044000000000110e-02
2.889206000000000066e-02
2.890861999999999946e-02
2.523496000000000072e-02
2.084698999999999927e-02
1.964636000000000160e-02
2.046422000000000171e-02
2.306574999999999945e-02
2.320035000000000153e-02
2.194242999999999888e-02
2.332201999999999886e-02
2.381294999999999940e-02
2.023971000000000103e-02
1.819963999999999957e-02
