1.635025000000000020e-02
1.849879000000000107e-02
1.867910000000000056e-02
1.806721000000000021e-02
1.848868999999999860e-02
1.801331999999999933e-02
1.776078999999999852e-02
1.720785000000000023e-02
1.740869999999999918e-02
1.766366000000000117e-02
1.771408999999999831e-02
1.721243999999999899e-02
1.777690000000000173e-02
1.796087999999999851e-02
1.796259999999999871e-02
1.775954999999999895e-02
1.781380000000000116e-02
1.788845000000000018e-02
1.768066999999999903e-02
1.734812999999999980e-02
1.748780999999999947e-02
1.792909999999999990e-02
1.773726999999999943e-02
1.745189000000000115e-02
1.730775000000000022e-02
1.757297000000000026e-02
1.786661999999999972e-02
1.784702000000000163e-02
1.764751000000000167e-02
1.752280000000000157e-02
1.763228999999999838e-02
1.772436000000000150e-02
1.761201999999999906e-02
1.774935000000000054e-02
1.743708999999999884e-02
1.763808999999999863e-02
1.715453999999999937e-02
1.775281999999999902e-02
1.816577000000000122e-02
1.737435000000000021e-02
1.709155999999999870e-02
1.777043999999999846e-02
1.762384999999999993e-02
1.753495000000000054e-02
1.763732000000000147e-02
1.758753000000000052e-02
1.776283999999999849e-02
1.735640000000000099e-02
1.741801999999999934e-02
1.734435000000000143e-02
1.763978000000000074e-02
1.751582999999999959e-02
1.742441000000000129e-02
1.779176999999999842e-02
1.778835000000000138e-02
1.794002000000000097e-02
1.752754000000000117e-02
1.767430000000000043e-02
1.733418999999999932e-02
1.745678000000000160e-02
1.747469000000000106e-02
1.763941999999999941e-02
1.697498000000000062e-02
1.535511999999999988e-02
