2.889299999999999854e-02
4.899060000000000220e-02
7.664295000000000135e-02
9.231528999999999430e-02
9.668532999999999988e-02
1.206434499999999993e-01
1.093900399999999939e-01
8.887456999999999996e-02
7.027234000000000258e-02
6.514888000000000623e-02
4.692574000000000051e-02
2.953100999999999990e-02
2.202447999999999906e-02
2.052442999999999976e-02
2.251900999999999903e-02
2.398093000000000100e-02
2.910201000000000107e-02
3.700331999999999927e-02
3.431417999999999968e-02
3.200146000000000240e-02
3.633598999999999857e-02
2.974453999999999987e-02
2.532099999999999976e-02
2.078334999999999905e-02
2.042590999999999851e-02
2.006432999999999828e-02
2.012707000000000038e-02
2.027460000000000026e-02
2.167528999999999983e-02
2.202553000000000150e-02
1.873237000000000166e-02
1.900293999999999942e-02
1.863949000000000161e-02
1.776886000000000090e-02
1.917477999999999891e-02
1.966562999999999992e-02
1.896269999999999900e-02
1.930493999999999960e-02
2.135499999999999898e-02
2.146059000000000161e-02
2.114477999999999844e-02
2.050139999999999948e-02
1.921049000000000020e-02
2.005308999999999911e-02
2.306313000000000113e-02
2.203255999999999964e-02
2.136802000000000146e-02
1.949278000000000122e-02
1.853909999999999933e-02
1.799602999999999967e-02
1.901200000000000112e-02
2.095821999999999963e-02
2.244157000000000096e-02
2.298617999999999842e-02
2.048517000000000046e-02
1.900111999999999982e-02
2.108037000000000105e-02
2.341905000000000028e-02
2.258013999999999855e-02
2.102855000000000002e-02
1.964186000000000057e-02
1.871501999999999888e-02
1.794375999999999957e-02
1.701083999999999929e-02
