2.011748000000000008e-02
2.048368999999999884e-02
1.817594000000000154e-02
1.834345000000000073e-02
1.844716000000000064e-02
1.965737000000000040e-02
1.879998000000000086e-02
1.871708000000000052e-02
1.998099999999999876e-02
1.866939000000000098e-02
2.063194999999999960e-02
2.231386999999999954e-02
2.241597999999999855e-02
2.300278999999999865e-02
2.105991000000000113e-02
1.954820999999999989e-02
1.865516000000000049e-02
1.904087000000000141e-02
1.925243999999999914e-02
1.957416000000000017e-02
1.890392999999999935e-02
2.088278000000000009e-02
2.131972000000000034e-02
1.992781000000000066e-02
2.282808000000000059e-02
1.923189000000000148e-02
1.877206000000000014e-02
2.179506000000000152e-02
2.505278000000000019e-02
2.942716000000000082e-02
3.736873999999999751e-02
3.711278999999999967e-02
3.934229999999999672e-02
3.373046999999999851e-02
2.841509999999999869e-02
2.381006000000000095e-02
2.320583999999999841e-02
1.892517999999999978e-02
1.820323999999999900e-02
1.837690999999999977e-02
1.820367999999999986e-02
1.924649000000000151e-02
1.987927999999999917e-02
2.024799999999999864e-02
1.893192000000000139e-02
1.876451000000000160e-02
1.915742000000000139e-02
1.855514999999999942e-02
1.841473000000000068e-02
1.787943000000000171e-02
1.776145000000000154e-02
1.789694999999999828e-02
1.796412999999999829e-02
1.798595000000000055e-02
1.826927999999999885e-02
1.893185000000000007e-02
1.819437000000000138e-02
1.772549000000000000e-02
1.837754999999999944e-02
1.821342000000000100e-02
1.794277999999999845e-02
1.806748999999999855e-02
1.721314999999999998e-02
1.558338000000000084e-02
