2.187586000000000044e-02
2.578062999999999882e-02
2.657098999999999919e-02
4.528216000000000185e-02
4.069060000000000038e-02
4.280706000000000094e-02
3.202420999999999740e-02
3.355744000000000088e-02
2.561128000000000016e-02
1.907342000000000065e-02
2.019761000000000126e-02
2.660590999999999998e-02
2.486717000000000094e-02
3.894758999999999721e-02
4.699662000000000284e-02
3.487606000000000039e-02
4.135107999999999839e-02
4.867413999999999769e-02
4.453765999999999975e-02
5.075357999999999953e-02
3.153711000000000014e-02
2.989224999999999868e-02
4.429290999999999784e-02
8.904014999999999846e-02
1.176575299999999963e-01
1.670000600000000057e-01
1.755609700000000106e-01
1.563472300000000037e-01
1.195384599999999992e-01
7.188890000000000557e-02
3.923982000000000164e-02
2.964748999999999857e-02
2.396647999999999834e-02
1.933549999999999852e-02
2.585737999999999925e-02
2.827052000000000037e-02
3.814271999999999802e-02
5.667496999999999813e-02
5.899926999999999949e-02
5.054415999999999770e-02
4.292669999999999819e-02
3.101606999999999975e-02
2.575034000000000003e-02
2.286652000000000129e-02
2.473660999999999915e-02
2.271876000000000104e-02
2.602600000000000052e-02
2.696215999999999891e-02
2.517961999999999978e-02
2.391093999999999858e-02
2.074658000000000058e-02
1.989337000000000050e-02
2.041516999999999984e-02
2.403426999999999994e-02
2.497243000000000032e-02
2.144056999999999907e-02
2.079502000000000086e-02
1.963791999999999968e-02
1.908011000000000082e-02
1.890442999999999985e-02
2.019543999999999853e-02
2.918586000000000097e-02
2.614243000000000122e-02
1.886271999999999949e-02
