1.839705999999999980e-02
2.010160000000000072e-02
2.276003000000000054e-02
2.470769000000000090e-02
3.011855000000000088e-02
3.177690999999999849e-02
2.927621000000000043e-02
2.697321999999999914e-02
2.319486999999999938e-02
2.182047999999999974e-02
2.608680000000000027e-02
2.378115999999999911e-02
2.264048999999999923e-02
2.384081000000000047e-02
2.026131000000000112e-02
2.239628000000000105e-02
2.523275999999999991e-02
2.646951999999999985e-02
3.071799000000000057e-02
2.556003000000000094e-02
2.347323999999999938e-02
2.320430000000000062e-02
2.951004999999999948e-02
2.966208000000000039e-02
2.937559000000000003e-02
2.537968999999999989e-02
2.844707999999999959e-02
3.207100999999999702e-02
2.612839000000000134e-02
2.146589000000000136e-02
2.347223000000000018e-02
2.491561999999999943e-02
2.973471999999999921e-02
4.215014000000000260e-02
3.889213999999999866e-02
2.786150999999999905e-02
2.340131999999999976e-02
3.170929000000000109e-02
4.235310999999999937e-02
3.344960000000000294e-02
2.851570000000000146e-02
3.373936999999999770e-02
5.172672999999999854e-02
7.431055999999999773e-02
6.154065000000000230e-02
4.736677999999999722e-02
3.915855000000000030e-02
3.022458999999999910e-02
4.217181999999999875e-02
9.672050999999999565e-02
1.298454599999999959e-01
1.509597000000000022e-01
1.980509599999999981e-01
2.240743799999999897e-01
2.196102000000000054e-01
1.812612899999999916e-01
1.602735100000000079e-01
1.308826100000000103e-01
8.613919000000000437e-02
5.643158999999999675e-02
3.649953000000000225e-02
2.783392999999999978e-02
2.125447999999999921e-02
1.997495000000000173e-02
