1.949706999999999829e-02
2.052371000000000056e-02
1.931412000000000059e-02
1.971731999999999999e-02
1.969119000000000078e-02
1.932800999999999964e-02
2.049141000000000157e-02
2.267531999999999881e-02
2.504054000000000002e-02
2.337944999999999954e-02
2.186998000000000067e-02
2.059849000000000055e-02
1.930139000000000160e-02
1.872636000000000092e-02
2.263385000000000050e-02
2.474685000000000079e-02
2.184499000000000163e-02
1.962799999999999961e-02
1.953770999999999980e-02
1.958348000000000033e-02
2.523380000000000067e-02
3.306300000000000211e-02
2.925786000000000012e-02
2.082963999999999996e-02
2.082391999999999924e-02
2.472803000000000154e-02
2.365050999999999959e-02
2.321751999999999844e-02
2.218697999999999851e-02
2.009135999999999908e-02
2.026986000000000065e-02
2.434477999999999989e-02
2.504199999999999829e-02
2.158853999999999981e-02
2.211221999999999840e-02
2.370061000000000043e-02
3.298368000000000133e-02
3.546963999999999673e-02
2.777200999999999975e-02
2.028933000000000125e-02
1.950038000000000118e-02
2.312018000000000059e-02
3.137804999999999761e-02
3.753607999999999945e-02
4.061665999999999888e-02
3.890760000000000052e-02
4.683355000000000157e-02
4.631219000000000308e-02
4.339047000000000043e-02
3.855242999999999864e-02
3.185266999999999959e-02
3.027329000000000131e-02
2.937096999999999972e-02
6.268342000000000358e-02
8.707193000000000571e-02
1.181658399999999942e-01
1.545716699999999943e-01
1.950509099999999940e-01
2.157015899999999986e-01
2.092543799999999898e-01
1.801858199999999965e-01
1.516097499999999876e-01
9.080249999999999433e-02
2.129019999999999871e-02
