1.833127999999999841e-02
2.385220999999999869e-02
3.084749000000000171e-02
3.681488000000000121e-02
4.432831000000000271e-02
4.833297000000000287e-02
4.675440000000000151e-02
4.343923000000000229e-02
3.983476999999999851e-02
3.929411000000000015e-02
3.231578000000000228e-02
2.587599999999999970e-02
2.101897999999999961e-02
1.962631999999999918e-02
1.927654999999999993e-02
1.901645000000000071e-02
2.000559999999999838e-02
2.140614000000000058e-02
2.088624999999999857e-02
2.261567000000000091e-02
2.537920000000000106e-02
2.401555999999999830e-02
2.128825000000000162e-02
1.930758999999999947e-02
1.844981999999999872e-02
1.863880000000000051e-02
1.894472999999999990e-02
1.981677999999999912e-02
1.983352000000000032e-02
1.932539000000000132e-02
1.804013999999999965e-02
1.841026000000000121e-02
1.837870000000000129e-02
1.799724000000000115e-02
1.795340999999999951e-02
1.832676999999999917e-02
1.839512000000000091e-02
1.889120999999999856e-02
1.914487000000000133e-02
1.856502999999999973e-02
1.814937999999999968e-02
1.892109999999999972e-02
1.899653999999999926e-02
1.833065999999999862e-02
1.850658999999999985e-02
1.927664999999999934e-02
1.923439000000000051e-02
1.846735999999999864e-02
1.850119999999999890e-02
1.828186000000000047e-02
1.784637999999999849e-02
1.848218000000000083e-02
1.881396999999999931e-02
1.989047999999999858e-02
1.983829999999999968e-02
1.882682999999999926e-02
1.872605000000000103e-02
1.850395999999999985e-02
1.840063999999999936e-02
1.848301999999999931e-02
1.844592000000000107e-02
1.775882999999999975e-02
1.826617999999999992e-02
1.616470999999999880e-02
