3.727290999999999938e-02
6.512508999999999659e-02
6.403554999999999664e-02
5.115071999999999675e-02
4.531853000000000270e-02
3.254412999999999750e-02
2.803069999999999867e-02
4.534184000000000131e-02
1.037853999999999999e-01
1.506931800000000099e-01
2.080095399999999928e-01
2.554255699999999907e-01
2.905363100000000198e-01
2.600016600000000233e-01
1.966886200000000084e-01
1.685404600000000030e-01
1.238359099999999935e-01
7.119309000000000054e-02
3.279050000000000020e-02
2.316893000000000077e-02
2.294745000000000118e-02
2.320202000000000028e-02
2.644513999999999893e-02
3.711106000000000127e-02
4.598188000000000275e-02
5.852918000000000009e-02
5.457485000000000114e-02
4.297618000000000271e-02
3.281098999999999821e-02
2.880498000000000086e-02
2.587940000000000032e-02
2.602903000000000161e-02
2.614290000000000017e-02
2.551327999999999929e-02
2.571123999999999979e-02
2.551323999999999953e-02
2.102849000000000038e-02
1.866032999999999928e-02
1.902449999999999974e-02
1.893730000000000066e-02
1.919792000000000026e-02
1.889543000000000125e-02
1.883152000000000090e-02
1.900398999999999838e-02
1.886465999999999837e-02
1.908032000000000131e-02
1.941847999999999838e-02
1.966754999999999892e-02
1.861136999999999861e-02
1.907995999999999998e-02
1.908376000000000169e-02
1.916496000000000172e-02
1.975831000000000115e-02
2.099515000000000062e-02
2.030888000000000138e-02
1.992957999999999882e-02
1.850811000000000123e-02
1.820263999999999910e-02
1.868726000000000068e-02
2.127816999999999903e-02
2.200146000000000046e-02
2.074031999999999959e-02
1.933313000000000045e-02
1.715664000000000078e-02
