3.058560999999999919e-02
4.431768999999999986e-02
3.244173999999999669e-02
3.777309000000000222e-02
2.712855999999999948e-02
2.382048000000000151e-02
2.151979999999999865e-02
2.098124999999999990e-02
2.484145000000000103e-02
3.228543999999999858e-02
2.499869000000000049e-02
2.781600000000000045e-02
3.074143999999999835e-02
4.230630999999999975e-02
4.878538999999999792e-02
4.205880000000000035e-02
3.968155000000000293e-02
2.757582000000000089e-02
2.358647999999999995e-02
3.706459000000000142e-02
9.095087999999999784e-02
1.621147500000000019e-01
1.740765400000000018e-01
1.676543400000000128e-01
1.626249800000000023e-01
1.402366200000000063e-01
9.504956999999999989e-02
6.182399999999999701e-02
3.913441000000000142e-02
2.356988999999999959e-02
2.498382000000000033e-02
2.437902999999999945e-02
2.580771999999999927e-02
3.294213000000000002e-02
3.961685000000000206e-02
4.390419000000000266e-02
5.130317000000000210e-02
5.569810000000000039e-02
3.881619000000000042e-02
2.667705999999999897e-02
2.440093999999999944e-02
2.270385000000000111e-02
2.035742999999999928e-02
2.016249000000000166e-02
2.209043999999999938e-02
2.313617999999999925e-02
2.121106000000000033e-02
1.985345000000000165e-02
1.947992000000000126e-02
2.079635000000000164e-02
2.328275999999999957e-02
2.328269999999999992e-02
2.093791000000000055e-02
2.195777999999999966e-02
2.131057000000000090e-02
2.005633999999999889e-02
2.104552000000000159e-02
3.184060999999999836e-02
3.799829999999999874e-02
3.228189000000000058e-02
2.764310000000000031e-02
2.146908000000000150e-02
1.891110999999999834e-02
1.825753000000000098e-02
