2.126547999999999980e-02
2.187992000000000062e-02
1.920329000000000133e-02
1.824676000000000076e-02
2.127986000000000114e-02
2.314845000000000097e-02
2.158867999999999898e-02
2.148960999999999927e-02
2.546400999999999873e-02
3.032603999999999855e-02
3.273634000000000266e-02
3.470613000000000170e-02
3.073000999999999858e-02
2.639893999999999921e-02
2.110789000000000068e-02
1.949236000000000024e-02
2.106167000000000109e-02
3.205846999999999863e-02
5.401560999999999862e-02
7.582039999999999613e-02
9.189545000000000352e-02
9.009602999999999362e-02
7.377095999999999654e-02
4.816629000000000049e-02
3.726277000000000061e-02
2.714350000000000096e-02
2.107285000000000061e-02
1.990625999999999854e-02
2.252956000000000056e-02
2.282375000000000029e-02
2.410125999999999935e-02
3.004015999999999978e-02
3.211305999999999883e-02
3.629900999999999961e-02
3.127751000000000142e-02
2.488065999999999889e-02
2.310660000000000144e-02
2.149536999999999975e-02
2.059891999999999973e-02
2.209503999999999982e-02
2.185016000000000042e-02
2.297188999999999828e-02
2.282473999999999961e-02
1.954002000000000169e-02
1.773477999999999860e-02
1.832769000000000065e-02
1.881154000000000159e-02
1.849427000000000015e-02
1.883390999999999885e-02
1.910925000000000124e-02
2.007170999999999955e-02
2.027425999999999881e-02
1.918823999999999877e-02
1.983702000000000035e-02
1.961540999999999979e-02
2.018048000000000064e-02
2.025273000000000004e-02
1.935442999999999886e-02
1.976717000000000057e-02
1.947836000000000012e-02
1.923876999999999879e-02
2.081902000000000058e-02
2.000125000000000167e-02
1.655821999999999850e-02
