1.753450999999999968e-02
1.974657999999999969e-02
1.964205999999999938e-02
1.910757000000000080e-02
1.990982999999999989e-02
2.031492000000000020e-02
2.148233000000000087e-02
2.224053999999999962e-02
2.526112999999999970e-02
2.333731000000000000e-02
2.214094999999999952e-02
2.104670999999999972e-02
1.926241999999999885e-02
1.899947000000000094e-02
2.227031999999999970e-02
2.452613999999999836e-02
2.276388999999999843e-02
1.964110000000000161e-02
1.829095999999999847e-02
1.888054999999999942e-02
2.299585999999999991e-02
2.895553000000000016e-02
2.671182999999999891e-02
2.044435000000000002e-02
1.971654000000000115e-02
2.235867000000000063e-02
2.477166999999999911e-02
2.441805999999999838e-02
2.268523000000000067e-02
1.930828000000000058e-02
1.945826999999999973e-02
2.113185999999999884e-02
2.349735999999999839e-02
2.264414000000000010e-02
2.143878999999999924e-02
2.113885000000000070e-02
2.456534999999999969e-02
2.791688000000000155e-02
2.381138000000000005e-02
1.935966999999999896e-02
1.854124999999999870e-02
2.017423000000000133e-02
2.313203999999999955e-02
2.631154999999999952e-02
2.575737000000000165e-02
2.652049000000000073e-02
2.959735999999999964e-02
3.368721999999999689e-02
3.359915000000000124e-02
2.893493000000000107e-02
2.779929000000000081e-02
2.445529999999999926e-02
2.217084000000000069e-02
3.316912000000000332e-02
4.444581999999999700e-02
6.004195999999999839e-02
7.485265000000000668e-02
8.709612999999999383e-02
9.215847000000000622e-02
8.363718000000000541e-02
7.760638999999999732e-02
6.896773999999999960e-02
3.803509000000000057e-02
1.764011999999999872e-02
