1.951649999999999913e-02
2.168921000000000043e-02
2.164475999999999900e-02
1.883030000000000120e-02
2.078313000000000035e-02
2.449582999999999969e-02
2.848981999999999903e-02
3.188875000000000043e-02
3.056851000000000013e-02
2.344519000000000117e-02
2.174115999999999896e-02
1.995459000000000122e-02
2.311552000000000051e-02
2.582496000000000097e-02
2.688087000000000115e-02
2.615212000000000092e-02
2.211126999999999884e-02
2.017829000000000150e-02
2.501843000000000122e-02
3.009968000000000019e-02
2.755051999999999848e-02
3.002114000000000171e-02
2.981958999999999999e-02
2.885595999999999994e-02
3.830457000000000306e-02
4.709097000000000283e-02
3.369652000000000064e-02
2.560277999999999859e-02
2.147628999999999858e-02
2.359990000000000004e-02
2.932148000000000046e-02
2.921933000000000169e-02
3.119714000000000168e-02
4.031420000000000142e-02
5.315075999999999828e-02
4.570724000000000314e-02
3.479651000000000272e-02
2.840443000000000134e-02
2.879334000000000060e-02
3.147015000000000229e-02
3.086778999999999912e-02
3.697928999999999800e-02
4.266546999999999701e-02
5.350088000000000066e-02
5.633414999999999950e-02
6.861343000000000303e-02
9.415044000000000191e-02
8.935922999999999783e-02
5.280417999999999917e-02
4.271747000000000044e-02
3.981706000000000134e-02
5.936070000000000235e-02
1.051239699999999971e-01
1.753113900000000114e-01
2.235879199999999956e-01
2.580171499999999729e-01
2.760646900000000015e-01
2.546161399999999908e-01
2.385688400000000042e-01
2.030515499999999973e-01
1.345383500000000010e-01
1.006009999999999960e-01
4.185691999999999885e-02
2.338379000000000152e-02
