1.807620000000000060e-02
2.103599000000000094e-02
1.860600000000000101e-02
1.825904000000000069e-02
1.865597999999999909e-02
1.819114999999999968e-02
1.863184000000000021e-02
2.051253999999999925e-02
2.248421000000000100e-02
2.546222999999999889e-02
2.694877000000000036e-02
2.659061999999999884e-02
2.830542999999999948e-02
2.707775999999999933e-02
2.368166000000000021e-02
2.273031999999999830e-02
2.010937000000000141e-02
1.839560999999999974e-02
1.805050000000000057e-02
1.780576000000000034e-02
1.754373000000000044e-02
1.815266999999999922e-02
1.822100000000000108e-02
1.863953999999999958e-02
1.949926999999999910e-02
1.993804000000000062e-02
1.982822000000000057e-02
1.885904000000000053e-02
1.841815000000000119e-02
1.785323999999999939e-02
1.812124999999999847e-02
1.794485999999999998e-02
1.851745999999999948e-02
1.842730000000000062e-02
1.849270000000000080e-02
1.872719000000000120e-02
1.801697999999999841e-02
1.798811999999999980e-02
1.836783000000000166e-02
1.787663999999999920e-02
1.787122999999999837e-02
1.788951000000000083e-02
1.767364999999999908e-02
1.793393000000000070e-02
1.810203999999999980e-02
1.814059999999999978e-02
1.789019000000000026e-02
1.833602999999999969e-02
1.818913000000000127e-02
1.814522999999999830e-02
1.820770000000000027e-02
1.798916000000000057e-02
1.832415999999999906e-02
1.821534000000000000e-02
1.789796999999999916e-02
1.833906000000000078e-02
1.774573999999999943e-02
1.775786000000000031e-02
1.835453000000000084e-02
1.779659999999999923e-02
1.842475000000000016e-02
1.791763999999999857e-02
1.681648999999999991e-02
1.556452000000000009e-02
