2.675871999999999973e-02
3.229226000000000318e-02
3.065255000000000063e-02
2.498117000000000046e-02
2.254497000000000098e-02
1.869031000000000164e-02
2.012767000000000028e-02
2.105506999999999865e-02
2.658734000000000097e-02
2.771356000000000167e-02
2.436804999999999874e-02
2.602503999999999929e-02
3.104113999999999832e-02
4.237728999999999802e-02
4.528212000000000209e-02
2.924977000000000132e-02
2.650185000000000041e-02
2.229265999999999887e-02
1.995546999999999946e-02
2.748126000000000041e-02
4.449117999999999823e-02
6.613262999999999781e-02
6.178356000000000126e-02
5.353781999999999985e-02
5.388430999999999776e-02
4.888234000000000329e-02
3.936813000000000118e-02
3.076384000000000063e-02
2.195389999999999842e-02
1.947132999999999850e-02
2.270768999999999913e-02
2.287722999999999840e-02
2.418081999999999870e-02
3.279254000000000197e-02
3.794788999999999801e-02
4.199400999999999828e-02
4.849545000000000244e-02
5.029858999999999719e-02
3.716628000000000293e-02
2.808491999999999933e-02
2.575834000000000110e-02
2.358936000000000019e-02
2.173560000000000075e-02
2.316288000000000027e-02
2.608312999999999951e-02
2.408495000000000080e-02
2.020239000000000062e-02
2.096823999999999910e-02
1.972718000000000041e-02
1.944477999999999832e-02
2.203485000000000166e-02
2.265908999999999979e-02
1.992829000000000128e-02
1.919848000000000041e-02
1.929952000000000056e-02
1.852540000000000089e-02
1.856558000000000166e-02
2.111363000000000129e-02
2.249005999999999922e-02
2.149975000000000150e-02
1.944384999999999863e-02
1.862149000000000096e-02
1.766387999999999986e-02
1.567189000000000082e-02
