1.883558999999999928e-02
2.528274999999999967e-02
2.170696000000000084e-02
2.031472999999999959e-02
2.854382999999999920e-02
2.779589999999999839e-02
2.654791999999999916e-02
3.152850000000000097e-02
3.092255000000000004e-02
2.324419000000000138e-02
1.963376999999999831e-02
1.935163000000000161e-02
2.166629000000000124e-02
2.521997000000000128e-02
2.942395000000000080e-02
3.267874999999999946e-02
2.594791000000000111e-02
2.589823999999999946e-02
3.175167999999999741e-02
3.942542000000000268e-02
3.994301000000000101e-02
3.013205000000000050e-02
2.413190999999999947e-02
3.114364000000000021e-02
5.509014999999999745e-02
7.121426999999999619e-02
9.836361999999999883e-02
1.272200199999999892e-01
1.077791200000000060e-01
8.286812999999999818e-02
6.273273000000000044e-02
4.801491000000000092e-02
3.575811999999999741e-02
2.134232000000000143e-02
1.912662000000000043e-02
1.980490999999999849e-02
2.351036999999999919e-02
3.074413000000000146e-02
3.094148000000000037e-02
3.191966000000000248e-02
3.358822999999999670e-02
3.219178000000000317e-02
2.731114999999999932e-02
2.197593000000000116e-02
1.911577999999999888e-02
1.861437000000000161e-02
2.036222999999999853e-02
1.965396999999999977e-02
2.004270000000000010e-02
2.123353999999999867e-02
2.162562999999999985e-02
2.161592000000000027e-02
2.160002999999999923e-02
2.100654000000000063e-02
1.913124999999999895e-02
1.798140000000000155e-02
1.800053999999999890e-02
1.799395999999999982e-02
1.857578000000000007e-02
1.974323000000000050e-02
2.032834000000000030e-02
1.965412000000000062e-02
1.838460999999999915e-02
1.650404000000000107e-02
