1.912596000000000088e-02
2.730178000000000119e-02
3.590880999999999934e-02
5.015829000000000121e-02
6.672873999999999473e-02
7.288740999999999970e-02
8.007248000000000143e-02
8.167899000000000687e-02
7.017808000000000379e-02
6.597347000000000627e-02
5.964508999999999783e-02
3.919828999999999675e-02
2.937220000000000109e-02
2.367139999999999869e-02
2.119400999999999924e-02
2.061349999999999988e-02
2.242403000000000104e-02
2.495792999999999970e-02
2.491126999999999925e-02
2.781054999999999985e-02
3.297375999999999779e-02
3.488513000000000031e-02
2.813610000000000069e-02
2.315738000000000171e-02
2.110549000000000106e-02
2.091671999999999976e-02
2.101439999999999905e-02
2.168076000000000031e-02
2.173189999999999844e-02
2.024110999999999966e-02
1.852155000000000121e-02
1.916634000000000046e-02
1.884732999999999895e-02
1.856613999999999834e-02
1.844493999999999995e-02
1.839228999999999864e-02
1.930721000000000173e-02
1.940143999999999896e-02
1.904453999999999869e-02
1.857860999999999888e-02
1.848409999999999984e-02
1.854137000000000146e-02
1.900425999999999851e-02
1.861049999999999857e-02
1.870752999999999999e-02
1.820433000000000121e-02
1.907908999999999994e-02
1.848125000000000115e-02
1.826082000000000052e-02
1.840779000000000026e-02
1.835412999999999975e-02
1.795435999999999907e-02
1.799059000000000075e-02
1.881317000000000059e-02
1.897431000000000118e-02
1.903490999999999864e-02
1.897830000000000003e-02
1.876256000000000104e-02
1.836548000000000000e-02
1.850985999999999951e-02
1.854248999999999828e-02
1.879145000000000121e-02
1.828634000000000162e-02
1.599605000000000124e-02
