3.378827999999999693e-02
4.678838999999999915e-02
6.900681000000000176e-02
7.246160000000000101e-02
5.377149999999999985e-02
3.769750999999999658e-02
2.475513999999999840e-02
2.139597999999999847e-02
3.200974999999999654e-02
3.252052999999999888e-02
2.850547999999999971e-02
2.678683999999999926e-02
3.231656000000000112e-02
4.802018000000000258e-02
6.531339999999999368e-02
6.228855999999999976e-02
5.760205999999999660e-02
4.531157999999999714e-02
2.939326000000000091e-02
2.143522000000000136e-02
3.633519999999999806e-02
9.432683000000000040e-02
1.385343400000000058e-01
1.513096200000000058e-01
1.859465700000000055e-01
1.976593100000000047e-01
1.648063200000000061e-01
1.275082399999999949e-01
8.633543000000000467e-02
4.252844000000000069e-02
3.220271999999999718e-02
2.568602000000000038e-02
2.945257000000000083e-02
3.026505000000000167e-02
3.755924000000000068e-02
4.498251000000000333e-02
6.068156000000000244e-02
8.425056999999999685e-02
6.851047000000000387e-02
4.491114000000000217e-02
3.335711000000000231e-02
2.881672000000000053e-02
2.420904000000000111e-02
2.710221999999999978e-02
3.230762000000000217e-02
2.640028000000000166e-02
2.554910000000000167e-02
2.961062000000000069e-02
2.890022000000000077e-02
2.290195000000000078e-02
2.158645999999999829e-02
2.009891999999999929e-02
2.087251999999999857e-02
2.641152999999999904e-02
3.160125999999999907e-02
2.860259000000000065e-02
2.119650999999999827e-02
2.366027999999999881e-02
2.854107999999999992e-02
3.029159000000000018e-02
3.137604000000000087e-02
3.479891999999999708e-02
2.564094000000000095e-02
1.988204999999999834e-02
