1.815786999999999957e-02
2.003496000000000096e-02
2.334024000000000168e-02
2.623696999999999835e-02
2.921748000000000053e-02
3.654823000000000099e-02
3.601361000000000145e-02
3.532495000000000079e-02
2.648541999999999910e-02
2.116552000000000017e-02
2.266823999999999922e-02
2.477723000000000078e-02
3.046288999999999941e-02
3.099050000000000069e-02
2.613845999999999878e-02
2.438370999999999941e-02
2.157840999999999926e-02
2.568095000000000100e-02
3.111993000000000051e-02
3.043724999999999903e-02
2.365487000000000145e-02
2.047668000000000058e-02
2.916416000000000147e-02
2.813765999999999837e-02
3.422333999999999793e-02
2.792899000000000076e-02
2.796707999999999833e-02
2.917909000000000128e-02
2.212499999999999883e-02
2.381961999999999968e-02
2.362608999999999890e-02
2.201349999999999835e-02
2.385599000000000053e-02
3.091052999999999856e-02
3.728108000000000116e-02
2.624579999999999969e-02
2.119545999999999930e-02
2.356762000000000093e-02
2.681313000000000099e-02
2.817375000000000088e-02
2.531546999999999964e-02
2.703010000000000135e-02
3.280439999999999745e-02
3.943081999999999837e-02
3.338834000000000246e-02
2.990048999999999832e-02
3.067353000000000093e-02
2.330660999999999844e-02
2.053423999999999874e-02
3.205842999999999887e-02
4.528834000000000332e-02
6.921383999999999870e-02
1.011233200000000026e-01
1.257066000000000017e-01
1.496228699999999912e-01
1.268353799999999976e-01
1.197739200000000059e-01
1.114187100000000041e-01
9.751954999999999651e-02
7.385961000000000609e-02
5.326683000000000112e-02
3.688448999999999894e-02
2.705337000000000020e-02
1.981513000000000024e-02
