1.830858000000000138e-02
2.184507999999999936e-02
2.120671000000000014e-02
1.901285000000000128e-02
2.438413000000000039e-02
3.767834999999999934e-02
4.041866999999999682e-02
4.047731000000000245e-02
3.566994999999999888e-02
2.365636999999999948e-02
1.980919000000000083e-02
2.192896999999999902e-02
2.973995000000000111e-02
3.147094999999999754e-02
2.799797999999999870e-02
2.612145000000000092e-02
2.207088000000000105e-02
2.536737999999999840e-02
3.663239000000000078e-02
3.627525999999999667e-02
3.142816999999999833e-02
2.763122999999999968e-02
3.361783000000000132e-02
3.055853000000000042e-02
3.628728999999999982e-02
3.484537000000000051e-02
2.689926000000000123e-02
2.321341000000000029e-02
2.202304999999999888e-02
2.346441000000000152e-02
2.481935000000000044e-02
2.272367000000000137e-02
2.533956000000000056e-02
3.149619000000000030e-02
4.607147000000000325e-02
3.236544999999999700e-02
2.618919999999999929e-02
2.582784000000000121e-02
3.155833999999999723e-02
3.757189999999999835e-02
3.294402999999999915e-02
3.032624000000000083e-02
3.724438000000000054e-02
5.003181000000000295e-02
4.989361999999999964e-02
5.723845999999999795e-02
7.060576999999999825e-02
5.571904999999999913e-02
3.619417999999999941e-02
3.671495000000000314e-02
4.508076999999999918e-02
8.820538999999999463e-02
1.194562700000000033e-01
1.886600400000000011e-01
2.163336399999999937e-01
2.221788299999999938e-01
2.056129600000000113e-01
1.737885299999999966e-01
1.515080299999999880e-01
1.144039599999999990e-01
7.565969000000000166e-02
4.428706000000000309e-02
2.616475000000000051e-02
2.093362000000000001e-02
