1.988362000000000115e-02
2.746428999999999884e-02
2.166476000000000166e-02
1.858158000000000032e-02
2.013465999999999867e-02
2.187752000000000099e-02
2.201677000000000148e-02
2.180891000000000080e-02
1.959757000000000166e-02
1.928633000000000083e-02
1.948334999999999997e-02
1.947822000000000095e-02
2.186731000000000091e-02
2.149795999999999999e-02
2.063150000000000053e-02
2.133049000000000056e-02
1.956810999999999967e-02
2.205934000000000020e-02
1.977910999999999905e-02
2.644416999999999948e-02
2.581541000000000044e-02
2.004057999999999881e-02
2.455142999999999909e-02
3.486014999999999947e-02
2.743289999999999965e-02
3.051668000000000089e-02
2.602172000000000165e-02
1.999980000000000160e-02
2.197947000000000095e-02
2.342384000000000133e-02
2.700297000000000114e-02
3.712574999999999903e-02
4.349506999999999679e-02
4.060484999999999789e-02
5.204671999999999771e-02
4.652446999999999833e-02
4.150527999999999856e-02
3.013797000000000004e-02
2.790532999999999902e-02
4.037583000000000144e-02
8.377846999999999378e-02
1.514595999999999998e-01
1.923600699999999941e-01
2.164024599999999909e-01
2.318291100000000049e-01
1.807034499999999877e-01
1.521529399999999865e-01
1.077808100000000047e-01
6.052762999999999893e-02
2.954102000000000117e-02
2.227356999999999948e-02
2.341535999999999965e-02
3.004640999999999909e-02
5.157003999999999755e-02
9.858076000000000338e-02
9.809840000000000226e-02
8.232958999999999417e-02
7.282900000000000484e-02
7.161892000000000258e-02
9.016006000000000020e-02
6.522273000000000653e-02
4.319278000000000006e-02
3.056309999999999930e-02
2.036313000000000012e-02
