2.686269999999999977e-02
3.189120000000000149e-02
2.729759000000000005e-02
2.487052000000000013e-02
2.419637999999999997e-02
2.141695000000000057e-02
2.074339000000000044e-02
2.294705000000000009e-02
2.763414000000000148e-02
2.939061000000000104e-02
3.092405999999999974e-02
4.151690999999999715e-02
4.864224000000000325e-02
5.472627000000000047e-02
4.702278000000000013e-02
3.022630000000000108e-02
2.420647999999999897e-02
2.608854000000000034e-02
4.011429999999999857e-02
6.966775999999999525e-02
1.147677500000000017e-01
1.385012700000000097e-01
1.291681100000000026e-01
1.057907399999999942e-01
8.879881000000000579e-02
7.702789999999999637e-02
4.829717000000000038e-02
3.123886000000000024e-02
2.240442999999999948e-02
2.029457999999999956e-02
2.301993000000000095e-02
2.737080000000000068e-02
3.002269000000000118e-02
4.700486999999999721e-02
4.823369999999999741e-02
4.169122000000000106e-02
4.425491000000000147e-02
4.163472000000000006e-02
3.126580000000000331e-02
2.755062000000000136e-02
2.864467000000000055e-02
2.783363999999999977e-02
2.423902000000000001e-02
2.163340000000000055e-02
2.449511999999999870e-02
2.434684000000000154e-02
2.104055000000000161e-02
2.024311000000000166e-02
2.083101999999999870e-02
2.277840000000000073e-02
2.581137000000000015e-02
2.410326000000000135e-02
2.033236000000000071e-02
1.914443000000000047e-02
2.064240999999999993e-02
2.197100000000000095e-02
2.255586999999999870e-02
2.882954999999999893e-02
3.144965999999999734e-02
2.675314999999999985e-02
2.094410999999999842e-02
1.902343999999999910e-02
1.879018999999999828e-02
1.839645000000000169e-02
