1.900274000000000060e-02
2.004662999999999931e-02
2.562866999999999923e-02
2.025004999999999861e-02
1.987846000000000057e-02
2.097637999999999933e-02
1.801575000000000051e-02
1.971693000000000057e-02
1.868939999999999838e-02
2.092513999999999832e-02
2.121773999999999882e-02
1.858109999999999970e-02
2.205330000000000137e-02
2.407737999999999892e-02
2.623400999999999858e-02
2.438931000000000085e-02
2.194646000000000097e-02
2.014366000000000073e-02
1.925073000000000062e-02
1.896137999999999990e-02
2.016789999999999902e-02
2.434371000000000104e-02
2.419875999999999971e-02
2.683657000000000056e-02
2.354900000000000049e-02
2.966357999999999842e-02
3.431664000000000242e-02
3.159131999999999912e-02
2.399507999999999849e-02
2.106581999999999899e-02
2.642937000000000064e-02
3.477376000000000078e-02
5.689100999999999880e-02
6.867971999999999966e-02
6.274899000000000449e-02
7.134024999999999395e-02
6.369249000000000438e-02
5.004042000000000212e-02
4.051213000000000036e-02
2.322495999999999935e-02
1.917256000000000168e-02
1.844550999999999830e-02
1.848027000000000003e-02
1.941034000000000162e-02
2.108907000000000143e-02
2.566099000000000158e-02
3.195796000000000053e-02
2.762457999999999927e-02
2.374872000000000094e-02
2.485193000000000124e-02
2.464221000000000120e-02
2.168741000000000071e-02
2.017537999999999970e-02
2.148989000000000107e-02
2.191769999999999829e-02
2.229093999999999867e-02
2.451860999999999971e-02
2.522819999999999924e-02
2.585281999999999858e-02
2.158716000000000107e-02
2.343417999999999890e-02
2.314893000000000159e-02
1.933750999999999873e-02
1.667462000000000111e-02
