2.026162000000000102e-02
2.294366000000000114e-02
2.351119999999999946e-02
2.048542000000000071e-02
1.861842000000000011e-02
1.962658999999999931e-02
1.987022999999999914e-02
1.920575999999999880e-02
1.967527999999999985e-02
2.164398000000000016e-02
2.170553999999999886e-02
1.972530999999999937e-02
1.868558000000000024e-02
2.029455000000000148e-02
2.302813000000000082e-02
2.618329999999999963e-02
2.154286999999999869e-02
1.841858999999999857e-02
1.801528000000000157e-02
2.026352000000000014e-02
1.896986999999999979e-02
2.087075000000000041e-02
2.050379999999999911e-02
2.116724000000000036e-02
2.627291000000000001e-02
2.981481999999999882e-02
3.090344000000000077e-02
2.461742000000000097e-02
2.118659999999999988e-02
2.051458999999999921e-02
2.120912000000000144e-02
2.430819999999999856e-02
2.464008000000000170e-02
2.955922000000000063e-02
3.606199000000000210e-02
3.484363000000000044e-02
3.555342999999999698e-02
3.893416999999999711e-02
2.988895000000000093e-02
2.294985999999999901e-02
2.247562000000000171e-02
3.922000999999999959e-02
6.216772999999999744e-02
8.520914000000000266e-02
1.037627899999999936e-01
1.088318699999999972e-01
1.123229899999999976e-01
1.076696000000000042e-01
8.666928000000000132e-02
4.895734999999999670e-02
4.444021000000000082e-02
3.240284999999999693e-02
2.173134999999999997e-02
2.285320000000000060e-02
2.317960000000000159e-02
2.436262999999999970e-02
2.588709000000000149e-02
2.830989999999999895e-02
3.308958000000000038e-02
4.201222999999999763e-02
4.141804000000000319e-02
3.605894999999999934e-02
2.262329000000000076e-02
1.793770999999999907e-02
