2.210285000000000027e-02
2.491582000000000172e-02
2.259382000000000057e-02
2.279988999999999974e-02
2.982198000000000140e-02
2.745480000000000143e-02
2.383352999999999861e-02
2.121707999999999927e-02
1.967864999999999892e-02
1.906773999999999969e-02
2.087202999999999975e-02
2.336600000000000135e-02
2.217732999999999857e-02
2.496102999999999864e-02
2.405451000000000117e-02
2.040184000000000095e-02
2.193118999999999971e-02
2.431931999999999844e-02
2.186294000000000085e-02
2.360481999999999858e-02
2.637029999999999930e-02
2.240610000000000171e-02
3.198594999999999910e-02
3.476362999999999676e-02
2.827233999999999997e-02
2.446175999999999906e-02
2.184834000000000082e-02
2.035518999999999870e-02
2.086148000000000169e-02
2.317775999999999864e-02
2.637371000000000160e-02
3.172664000000000040e-02
3.693509999999999849e-02
4.046106000000000008e-02
4.669899000000000272e-02
3.980166999999999733e-02
3.154843999999999704e-02
2.408754999999999924e-02
2.830989000000000075e-02
4.396350999999999731e-02
7.631654000000000215e-02
1.053283099999999944e-01
1.320267499999999983e-01
1.440767299999999862e-01
1.226502099999999956e-01
9.300298999999999372e-02
7.361787000000000192e-02
5.259267000000000108e-02
2.967097000000000137e-02
2.155276999999999887e-02
1.979231000000000046e-02
2.072471999999999856e-02
2.492598999999999856e-02
3.613285000000000108e-02
5.224977000000000094e-02
4.809618000000000226e-02
4.591093000000000257e-02
4.058051000000000019e-02
3.718351999999999768e-02
3.739155000000000256e-02
3.122652000000000067e-02
2.424965000000000107e-02
1.994956000000000160e-02
1.781693999999999986e-02
