2.125658999999999882e-02
2.368630999999999862e-02
2.117250999999999855e-02
2.284622000000000042e-02
2.199745999999999993e-02
2.082316999999999849e-02
1.950073000000000084e-02
2.338925999999999852e-02
2.622589000000000170e-02
2.910758000000000095e-02
2.927909000000000067e-02
2.492656000000000038e-02
1.999182000000000042e-02
1.920196999999999876e-02
2.404047999999999949e-02
2.999140000000000139e-02
2.722513999999999837e-02
2.188628000000000101e-02
1.909869999999999970e-02
1.849987999999999980e-02
2.525261000000000172e-02
3.758625000000000160e-02
3.273043999999999953e-02
2.313482000000000038e-02
1.896874999999999950e-02
2.694683999999999968e-02
2.866045000000000051e-02
2.957803999999999989e-02
2.609869000000000078e-02
2.046132999999999980e-02
2.008369000000000126e-02
2.293069000000000010e-02
2.966043999999999972e-02
2.414316000000000031e-02
2.830126999999999990e-02
2.746358000000000132e-02
3.638457999999999970e-02
4.371495999999999715e-02
3.066148999999999958e-02
2.173316999999999957e-02
2.119982999999999937e-02
2.582535000000000039e-02
3.975809000000000287e-02
4.531371000000000010e-02
4.248170999999999892e-02
4.078650000000000331e-02
5.442359000000000085e-02
5.485832999999999682e-02
5.150103999999999793e-02
4.599733999999999767e-02
4.202105999999999897e-02
2.520135000000000083e-02
2.213274000000000144e-02
5.017305999999999849e-02
7.922622999999999471e-02
1.011672200000000021e-01
1.467770599999999870e-01
2.054757500000000126e-01
2.183984399999999992e-01
2.291340099999999991e-01
2.237136100000000072e-01
1.709072899999999895e-01
9.879601999999999828e-02
2.180220999999999895e-02
