1.819679999999999909e-02
2.216537000000000021e-02
1.998093000000000091e-02
2.079537000000000052e-02
2.500934999999999964e-02
2.500998000000000110e-02
2.144758999999999902e-02
1.950048000000000059e-02
1.832850000000000104e-02
1.871994999999999909e-02
2.033748000000000153e-02
2.154319000000000026e-02
2.065989999999999840e-02
2.067019999999999968e-02
1.997122999999999954e-02
1.879557000000000103e-02
1.903111000000000039e-02
2.191799999999999998e-02
2.249962000000000142e-02
2.272839000000000109e-02
2.315866000000000105e-02
2.404504000000000016e-02
2.906332999999999833e-02
2.799338000000000173e-02
2.546431000000000042e-02
2.318633000000000152e-02
2.099575999999999873e-02
1.956617000000000078e-02
2.155537999999999899e-02
2.263986999999999944e-02
2.308141000000000012e-02
2.745718000000000117e-02
3.310688999999999993e-02
3.058866000000000016e-02
3.267811999999999800e-02
3.061062999999999978e-02
2.564898999999999998e-02
2.450781999999999961e-02
3.504933999999999827e-02
4.567092999999999847e-02
7.495366000000000528e-02
1.145638800000000068e-01
1.266305699999999979e-01
1.320894200000000129e-01
1.144849899999999948e-01
8.577060000000000239e-02
6.028134999999999744e-02
4.465269999999999656e-02
3.136823999999999862e-02
2.343682999999999877e-02
2.166685999999999959e-02
2.281222999999999931e-02
2.818299000000000151e-02
3.737104000000000120e-02
5.122292999999999985e-02
6.604026000000000340e-02
5.207852999999999788e-02
4.500577000000000050e-02
4.436050999999999883e-02
4.184034999999999838e-02
3.337497999999999854e-02
2.643022999999999900e-02
2.102648999999999838e-02
1.742290999999999979e-02
