1.788727000000000025e-02
2.092986999999999972e-02
2.117248999999999867e-02
2.570497000000000060e-02
2.928866999999999929e-02
3.815643999999999980e-02
3.222872999999999710e-02
2.978986000000000134e-02
2.455289000000000083e-02
2.119901999999999898e-02
2.329000999999999988e-02
2.591188999999999992e-02
2.575095999999999982e-02
2.716889000000000109e-02
2.170526999999999873e-02
2.305317000000000130e-02
2.733104000000000089e-02
2.746565000000000117e-02
3.207530000000000103e-02
2.814209999999999975e-02
2.527654000000000012e-02
2.552083000000000129e-02
3.255610999999999922e-02
3.059076999999999977e-02
3.284916999999999698e-02
3.285852000000000217e-02
2.877336999999999950e-02
3.469474000000000169e-02
2.742011000000000101e-02
2.296041000000000054e-02
2.436715999999999882e-02
2.717504000000000100e-02
3.317261999999999988e-02
4.190002999999999783e-02
5.044476999999999989e-02
3.578188999999999675e-02
2.418516000000000069e-02
2.996497000000000049e-02
4.004288999999999765e-02
3.701132000000000033e-02
2.953195000000000126e-02
3.460533999999999832e-02
5.435956000000000121e-02
7.019553000000000598e-02
6.939112999999999531e-02
5.680096999999999924e-02
5.798331999999999792e-02
4.330902999999999836e-02
3.696025000000000005e-02
7.067160000000000108e-02
9.920645999999999631e-02
1.221422100000000011e-01
1.712511800000000028e-01
2.343775200000000059e-01
2.079247100000000126e-01
1.841288700000000000e-01
1.611669199999999913e-01
1.440408099999999914e-01
1.233508700000000013e-01
8.177280000000000659e-02
4.772959000000000229e-02
2.866114000000000162e-02
2.320084000000000035e-02
2.120661000000000074e-02
