1.640453999999999871e-02
2.119416000000000008e-02
2.058679999999999885e-02
1.898493000000000056e-02
1.956072000000000019e-02
2.103477999999999945e-02
2.247940000000000008e-02
2.389323000000000141e-02
2.602861000000000063e-02
2.359467999999999982e-02
2.106388000000000010e-02
1.939982000000000165e-02
1.930855000000000071e-02
2.525983000000000048e-02
2.901915000000000050e-02
3.314046999999999826e-02
2.900888000000000078e-02
2.491014999999999896e-02
2.769906000000000104e-02
3.855046000000000167e-02
4.215061999999999975e-02
2.823084999999999831e-02
1.978254000000000123e-02
1.993222000000000049e-02
3.643971000000000016e-02
6.314222999999999364e-02
8.670405000000000473e-02
1.039499499999999993e-01
1.072495200000000010e-01
9.349246999999999419e-02
7.603331000000000672e-02
5.424926000000000054e-02
3.980613000000000207e-02
2.585811999999999833e-02
1.981491999999999976e-02
1.918540999999999996e-02
1.934454999999999855e-02
1.918109000000000133e-02
1.940292000000000058e-02
2.250983000000000150e-02
2.498801000000000147e-02
2.733040999999999943e-02
2.735918000000000030e-02
2.732924999999999938e-02
2.449683999999999889e-02
2.077354000000000006e-02
1.921484000000000039e-02
1.936691000000000107e-02
2.011469999999999925e-02
2.222253000000000075e-02
2.176613000000000159e-02
2.079189999999999858e-02
2.149832000000000132e-02
1.999528000000000069e-02
1.890313999999999883e-02
1.942425000000000054e-02
1.968829999999999886e-02
1.932812000000000072e-02
1.929969000000000129e-02
2.083489999999999995e-02
2.093816000000000080e-02
1.907771999999999940e-02
1.790651999999999869e-02
1.638343000000000091e-02
