2.821310999999999958e-02
3.574854000000000226e-02
2.448117000000000001e-02
2.374224999999999947e-02
2.447146999999999864e-02
2.980123999999999967e-02
8.093822999999999990e-02
6.394650000000000334e-02
1.024050100000000046e-01
1.234193400000000024e-01
1.155752800000000025e-01
8.630306000000000088e-02
7.793985000000000496e-02
4.774078999999999823e-02
3.307349999999999873e-02
3.100152999999999937e-02
2.550298999999999969e-02
1.952709000000000042e-02
2.144050000000000122e-02
1.960461000000000148e-02
2.016178999999999888e-02
2.210428000000000046e-02
2.350696000000000035e-02
2.415192000000000033e-02
2.833354000000000081e-02
2.703275999999999943e-02
2.383158000000000151e-02
2.045189999999999855e-02
1.954037999999999956e-02
1.962130999999999945e-02
1.927997999999999865e-02
1.973625999999999853e-02
1.990226000000000148e-02
1.977751000000000162e-02
1.956725000000000131e-02
1.904095999999999914e-02
1.889681000000000000e-02
1.925353999999999954e-02
1.876150000000000040e-02
1.914539000000000171e-02
1.852737999999999954e-02
1.830350999999999853e-02
1.910840999999999928e-02
2.008083999999999911e-02
1.985649999999999915e-02
2.030024000000000065e-02
1.927101999999999982e-02
1.890379000000000018e-02
1.866823999999999914e-02
2.008373999999999923e-02
2.311097000000000151e-02
2.112744999999999901e-02
2.092569000000000026e-02
1.866829999999999878e-02
1.958133000000000096e-02
2.007151999999999895e-02
2.022519999999999873e-02
2.101601999999999984e-02
2.178416000000000033e-02
2.007416000000000061e-02
2.031691000000000052e-02
2.039020000000000069e-02
1.912066000000000113e-02
1.723169000000000090e-02
