1.922766000000000058e-02
2.704542999999999878e-02
2.660368999999999928e-02
4.090760999999999703e-02
3.537483000000000294e-02
3.413646000000000041e-02
2.961253000000000149e-02
2.246833999999999984e-02
2.542153000000000121e-02
2.292668999999999957e-02
1.968777999999999848e-02
2.462670999999999957e-02
2.354733000000000173e-02
3.088337999999999847e-02
3.766473000000000043e-02
3.846010999999999874e-02
3.684576999999999991e-02
3.572581999999999841e-02
3.438909999999999884e-02
3.109419999999999892e-02
2.458791999999999922e-02
3.263805000000000178e-02
4.635704000000000213e-02
7.018948999999999327e-02
1.034723000000000032e-01
1.349830599999999881e-01
1.370051800000000042e-01
1.339768600000000032e-01
9.339398999999999618e-02
5.575545999999999974e-02
3.353909000000000057e-02
2.590537999999999869e-02
2.695122999999999963e-02
2.302322000000000049e-02
2.935884999999999884e-02
2.506096000000000018e-02
3.271290999999999782e-02
4.727856999999999893e-02
4.750592000000000009e-02
3.828742000000000256e-02
3.280679000000000234e-02
2.668635999999999925e-02
2.244778999999999872e-02
2.340650000000000022e-02
2.560383000000000103e-02
2.399060999999999902e-02
2.322116999999999931e-02
2.582283999999999968e-02
2.424845000000000125e-02
2.117451999999999876e-02
1.986158999999999841e-02
1.867647999999999878e-02
1.928248000000000115e-02
2.242925999999999948e-02
2.474749999999999867e-02
2.158026999999999862e-02
1.977345000000000144e-02
1.902314999999999909e-02
1.935900999999999941e-02
1.926065000000000069e-02
2.448799999999999935e-02
2.464826000000000170e-02
2.595882000000000051e-02
1.797028999999999987e-02
