2.053301999999999905e-02
2.069220000000000087e-02
2.532208000000000028e-02
2.645344999999999988e-02
2.757959000000000105e-02
2.343015999999999849e-02
1.989799999999999902e-02
2.191202000000000080e-02
2.297634000000000135e-02
2.196230000000000057e-02
2.247624000000000150e-02
2.114119000000000068e-02
1.896868000000000165e-02
1.969606000000000134e-02
2.357694000000000109e-02
2.903522000000000047e-02
2.405306000000000111e-02
2.034858000000000153e-02
2.307777000000000092e-02
3.362865000000000298e-02
3.346008999999999789e-02
3.424375000000000335e-02
2.434752000000000097e-02
2.200505000000000169e-02
2.661356999999999959e-02
2.330025000000000152e-02
3.160348000000000324e-02
2.814215000000000119e-02
2.768638000000000002e-02
3.729187999999999947e-02
3.933675999999999839e-02
4.478390000000000148e-02
4.968320999999999849e-02
2.933018999999999904e-02
3.222247999999999779e-02
5.490935999999999734e-02
6.966247000000000411e-02
1.225080999999999948e-01
1.545156699999999939e-01
1.500018800000000041e-01
1.339479500000000101e-01
1.147024299999999941e-01
8.149792000000000147e-02
5.188733999999999708e-02
2.429786999999999919e-02
2.276564000000000018e-02
2.332145000000000051e-02
2.658893999999999841e-02
3.298576000000000286e-02
3.800919999999999993e-02
5.371821000000000235e-02
6.304548000000000096e-02
6.914865000000000594e-02
6.621346000000000176e-02
4.822204000000000074e-02
4.134194000000000063e-02
3.150477000000000138e-02
2.086234000000000005e-02
2.385365000000000055e-02
2.531192000000000164e-02
2.834145000000000067e-02
3.824733999999999773e-02
3.463694999999999968e-02
2.093508999999999995e-02
