2.278575000000000045e-02
4.826098000000000193e-02
5.546778000000000125e-02
4.909826999999999941e-02
7.791510999999999576e-02
8.604651000000000660e-02
7.253611999999999560e-02
6.025809000000000026e-02
4.086216000000000154e-02
3.142226000000000047e-02
2.708137999999999865e-02
5.493483999999999867e-02
1.069169900000000034e-01
1.620793199999999989e-01
2.071987999999999885e-01
2.767825099999999816e-01
2.910898599999999781e-01
2.430720799999999959e-01
1.830154200000000120e-01
1.298832000000000042e-01
7.919455000000000244e-02
4.259484999999999660e-02
2.792661999999999922e-02
2.865022999999999875e-02
3.347802999999999890e-02
3.913822000000000134e-02
5.300225000000000075e-02
6.263657999999999726e-02
6.552185000000000648e-02
8.005916999999999895e-02
6.645217000000000485e-02
4.455018000000000172e-02
3.469379000000000213e-02
3.364774000000000237e-02
3.770431999999999950e-02
3.972794000000000325e-02
3.454310000000000019e-02
2.384995000000000170e-02
2.335479999999999848e-02
2.879363999999999882e-02
2.848461999999999869e-02
2.249011000000000066e-02
2.017050000000000093e-02
2.058358999999999883e-02
2.271010999999999863e-02
2.342819999999999972e-02
2.549155000000000171e-02
2.500350999999999962e-02
2.692767999999999898e-02
4.123220999999999831e-02
3.817235000000000072e-02
3.148283999999999805e-02
2.507519999999999888e-02
2.202549000000000173e-02
2.236227999999999827e-02
2.835019000000000081e-02
2.888225999999999988e-02
3.269981999999999750e-02
2.985298000000000118e-02
2.387380000000000058e-02
1.956335999999999839e-02
2.270395000000000052e-02
2.301397999999999985e-02
2.171941000000000149e-02
