1.681782000000000069e-02
1.903648000000000146e-02
1.876339000000000132e-02
1.806448999999999902e-02
1.792724999999999874e-02
2.005797000000000135e-02
2.194603999999999999e-02
2.414898999999999865e-02
2.389182999999999932e-02
2.179706000000000005e-02
1.944668000000000091e-02
1.855994000000000047e-02
1.917595000000000063e-02
1.983854999999999993e-02
2.180081999999999853e-02
2.205516999999999894e-02
1.991240000000000024e-02
1.869157999999999931e-02
1.895948000000000078e-02
2.104415000000000105e-02
2.188860999999999932e-02
2.341905999999999849e-02
2.172139000000000014e-02
1.969622999999999860e-02
2.067228999999999942e-02
2.187920000000000142e-02
2.173972000000000057e-02
2.067547000000000135e-02
1.919095999999999996e-02
1.798233999999999944e-02
1.924017000000000088e-02
2.047592000000000162e-02
2.128932000000000047e-02
2.080964000000000078e-02
2.117269000000000095e-02
2.118234000000000089e-02
2.267417999999999864e-02
2.312602999999999881e-02
2.055606000000000100e-02
1.888033000000000072e-02
1.908993999999999969e-02
2.045829999999999871e-02
2.221831999999999974e-02
2.298605999999999913e-02
2.276196000000000122e-02
2.452123000000000150e-02
3.226733999999999852e-02
3.071091999999999919e-02
2.837498000000000103e-02
2.410709000000000116e-02
2.035785999999999846e-02
2.115190999999999946e-02
2.426678999999999989e-02
2.688865000000000005e-02
4.694373000000000296e-02
5.584697000000000272e-02
6.210203000000000251e-02
6.790625000000000133e-02
6.724296999999999913e-02
5.814252000000000309e-02
4.870555000000000023e-02
4.278256999999999893e-02
2.924260999999999874e-02
1.722384999999999888e-02
