1.918243000000000031e-02
2.070796000000000095e-02
1.993193000000000048e-02
1.848572999999999883e-02
2.076193000000000136e-02
2.531537999999999844e-02
3.071799999999999878e-02
3.315097000000000182e-02
3.079876999999999962e-02
2.360637000000000152e-02
2.017129999999999965e-02
1.967796999999999949e-02
2.233436999999999922e-02
2.643072000000000130e-02
2.414097999999999938e-02
2.514885000000000037e-02
2.060582000000000039e-02
1.996799999999999964e-02
2.311252999999999919e-02
2.563632999999999884e-02
2.753107000000000124e-02
2.708119999999999972e-02
3.059664999999999954e-02
2.550836000000000076e-02
3.090234999999999857e-02
3.142924999999999885e-02
2.736469999999999875e-02
2.151298999999999920e-02
1.987457000000000112e-02
1.998832000000000039e-02
2.219416999999999918e-02
2.534638000000000169e-02
2.214655000000000096e-02
2.832720000000000030e-02
3.531271999999999883e-02
3.228193000000000035e-02
2.852473999999999982e-02
2.463107999999999964e-02
2.373149000000000092e-02
2.610494999999999829e-02
2.678963999999999998e-02
3.107230000000000061e-02
3.652778000000000275e-02
4.442381000000000107e-02
4.594357999999999775e-02
5.048770999999999815e-02
6.703251999999999822e-02
6.206396000000000135e-02
4.162218000000000168e-02
3.174224999999999963e-02
3.059494999999999923e-02
4.385479999999999934e-02
6.684848999999999652e-02
1.128586099999999981e-01
1.488286400000000120e-01
1.626933100000000076e-01
1.616258799999999995e-01
1.651635499999999923e-01
1.624635899999999911e-01
1.349818299999999971e-01
1.022634099999999990e-01
6.561936000000000158e-02
2.918420999999999862e-02
2.003332999999999850e-02
