2.265713000000000102e-02
2.513026999999999969e-02
2.529489000000000043e-02
2.820628000000000024e-02
2.587563999999999836e-02
2.336351999999999873e-02
2.067478000000000024e-02
1.988132000000000094e-02
2.101561999999999875e-02
2.493762999999999883e-02
2.554520000000000055e-02
2.251376999999999892e-02
2.030134999999999926e-02
2.153619999999999840e-02
2.283676000000000109e-02
2.421366999999999964e-02
3.095540999999999918e-02
2.687238999999999947e-02
2.145166000000000087e-02
1.888159000000000018e-02
2.240682999999999911e-02
2.646505000000000038e-02
2.249138999999999999e-02
2.267914000000000041e-02
1.941239999999999979e-02
2.219254999999999839e-02
2.580185999999999938e-02
3.098379000000000064e-02
2.571185000000000137e-02
2.649007999999999918e-02
2.721474999999999936e-02
3.308122000000000146e-02
2.809261999999999870e-02
2.798538000000000067e-02
2.409593000000000151e-02
2.461966999999999975e-02
2.866401000000000018e-02
3.629231000000000124e-02
2.915743999999999975e-02
2.655147999999999883e-02
3.123512000000000163e-02
4.153272000000000214e-02
5.105574000000000223e-02
5.178850000000000120e-02
3.550194999999999740e-02
2.824942999999999899e-02
3.070681999999999925e-02
5.929331000000000185e-02
9.862464999999999427e-02
1.468934699999999982e-01
1.781713199999999941e-01
1.722983899999999957e-01
1.654826299999999917e-01
1.622328299999999945e-01
1.470718500000000040e-01
1.089364500000000041e-01
6.534687000000000134e-02
4.257604000000000249e-02
3.292989000000000333e-02
2.397753000000000037e-02
2.038316999999999907e-02
2.024462999999999957e-02
2.114647999999999875e-02
1.963807000000000053e-02
