1.710247999999999977e-02
1.882580000000000017e-02
2.085526999999999867e-02
2.371302999999999953e-02
2.651964000000000057e-02
2.292666000000000148e-02
2.250869999999999954e-02
1.886271000000000128e-02
1.814255999999999855e-02
2.826926000000000092e-02
2.549200999999999898e-02
2.130798000000000067e-02
2.301542000000000171e-02
2.477733999999999839e-02
2.767705000000000165e-02
2.851327999999999849e-02
3.193465000000000192e-02
3.308272000000000296e-02
2.345295000000000019e-02
1.908436999999999981e-02
1.985177000000000122e-02
2.419873999999999983e-02
3.698889999999999817e-02
3.359920999999999741e-02
2.896481000000000056e-02
3.311311000000000115e-02
5.013307000000000180e-02
6.221838999999999842e-02
4.931780000000000191e-02
3.563260000000000038e-02
2.114548999999999943e-02
2.090066000000000146e-02
5.883436999999999695e-02
1.017226299999999944e-01
1.532404099999999936e-01
1.945825499999999930e-01
2.024341400000000124e-01
1.999506100000000008e-01
1.406803100000000029e-01
8.348355000000000359e-02
4.092997000000000302e-02
2.609360999999999972e-02
2.373371000000000161e-02
2.420523000000000119e-02
2.594161999999999857e-02
2.996582000000000065e-02
4.465762999999999677e-02
3.779620999999999675e-02
4.589097999999999788e-02
5.055115999999999776e-02
5.798273999999999789e-02
4.515430000000000138e-02
3.114159999999999845e-02
2.872743000000000171e-02
3.030949999999999964e-02
3.103546999999999903e-02
3.750614000000000031e-02
3.637013000000000051e-02
3.040845999999999827e-02
2.816099000000000033e-02
3.558147999999999866e-02
3.701354999999999923e-02
3.367828999999999962e-02
1.869151999999999966e-02
