5.160175000000000178e-02
1.103135900000000030e-01
1.091964899999999933e-01
9.356949000000000516e-02
7.847548999999999497e-02
6.975742999999999527e-02
5.226528999999999897e-02
3.254879000000000105e-02
2.294975999999999960e-02
2.215175999999999951e-02
2.433064999999999881e-02
2.460218000000000127e-02
2.620921000000000015e-02
3.262831000000000065e-02
4.175401000000000112e-02
4.034961000000000103e-02
4.096008000000000288e-02
4.220328000000000274e-02
3.328593999999999997e-02
2.539245999999999864e-02
2.297756000000000104e-02
2.066277999999999865e-02
1.919136999999999926e-02
1.913124000000000074e-02
2.149678000000000005e-02
2.158780999999999894e-02
1.907893000000000089e-02
1.958889999999999937e-02
1.951962000000000141e-02
1.894817999999999850e-02
1.960113000000000133e-02
2.006681999999999910e-02
1.933290999999999829e-02
1.888965000000000088e-02
1.845636999999999972e-02
1.902300000000000171e-02
1.957913000000000014e-02
2.120226000000000055e-02
2.015810999999999992e-02
1.864087999999999856e-02
1.870865999999999849e-02
2.098722999999999908e-02
2.250094999999999873e-02
2.559733000000000147e-02
2.227114999999999997e-02
1.950088999999999989e-02
2.107892999999999920e-02
2.390868000000000160e-02
2.335028999999999924e-02
2.214860999999999913e-02
2.027288000000000007e-02
1.940340999999999941e-02
1.918786999999999923e-02
2.100290000000000143e-02
2.151716999999999866e-02
2.327308000000000154e-02
2.075482000000000021e-02
2.089852000000000029e-02
2.077238000000000001e-02
2.003419999999999854e-02
2.118153999999999870e-02
2.282848999999999989e-02
1.957015000000000143e-02
1.795334999999999986e-02
