2.065900999999999849e-02
2.604209000000000038e-02
2.550604000000000066e-02
3.005143999999999871e-02
3.172068000000000110e-02
4.131432000000000160e-02
5.126293999999999990e-02
5.105878999999999973e-02
3.401868000000000253e-02
2.527592999999999854e-02
2.022492999999999860e-02
2.079722999999999988e-02
2.379297999999999830e-02
2.915167000000000105e-02
3.668160000000000170e-02
4.995878000000000124e-02
4.327865000000000184e-02
4.304906000000000010e-02
5.817415000000000086e-02
6.715158000000000238e-02
4.651939000000000074e-02
2.941428999999999919e-02
2.752146999999999927e-02
4.238630000000000175e-02
8.485172000000000547e-02
1.648122999999999949e-01
2.022342799999999885e-01
2.308021899999999904e-01
2.096670300000000042e-01
1.487175099999999972e-01
1.048945800000000012e-01
8.416814999999999714e-02
4.368894000000000249e-02
2.248872000000000024e-02
2.151538999999999882e-02
2.308098999999999915e-02
3.297888000000000208e-02
5.535766000000000298e-02
5.792467999999999922e-02
6.352198000000000566e-02
6.159395000000000148e-02
5.163020000000000109e-02
3.582942000000000071e-02
2.570891000000000148e-02
2.078585999999999975e-02
2.192904999999999854e-02
2.974832999999999991e-02
2.529293000000000166e-02
2.383926000000000101e-02
2.671269999999999895e-02
2.382197000000000134e-02
2.419579999999999995e-02
2.811208000000000110e-02
2.568499999999999950e-02
2.138084000000000165e-02
1.876921999999999965e-02
1.943711999999999870e-02
1.951726999999999976e-02
1.968071000000000056e-02
2.046100000000000002e-02
2.197137000000000048e-02
2.434452999999999964e-02
2.221174999999999886e-02
1.880998999999999866e-02
