1.718866000000000144e-02
2.543665999999999983e-02
3.556651000000000257e-02
5.485951000000000022e-02
7.658014000000000487e-02
8.567714999999999359e-02
9.062201000000000284e-02
9.120087000000000332e-02
8.452450999999999715e-02
7.987864000000000075e-02
8.261330000000000062e-02
5.187196000000000168e-02
3.848189999999999944e-02
2.750620000000000148e-02
2.169938000000000075e-02
2.083731999999999945e-02
2.097061000000000064e-02
2.208150999999999864e-02
2.459257000000000110e-02
2.850106999999999988e-02
2.996073000000000139e-02
3.056410999999999850e-02
2.884921000000000013e-02
2.589558000000000137e-02
2.289311999999999944e-02
2.366066000000000003e-02
2.405387999999999971e-02
2.288197999999999968e-02
2.133557000000000162e-02
2.056527999999999828e-02
1.966800000000000145e-02
1.963271999999999934e-02
1.958174000000000026e-02
1.873330000000000134e-02
1.808496999999999882e-02
1.862749000000000002e-02
1.952633000000000146e-02
2.009994999999999837e-02
1.929801000000000086e-02
1.853954000000000019e-02
1.827861000000000069e-02
2.017609000000000069e-02
2.170870999999999912e-02
2.010634000000000032e-02
1.903991999999999837e-02
1.907769000000000131e-02
1.892713000000000034e-02
2.013047000000000100e-02
2.141950999999999924e-02
2.285689999999999944e-02
2.060835000000000097e-02
1.862934000000000118e-02
1.839711999999999945e-02
1.999075000000000157e-02
2.181024000000000157e-02
2.320948999999999929e-02
2.063285999999999940e-02
1.829075000000000145e-02
1.821783999999999903e-02
1.852041999999999924e-02
1.918573000000000153e-02
2.414358999999999950e-02
2.125530999999999948e-02
1.737659000000000079e-02
