1.779365999999999934e-02
2.740329999999999849e-02
2.838146000000000072e-02
3.016210999999999892e-02
3.217729999999999896e-02
3.221596999999999655e-02
3.454507999999999884e-02
4.382305000000000228e-02
4.719009999999999871e-02
5.226308000000000342e-02
3.809648999999999675e-02
2.496494999999999964e-02
2.262424000000000032e-02
3.715074000000000154e-02
6.690461999999999798e-02
9.940528999999999338e-02
1.118604700000000035e-01
1.152434100000000045e-01
1.238599299999999931e-01
1.099606899999999998e-01
8.345025000000000359e-02
5.383832000000000201e-02
3.431163000000000268e-02
2.357597000000000165e-02
1.962565999999999963e-02
2.211035000000000084e-02
2.323435000000000084e-02
2.296992999999999951e-02
3.544420999999999683e-02
5.028849999999999987e-02
4.633794000000000107e-02
4.725502000000000175e-02
4.032592000000000121e-02
2.989634000000000041e-02
2.816936000000000093e-02
2.395608999999999933e-02
2.414443000000000145e-02
2.238559000000000035e-02
2.404511000000000148e-02
2.403142999999999946e-02
2.178280000000000147e-02
2.181380000000000124e-02
1.928755999999999873e-02
1.876388999999999835e-02
1.953589999999999841e-02
2.086725999999999859e-02
2.197852999999999959e-02
2.009228999999999876e-02
1.952200999999999936e-02
2.279640000000000138e-02
2.575032999999999836e-02
2.679679999999999909e-02
2.593911000000000133e-02
2.223388000000000100e-02
1.977349000000000120e-02
1.906833999999999960e-02
1.964219000000000034e-02
2.229510999999999993e-02
2.424487000000000170e-02
2.129910999999999957e-02
2.138274000000000077e-02
2.156436999999999937e-02
1.939248000000000013e-02
1.813004000000000004e-02
