2.372903999999999985e-02
4.850228000000000178e-02
7.552411000000000540e-02
8.959082000000000157e-02
1.060814300000000043e-01
1.276570599999999889e-01
1.267592600000000125e-01
1.095340499999999939e-01
8.608449999999999436e-02
8.536850999999999468e-02
7.144527000000000516e-02
4.379214000000000023e-02
3.253802000000000083e-02
2.326324999999999921e-02
2.261238999999999957e-02
2.316015999999999908e-02
2.773033999999999916e-02
3.401520000000000238e-02
3.211858000000000074e-02
3.443932000000000243e-02
3.952432000000000167e-02
3.711740000000000178e-02
2.782675999999999900e-02
2.337482000000000101e-02
2.087361000000000077e-02
2.157865999999999951e-02
2.204632999999999940e-02
2.256528000000000006e-02
2.623493000000000006e-02
2.712666000000000036e-02
2.167480999999999922e-02
2.051582999999999879e-02
1.953498999999999861e-02
1.865100999999999912e-02
1.861188000000000078e-02
1.965180000000000052e-02
2.076698000000000086e-02
2.005940000000000153e-02
2.148788999999999907e-02
2.171541000000000096e-02
2.162249999999999936e-02
2.169710000000000041e-02
2.010734000000000132e-02
1.922632999999999981e-02
2.077816999999999859e-02
2.154653999999999944e-02
2.173119000000000092e-02
1.964559999999999917e-02
1.976270999999999931e-02
1.843515999999999905e-02
1.839458999999999886e-02
2.057546999999999848e-02
2.253704999999999944e-02
2.307046000000000097e-02
2.241813000000000139e-02
2.031625999999999918e-02
2.099936999999999984e-02
2.267303999999999847e-02
2.124643999999999838e-02
2.075837999999999989e-02
1.978312000000000126e-02
1.927825999999999845e-02
1.913894000000000012e-02
1.736060000000000034e-02
