1.797872000000000012e-02
2.221327000000000024e-02
2.219921999999999868e-02
1.950609000000000023e-02
2.328906000000000032e-02
3.278615000000000002e-02
3.847184000000000020e-02
4.534119999999999817e-02
4.140051000000000148e-02
2.477141999999999886e-02
2.076971999999999846e-02
2.109894000000000006e-02
2.601134999999999906e-02
2.754264999999999838e-02
3.335156999999999705e-02
2.694517000000000093e-02
2.353562000000000015e-02
2.259633999999999948e-02
2.676393999999999995e-02
2.868408000000000069e-02
3.078024000000000038e-02
2.934724999999999834e-02
2.900741000000000083e-02
2.607705000000000092e-02
3.169058999999999765e-02
3.533751000000000253e-02
3.029938999999999896e-02
2.467754000000000128e-02
2.185650999999999913e-02
2.231249000000000079e-02
2.616175000000000098e-02
2.586025000000000129e-02
2.639444000000000165e-02
2.693030999999999897e-02
2.926652999999999893e-02
2.442797000000000024e-02
2.520835999999999910e-02
2.584401999999999880e-02
2.398534999999999903e-02
2.123038000000000008e-02
2.115254000000000092e-02
2.393274999999999916e-02
2.586770999999999862e-02
2.695408999999999999e-02
2.558223000000000094e-02
2.708359999999999934e-02
3.789802999999999922e-02
3.819071000000000271e-02
3.102216000000000001e-02
2.727210000000000051e-02
2.518855000000000052e-02
2.566426000000000124e-02
2.565616000000000077e-02
3.895728999999999859e-02
5.035753999999999925e-02
6.281728000000000312e-02
6.523275000000000601e-02
7.093721999999999528e-02
6.742289999999999395e-02
6.045808999999999905e-02
4.843179999999999708e-02
4.073960000000000081e-02
2.591854999999999853e-02
1.718075999999999978e-02
