1.817167000000000088e-02
1.921474000000000099e-02
1.869055999999999843e-02
2.058872999999999953e-02
2.246520999999999935e-02
2.207662999999999986e-02
2.129748000000000058e-02
2.367831000000000102e-02
2.842671999999999907e-02
3.561832000000000192e-02
3.515750000000000125e-02
2.892426000000000025e-02
2.350556000000000173e-02
1.992375000000000049e-02
1.934672999999999948e-02
2.753606999999999930e-02
3.401289999999999869e-02
4.329266999999999838e-02
6.250543999999999545e-02
7.666720000000000479e-02
7.983416999999999597e-02
6.044418000000000013e-02
4.878489999999999910e-02
3.556617000000000112e-02
2.321623000000000089e-02
1.966702000000000033e-02
1.872406000000000070e-02
1.883985000000000173e-02
2.254766000000000062e-02
2.550037000000000137e-02
2.644884000000000124e-02
2.918097999999999873e-02
3.271899000000000335e-02
3.334928999999999671e-02
2.890271999999999980e-02
2.101052000000000128e-02
1.923615000000000047e-02
2.001645999999999981e-02
2.091397999999999868e-02
2.105258999999999950e-02
1.998341000000000006e-02
2.058497000000000104e-02
2.132167000000000090e-02
1.888433000000000125e-02
1.820085000000000106e-02
1.832825000000000079e-02
1.834797000000000164e-02
1.858599999999999836e-02
1.845892000000000019e-02
1.865253000000000050e-02
1.930263999999999938e-02
2.051470999999999850e-02
2.059800999999999993e-02
2.065171999999999841e-02
2.076901999999999915e-02
2.025982000000000130e-02
1.916363999999999915e-02
1.854934999999999917e-02
1.782382000000000064e-02
1.890462000000000045e-02
2.143302999999999875e-02
2.219395000000000048e-02
1.883100000000000052e-02
1.653090999999999935e-02
