4.611174999999999996e-02
5.739012999999999753e-02
4.199869999999999992e-02
2.992177999999999852e-02
2.753521999999999914e-02
2.934006000000000114e-02
2.977420999999999887e-02
3.061080999999999872e-02
3.371891999999999945e-02
3.526892999999999695e-02
3.818686000000000302e-02
5.104406999999999694e-02
6.827745000000000342e-02
7.413065000000000626e-02
6.942745000000000166e-02
3.612374000000000140e-02
2.273976000000000122e-02
2.717146000000000144e-02
6.441979999999999928e-02
1.164999399999999963e-01
1.787511900000000042e-01
2.338961800000000091e-01
2.093049899999999963e-01
1.791208099999999914e-01
1.528331500000000009e-01
1.026747400000000005e-01
6.544369999999999354e-02
3.311969000000000024e-02
2.517507000000000078e-02
2.341166000000000080e-02
3.138142000000000015e-02
4.283920000000000089e-02
4.621640999999999944e-02
7.393386999999999876e-02
7.268075999999999703e-02
6.472643999999999620e-02
5.903926000000000313e-02
4.616983999999999672e-02
3.445898000000000017e-02
3.535925000000000179e-02
3.678403999999999702e-02
3.553271000000000207e-02
2.934818000000000149e-02
2.188081000000000054e-02
2.320764000000000160e-02
2.638166000000000122e-02
2.402630999999999864e-02
2.107130999999999935e-02
2.225459000000000118e-02
2.538375999999999827e-02
3.156213000000000074e-02
3.057183000000000123e-02
2.251154000000000002e-02
2.151290000000000147e-02
2.322518000000000152e-02
2.718061999999999909e-02
2.810444999999999957e-02
3.730270000000000113e-02
3.942049999999999721e-02
2.911916999999999978e-02
2.276330999999999841e-02
2.206456999999999863e-02
1.992968999999999991e-02
1.860790999999999834e-02
