2.223518000000000022e-02
2.707000000000000031e-02
2.748240000000000058e-02
3.098443000000000030e-02
2.914378999999999928e-02
2.829680000000000042e-02
2.351730000000000140e-02
1.860411000000000009e-02
2.277917999999999957e-02
2.938166999999999862e-02
2.771074999999999927e-02
2.737374000000000057e-02
2.040466999999999975e-02
2.301916999999999852e-02
2.164417999999999898e-02
2.567242000000000135e-02
3.078149999999999983e-02
3.190021999999999996e-02
2.547131000000000048e-02
2.031391000000000099e-02
2.549285999999999913e-02
3.251688999999999968e-02
3.028124999999999914e-02
2.481005999999999836e-02
2.085688999999999946e-02
2.222189000000000109e-02
2.841066999999999898e-02
4.305807999999999858e-02
3.459098000000000034e-02
2.498362000000000152e-02
3.787800000000000195e-02
3.656183999999999823e-02
3.438983999999999791e-02
3.241962999999999789e-02
2.800526999999999878e-02
2.729598000000000094e-02
3.392309000000000296e-02
4.372865000000000085e-02
3.650057999999999775e-02
2.807491999999999974e-02
3.692132000000000053e-02
5.010127000000000330e-02
5.691356000000000193e-02
6.329550999999999927e-02
4.655771999999999688e-02
3.032928000000000013e-02
3.133579000000000225e-02
4.504417000000000143e-02
9.149609999999999688e-02
1.547603200000000068e-01
1.852464199999999950e-01
2.119725799999999938e-01
2.292748199999999903e-01
2.116620100000000115e-01
1.874289700000000003e-01
1.303942800000000013e-01
8.439146999999999621e-02
6.572569999999999801e-02
3.646920000000000023e-02
2.568606999999999835e-02
2.235215000000000118e-02
2.362534999999999982e-02
2.342705000000000135e-02
2.050112000000000115e-02
