1.868902000000000063e-02
2.035108999999999876e-02
2.053560999999999928e-02
2.551381999999999955e-02
2.718492000000000131e-02
2.846397999999999984e-02
2.398095999999999908e-02
1.897075999999999971e-02
1.996358000000000160e-02
2.220950000000000008e-02
2.599254999999999968e-02
2.145265000000000019e-02
1.979293999999999845e-02
1.996331999999999968e-02
1.991729000000000069e-02
2.536920000000000147e-02
2.763244000000000117e-02
2.680058999999999914e-02
2.189686999999999883e-02
2.107643999999999837e-02
2.203574000000000158e-02
2.362405999999999881e-02
2.824480999999999867e-02
2.210244000000000097e-02
2.083484000000000030e-02
2.098105000000000109e-02
2.542140999999999845e-02
2.985472999999999946e-02
2.432180999999999926e-02
2.356474999999999889e-02
2.451936999999999867e-02
2.650121999999999894e-02
2.867851000000000081e-02
2.628381999999999941e-02
3.030814000000000077e-02
2.340833000000000150e-02
2.455821000000000046e-02
2.816961999999999938e-02
2.743589000000000097e-02
2.509994000000000114e-02
2.470520999999999828e-02
3.103594000000000144e-02
3.871369999999999673e-02
4.934824000000000155e-02
3.977767000000000108e-02
2.457111999999999838e-02
2.352268000000000067e-02
2.336513999999999952e-02
3.634010000000000018e-02
7.765998000000000345e-02
8.927190000000000125e-02
1.019526899999999986e-01
1.354650000000000021e-01
1.664627200000000085e-01
1.373407799999999956e-01
8.942318999999999962e-02
7.681722000000000550e-02
6.822217999999999338e-02
5.631230999999999737e-02
3.109026000000000151e-02
2.347590999999999914e-02
2.126584999999999934e-02
2.096514000000000016e-02
1.943666999999999964e-02
