3.005967999999999835e-02
5.503949000000000341e-02
3.526253000000000026e-02
6.595254000000000394e-02
2.224370000000000167e-02
2.206947999999999896e-02
2.060367999999999922e-02
2.525726999999999833e-02
2.999020999999999978e-02
5.050832999999999712e-02
3.289662000000000142e-02
2.506279999999999966e-02
5.206982999999999751e-02
4.689174000000000120e-02
3.835492000000000068e-02
5.232430999999999888e-02
3.493957000000000312e-02
3.806397999999999726e-02
2.764532999999999921e-02
4.059642000000000112e-02
3.852654999999999968e-02
2.201797400000000127e-01
3.029868299999999848e-01
2.584761700000000051e-01
1.968571699999999980e-01
1.301077499999999942e-01
5.968292000000000042e-02
3.458846000000000143e-02
2.540378999999999901e-02
2.660480000000000136e-02
2.596994000000000039e-02
2.810918000000000097e-02
2.009121000000000171e-02
4.337578000000000267e-02
6.051411000000000290e-02
2.900658000000000056e-02
6.300118999999999858e-02
8.525011999999999868e-02
2.632908999999999944e-02
4.095233000000000206e-02
2.908358999999999944e-02
2.491840000000000027e-02
2.691348000000000004e-02
2.783868000000000106e-02
4.449952000000000074e-02
2.725392999999999913e-02
2.429084000000000104e-02
2.370103999999999961e-02
2.554874000000000034e-02
2.458613000000000118e-02
2.097747999999999974e-02
3.268983999999999779e-02
2.427104000000000067e-02
2.824803999999999857e-02
2.525074000000000068e-02
2.028061000000000100e-02
2.463662000000000143e-02
4.374204000000000286e-02
5.410953000000000290e-02
3.674464000000000202e-02
2.396801000000000140e-02
2.443644999999999845e-02
1.931329999999999852e-02
1.945291000000000034e-02
