1.891893999999999867e-02
2.024346000000000131e-02
1.950522999999999840e-02
1.867262999999999909e-02
1.869975999999999930e-02
1.914253000000000135e-02
1.889555999999999875e-02
1.911260999999999863e-02
1.892541999999999836e-02
1.859676000000000037e-02
1.831377000000000005e-02
1.874224999999999849e-02
1.853640000000000149e-02
1.974377000000000076e-02
2.001112000000000030e-02
1.964325999999999919e-02
1.921505000000000088e-02
1.906566999999999984e-02
1.947124000000000077e-02
2.051663999999999918e-02
2.036403000000000171e-02
1.878950999999999885e-02
2.085758999999999877e-02
2.212350000000000080e-02
2.222003999999999993e-02
2.394088999999999939e-02
2.130380000000000121e-02
1.906222999999999945e-02
1.858742000000000033e-02
1.970505999999999994e-02
2.032841999999999982e-02
2.392334999999999948e-02
2.570325000000000040e-02
2.722723999999999978e-02
2.989427999999999877e-02
3.026776999999999940e-02
2.843905000000000044e-02
2.403962999999999933e-02
2.053525999999999962e-02
2.092959999999999959e-02
3.187592000000000203e-02
4.938734000000000179e-02
6.684160000000000101e-02
8.001005999999999396e-02
8.272664999999999880e-02
7.805172000000000498e-02
6.869875999999999761e-02
6.100599999999999773e-02
4.019207999999999809e-02
2.394160000000000038e-02
2.119325000000000028e-02
2.014758999999999994e-02
1.979084999999999872e-02
2.477089999999999848e-02
3.217006000000000032e-02
3.170353000000000060e-02
2.920100999999999947e-02
2.997744999999999924e-02
3.419607999999999676e-02
3.916410000000000030e-02
3.456585000000000213e-02
2.670557999999999960e-02
1.979144000000000042e-02
1.695574999999999860e-02
