2.996942999999999829e-02
4.058072000000000068e-02
5.202618999999999994e-02
3.940914999999999696e-02
3.222637999999999892e-02
3.282612000000000030e-02
2.212628000000000164e-02
2.687963999999999978e-02
5.461430999999999925e-02
7.746018000000000348e-02
9.211312000000000666e-02
1.131140100000000009e-01
1.400017000000000067e-01
1.357697499999999946e-01
1.034885599999999933e-01
8.826660000000000061e-02
7.252185999999999355e-02
4.082700000000000218e-02
2.471889000000000031e-02
1.996929000000000065e-02
2.155021999999999840e-02
2.244902000000000009e-02
2.521235000000000143e-02
3.231591999999999798e-02
3.706028000000000100e-02
3.814495999999999859e-02
1.758788999999999839e-02
3.511629000000000139e-02
2.657100999999999907e-02
2.318871999999999947e-02
2.489757999999999902e-02
2.481919000000000139e-02
2.812382999999999897e-02
3.032363000000000072e-02
2.874656000000000086e-02
2.797865999999999895e-02
2.297949000000000172e-02
1.988579999999999862e-02
2.082954999999999876e-02
1.990048000000000164e-02
2.068862999999999952e-02
1.961958999999999925e-02
1.917788999999999952e-02
1.997420000000000098e-02
2.068220000000000128e-02
2.156299000000000063e-02
2.430049000000000098e-02
2.558517999999999903e-02
2.319519000000000095e-02
2.098111000000000073e-02
2.180916000000000105e-02
2.391452000000000161e-02
2.451398000000000119e-02
2.490146999999999847e-02
2.240019999999999858e-02
1.941495999999999847e-02
1.830402999999999891e-02
1.952082000000000123e-02
2.239098000000000130e-02
2.516240000000000143e-02
2.572288000000000005e-02
2.336960000000000079e-02
2.027527999999999969e-02
1.744918999999999984e-02
