2.057283000000000028e-02
1.977842999999999962e-02
1.865100000000000091e-02
1.894621000000000152e-02
2.283960999999999977e-02
2.027794000000000124e-02
2.077168999999999890e-02
2.214978999999999906e-02
1.983557999999999849e-02
1.941029999999999839e-02
2.043765000000000165e-02
2.242494000000000084e-02
2.665485000000000076e-02
2.980879999999999988e-02
2.549061000000000035e-02
2.029811999999999936e-02
1.881394999999999942e-02
1.949350999999999862e-02
2.051504999999999995e-02
1.854675999999999894e-02
1.927144999999999900e-02
1.961312000000000125e-02
1.950742000000000101e-02
2.666593999999999909e-02
2.104599000000000053e-02
1.914396999999999974e-02
2.258817000000000116e-02
2.466302999999999898e-02
3.622344999999999732e-02
2.488778999999999991e-02
1.957818999999999879e-02
1.904250999999999860e-02
1.978674000000000058e-02
2.305103999999999834e-02
2.441623000000000057e-02
2.318763999999999895e-02
2.706273000000000012e-02
3.207766000000000089e-02
3.685784999999999756e-02
2.629810000000000134e-02
2.142308999999999880e-02
3.893175000000000108e-02
2.171541000000000096e-02
2.375889000000000126e-02
3.250113000000000307e-02
7.201348000000000471e-02
8.900631999999999988e-02
8.169983000000000106e-02
8.088259999999999894e-02
9.103463000000000527e-02
1.168981500000000062e-01
8.558509000000000255e-02
5.917332000000000147e-02
3.678522000000000042e-02
3.201583000000000206e-02
2.443305000000000130e-02
2.077267000000000002e-02
2.078974000000000100e-02
2.072769000000000000e-02
2.277940000000000173e-02
2.473349999999999854e-02
2.551753999999999828e-02
2.252753999999999868e-02
1.800902000000000058e-02
