1.747363999999999862e-02
2.019489000000000006e-02
2.681414000000000020e-02
6.203488000000000058e-02
9.000966000000000522e-02
9.930229999999999613e-02
1.086576699999999979e-01
1.269306799999999902e-01
1.230968199999999957e-01
1.375303599999999904e-01
1.179074299999999936e-01
8.095450999999999342e-02
5.780203999999999898e-02
3.428831000000000240e-02
2.425876000000000074e-02
2.174680000000000016e-02
2.092360999999999874e-02
2.155916999999999903e-02
2.286387000000000141e-02
2.747522999999999979e-02
3.810749000000000081e-02
4.370095999999999703e-02
3.586707000000000090e-02
3.320884999999999809e-02
3.250150999999999735e-02
3.064456000000000124e-02
2.706789999999999891e-02
2.561394000000000171e-02
2.732251000000000124e-02
2.272122999999999851e-02
2.087338000000000041e-02
2.128849999999999840e-02
2.039028000000000021e-02
2.004366999999999954e-02
1.992307999999999926e-02
2.019699999999999968e-02
2.357541000000000150e-02
2.421235000000000054e-02
2.117555999999999952e-02
1.832773000000000041e-02
1.867254999999999956e-02
2.198858999999999883e-02
2.594752999999999990e-02
2.428521999999999972e-02
2.064737000000000169e-02
1.983963999999999867e-02
2.035916999999999935e-02
2.076400000000000121e-02
2.436349000000000153e-02
2.443893000000000107e-02
2.202114000000000155e-02
2.001301999999999942e-02
1.944285000000000110e-02
2.256340999999999902e-02
2.415938000000000113e-02
2.647330999999999990e-02
2.439933999999999853e-02
1.889667999999999903e-02
1.909158999999999856e-02
2.001052999999999860e-02
1.967848000000000167e-02
2.315466000000000052e-02
2.345660999999999927e-02
1.785385999999999918e-02
