1.953979999999999953e-02
2.281669999999999879e-02
2.137237000000000164e-02
2.247893999999999934e-02
3.104314000000000032e-02
3.179175000000000056e-02
2.105612999999999929e-02
2.751448999999999909e-02
2.158664000000000069e-02
2.535356999999999889e-02
3.001871999999999874e-02
2.971876000000000032e-02
4.285585000000000089e-02
3.760178000000000131e-02
2.722764999999999908e-02
3.496177999999999786e-02
2.265172000000000019e-02
2.949260000000000076e-02
2.669225000000000070e-02
2.649937000000000126e-02
2.302616000000000038e-02
2.806283999999999862e-02
2.704932000000000170e-02
3.543708000000000274e-02
4.380267000000000188e-02
3.582578000000000151e-02
4.418952000000000296e-02
3.994845000000000340e-02
4.587161000000000016e-02
4.175119000000000052e-02
2.795440999999999898e-02
2.012562999999999852e-02
3.445656999999999887e-02
4.066133000000000247e-02
3.048605999999999885e-02
3.875257000000000007e-02
4.254154999999999742e-02
5.743792000000000342e-02
7.795325999999999644e-02
6.828275000000000317e-02
5.631639000000000089e-02
3.952871000000000162e-02
5.388404000000000110e-02
9.342011000000000065e-02
1.769822100000000009e-01
2.552278299999999889e-01
3.038004000000000260e-01
3.176306500000000144e-01
2.644481100000000140e-01
2.231650699999999932e-01
2.155368000000000006e-01
1.598465299999999867e-01
9.233022999999999925e-02
6.598134999999999417e-02
2.482747999999999899e-02
3.540733000000000075e-02
3.343668999999999808e-02
4.196822000000000052e-02
5.707480999999999666e-02
8.697114999999999707e-02
9.939127000000000378e-02
8.460608000000000017e-02
5.255627000000000215e-02
2.838743000000000169e-02
