1.946335000000000079e-02
2.308889000000000080e-02
2.341437999999999853e-02
2.933362999999999943e-02
3.574406000000000111e-02
3.972368999999999900e-02
3.453425000000000245e-02
2.829958999999999947e-02
2.570321000000000064e-02
2.469678999999999972e-02
2.805198000000000066e-02
2.748118000000000088e-02
2.661757999999999832e-02
2.434874000000000066e-02
2.204427000000000123e-02
2.648562999999999959e-02
3.441576999999999831e-02
3.578661999999999815e-02
3.509600000000000219e-02
2.977544000000000024e-02
2.751715000000000064e-02
2.982061000000000087e-02
4.423641999999999852e-02
3.417299000000000031e-02
3.034782000000000105e-02
3.117212000000000108e-02
3.851009999999999850e-02
5.152625000000000260e-02
3.257847999999999994e-02
2.572019999999999862e-02
3.215482000000000062e-02
3.772641999999999662e-02
4.593844999999999873e-02
5.642363000000000239e-02
5.356770000000000281e-02
3.699216000000000309e-02
3.075218999999999869e-02
4.244972999999999802e-02
5.422315999999999941e-02
4.072225000000000150e-02
3.593321000000000015e-02
4.455685999999999675e-02
7.062227000000000088e-02
9.690055000000000196e-02
8.233379999999999865e-02
5.749586000000000280e-02
4.438295999999999908e-02
3.802177000000000334e-02
6.253838000000000452e-02
1.514232299999999920e-01
1.867048400000000108e-01
2.217461199999999910e-01
2.860459100000000143e-01
3.234475600000000228e-01
3.264889699999999895e-01
2.554892899999999800e-01
2.062893399999999877e-01
1.520487199999999983e-01
1.104963199999999951e-01
6.567778000000000505e-02
3.913636999999999672e-02
3.057444000000000134e-02
2.344355000000000050e-02
2.429233999999999907e-02
