2.515283999999999923e-02
3.400550000000000100e-02
3.393961000000000200e-02
3.062217000000000064e-02
2.883867999999999848e-02
2.761161000000000171e-02
2.303422999999999929e-02
2.003386000000000056e-02
1.861306999999999892e-02
1.805595999999999937e-02
1.896762999999999921e-02
1.901823999999999876e-02
1.915473999999999996e-02
2.003395999999999996e-02
2.183633000000000102e-02
2.113347000000000142e-02
2.196276000000000131e-02
2.402123000000000105e-02
2.217242000000000171e-02
2.042280999999999958e-02
1.974797999999999831e-02
1.870517000000000013e-02
1.881114000000000050e-02
1.826859000000000122e-02
1.879076000000000010e-02
1.921395999999999868e-02
1.802470000000000114e-02
1.795464999999999908e-02
1.815227999999999980e-02
1.823957999999999829e-02
1.810047999999999865e-02
1.790088999999999916e-02
1.832883000000000082e-02
1.782620000000000038e-02
1.757107999999999934e-02
1.764136999999999997e-02
1.787781000000000092e-02
1.846630000000000146e-02
1.828391999999999865e-02
1.820333000000000021e-02
1.754027999999999837e-02
1.816542999999999977e-02
1.847951000000000107e-02
1.873119999999999993e-02
1.909807000000000171e-02
1.825014000000000150e-02
1.774745000000000142e-02
1.818789999999999990e-02
1.803874000000000102e-02
1.830278000000000113e-02
1.820458000000000146e-02
1.798736000000000085e-02
1.740403999999999909e-02
1.802457000000000018e-02
1.792434999999999862e-02
1.869432999999999859e-02
1.838377999999999887e-02
1.859038000000000010e-02
1.843677000000000163e-02
1.781283000000000172e-02
1.838106000000000115e-02
1.797875999999999988e-02
1.702870000000000078e-02
1.579964999999999842e-02
