1.804787000000000058e-02
2.138711000000000084e-02
2.204708999999999836e-02
2.281688999999999939e-02
2.490035000000000165e-02
2.655650999999999845e-02
2.467130999999999838e-02
2.624875999999999945e-02
2.461856999999999934e-02
2.365733999999999893e-02
2.061870999999999843e-02
1.952962999999999921e-02
2.459010999999999836e-02
3.293275999999999842e-02
4.164324999999999971e-02
5.791287999999999991e-02
6.425616000000000660e-02
5.794520000000000226e-02
4.783334999999999670e-02
4.318571000000000215e-02
3.475965999999999778e-02
2.365203999999999918e-02
2.066745999999999861e-02
1.887932000000000152e-02
1.884308000000000163e-02
1.996766999999999986e-02
2.109056999999999946e-02
2.161541000000000157e-02
2.458064000000000082e-02
3.102159000000000166e-02
2.881382000000000040e-02
2.535091999999999901e-02
2.212224000000000135e-02
1.984042000000000097e-02
2.065817000000000001e-02
2.060715999999999937e-02
1.996146999999999852e-02
1.892850999999999909e-02
1.931596999999999828e-02
1.905760999999999913e-02
1.888016000000000000e-02
1.868103999999999945e-02
1.833645999999999887e-02
1.780048000000000047e-02
1.835590999999999959e-02
1.896062000000000095e-02
1.926301000000000055e-02
1.851432999999999898e-02
1.836393000000000053e-02
2.006228999999999998e-02
2.125797999999999924e-02
2.114863000000000159e-02
1.983205000000000037e-02
1.855114000000000068e-02
1.812116999999999895e-02
1.818913999999999948e-02
1.855392999999999973e-02
1.901038000000000033e-02
2.001419999999999935e-02
1.886996999999999980e-02
1.820340999999999973e-02
1.837197999999999956e-02
1.710174999999999890e-02
1.600390999999999966e-02
