2.065987000000000032e-02
2.226173000000000041e-02
2.251898000000000094e-02
2.248322999999999988e-02
2.141747999999999916e-02
2.126002000000000100e-02
2.468216000000000160e-02
2.869760999999999840e-02
2.816265999999999908e-02
2.623230000000000006e-02
2.718105999999999994e-02
2.334709000000000090e-02
2.112804000000000071e-02
2.051133000000000123e-02
2.634784000000000084e-02
2.821494999999999906e-02
2.507097000000000145e-02
2.075592000000000062e-02
2.251420999999999978e-02
2.074687999999999879e-02
2.811719999999999844e-02
3.544093000000000243e-02
3.135664999999999980e-02
2.241954000000000169e-02
2.176658999999999886e-02
2.489210999999999854e-02
2.671422000000000033e-02
2.513407999999999962e-02
2.385721999999999843e-02
1.925286000000000011e-02
2.044334000000000082e-02
2.461653000000000105e-02
2.505436000000000121e-02
2.492079999999999990e-02
2.372281000000000042e-02
2.484178000000000081e-02
3.313416999999999751e-02
3.672592000000000217e-02
2.667367000000000002e-02
2.082809999999999870e-02
1.932062999999999836e-02
2.356271000000000060e-02
3.132394000000000150e-02
3.875201999999999813e-02
3.554721999999999743e-02
3.551366000000000245e-02
4.900629000000000096e-02
5.435402000000000289e-02
4.681946000000000024e-02
3.734306999999999904e-02
3.264460999999999752e-02
2.914686999999999834e-02
3.918819999999999942e-02
1.003910300000000061e-01
1.184891799999999995e-01
1.360801899999999898e-01
1.670702799999999877e-01
1.931675800000000054e-01
1.908221099999999892e-01
1.557987000000000122e-01
1.489154000000000033e-01
9.878955999999999849e-02
2.098997000000000016e-02
2.018512000000000084e-02
