2.114600999999999981e-02
2.154818999999999832e-02
2.033120999999999887e-02
2.043932000000000040e-02
2.013376000000000055e-02
2.039260999999999852e-02
2.199088999999999905e-02
2.457347000000000004e-02
2.902617000000000044e-02
2.825379999999999905e-02
2.355372999999999842e-02
2.206494000000000164e-02
1.999066000000000037e-02
1.971169999999999867e-02
2.436253999999999850e-02
2.494232999999999867e-02
2.290129000000000123e-02
1.972447000000000089e-02
1.885892000000000124e-02
1.851194000000000103e-02
2.291636999999999841e-02
2.809392000000000139e-02
2.246360999999999844e-02
1.901858999999999841e-02
1.885676999999999839e-02
1.961281999999999956e-02
2.221408000000000063e-02
2.310306999999999986e-02
2.217103000000000129e-02
1.992905999999999844e-02
1.887343999999999827e-02
2.026655000000000123e-02
2.098173999999999872e-02
2.050478999999999843e-02
1.992301999999999962e-02
1.930478000000000055e-02
2.246369000000000143e-02
2.364722000000000005e-02
2.177476000000000064e-02
1.891912000000000108e-02
1.820176999999999906e-02
2.063898999999999942e-02
2.275005000000000083e-02
2.579969999999999833e-02
2.517335000000000059e-02
2.544686999999999991e-02
2.879910999999999929e-02
2.964382000000000128e-02
2.806861000000000078e-02
2.885474999999999846e-02
2.834868000000000110e-02
2.705246000000000040e-02
2.825934000000000085e-02
4.918161000000000060e-02
6.861232000000000442e-02
8.839616999999999614e-02
1.107439699999999971e-01
1.333902200000000038e-01
1.440022099999999916e-01
1.309427499999999966e-01
1.215227200000000007e-01
1.011496300000000043e-01
6.749550999999999468e-02
1.938669999999999977e-02
