4.193204999999999849e-02
7.837020999999999571e-02
9.092300000000000382e-02
8.497201999999999533e-02
8.650136999999999410e-02
8.257266000000000605e-02
5.933083000000000107e-02
3.640713999999999756e-02
2.833093000000000070e-02
2.721956999999999849e-02
2.411026999999999962e-02
2.242937000000000056e-02
2.218196999999999877e-02
2.355671999999999974e-02
2.783288000000000081e-02
2.917399000000000034e-02
3.255916999999999839e-02
3.910660999999999998e-02
3.032376000000000169e-02
2.912953000000000070e-02
2.506757999999999903e-02
2.175401999999999891e-02
2.043203999999999854e-02
1.999101000000000003e-02
2.123409999999999881e-02
2.088686000000000015e-02
1.962416000000000160e-02
2.005343000000000056e-02
2.144060999999999884e-02
2.089442000000000035e-02
1.965841000000000116e-02
2.133043999999999912e-02
2.100259000000000154e-02
1.926032999999999912e-02
1.898307999999999940e-02
1.898154999999999981e-02
1.928672999999999846e-02
2.027417000000000108e-02
2.267502999999999880e-02
2.003993999999999914e-02
1.883019000000000012e-02
2.105672000000000099e-02
2.201900000000000038e-02
2.492615000000000108e-02
2.388432000000000055e-02
2.100414000000000100e-02
1.929172999999999999e-02
2.030084000000000055e-02
1.989557999999999952e-02
2.010825999999999933e-02
2.020187000000000024e-02
2.092671999999999935e-02
1.993674000000000140e-02
1.891603999999999855e-02
2.056944000000000133e-02
2.052382999999999985e-02
2.129141000000000020e-02
2.193693000000000032e-02
2.009458000000000077e-02
1.835279999999999898e-02
1.941123000000000154e-02
1.956928999999999960e-02
1.775888999999999940e-02
1.674513999999999864e-02
