1.702671000000000046e-02
1.855479999999999977e-02
1.934046000000000029e-02
2.163363000000000091e-02
2.264311000000000101e-02
2.407161999999999843e-02
2.276072000000000164e-02
2.058619000000000074e-02
1.950485999999999887e-02
1.951757000000000145e-02
2.176755000000000009e-02
2.218436000000000019e-02
2.227267000000000136e-02
2.160611000000000129e-02
1.924586000000000005e-02
2.019382000000000121e-02
2.240434999999999996e-02
2.418607000000000049e-02
2.200558000000000028e-02
2.146553000000000003e-02
2.069334000000000104e-02
2.120564999999999950e-02
2.438364999999999977e-02
2.289779999999999940e-02
2.489185999999999829e-02
2.212095000000000034e-02
2.212876999999999900e-02
2.568973000000000090e-02
2.352301000000000045e-02
2.108712999999999907e-02
2.090088000000000015e-02
2.080119999999999886e-02
2.482967000000000160e-02
3.091069000000000108e-02
3.214518999999999710e-02
2.492312000000000000e-02
2.062024000000000148e-02
2.606574999999999864e-02
2.921974999999999920e-02
2.584708000000000144e-02
2.380873999999999838e-02
2.356716999999999840e-02
3.192774000000000306e-02
3.832388999999999935e-02
3.697421000000000041e-02
3.182029000000000107e-02
2.894178999999999849e-02
2.573688000000000017e-02
3.005711000000000147e-02
5.278639999999999721e-02
6.575332999999999872e-02
8.181262999999999730e-02
1.057463500000000028e-01
1.340919999999999890e-01
1.338393400000000011e-01
1.130386300000000011e-01
9.096587999999999896e-02
8.084123999999999477e-02
6.433464999999999323e-02
4.495832999999999774e-02
3.550748000000000099e-02
2.494535000000000155e-02
1.926026999999999947e-02
1.781939000000000092e-02
