1.703701999999999994e-02
1.937786999999999843e-02
2.007050000000000153e-02
2.127319999999999905e-02
2.308980000000000060e-02
2.097504000000000035e-02
2.084331999999999852e-02
2.262981999999999841e-02
2.714599999999999999e-02
2.862059000000000131e-02
2.845432999999999990e-02
2.208113999999999910e-02
1.865978000000000081e-02
1.880841999999999931e-02
2.267947000000000018e-02
3.140891999999999989e-02
3.910232000000000291e-02
4.700504999999999961e-02
5.295587999999999684e-02
5.274989000000000067e-02
5.104663999999999729e-02
4.226371000000000294e-02
3.207456999999999669e-02
2.616947999999999844e-02
2.002821000000000115e-02
1.833005000000000051e-02
1.806964999999999960e-02
1.883819999999999939e-02
2.063929999999999931e-02
2.237443999999999891e-02
2.452833999999999917e-02
2.512759000000000173e-02
2.532061000000000034e-02
2.553976999999999983e-02
2.362072999999999950e-02
1.957549999999999915e-02
1.855769999999999989e-02
1.962513999999999925e-02
2.069638000000000033e-02
1.993411999999999962e-02
1.895109999999999850e-02
1.962420999999999957e-02
2.001514000000000071e-02
1.898450999999999958e-02
1.831574999999999870e-02
1.828296000000000088e-02
1.849618999999999916e-02
1.848848999999999979e-02
1.821833999999999953e-02
1.831197000000000033e-02
1.948021999999999948e-02
2.057555999999999968e-02
2.021010000000000167e-02
1.976638000000000006e-02
1.996749000000000093e-02
1.926430999999999977e-02
1.865932000000000007e-02
1.837340000000000154e-02
1.811077000000000173e-02
1.849436999999999956e-02
2.008468000000000059e-02
2.041286999999999963e-02
1.899738999999999942e-02
1.649155999999999886e-02
