1.987343999999999916e-02
2.302494999999999889e-02
2.282485999999999890e-02
2.167086000000000012e-02
2.510023999999999936e-02
2.116109000000000046e-02
1.974920999999999968e-02
2.107768999999999962e-02
1.915545999999999915e-02
1.937774999999999914e-02
2.099577000000000040e-02
2.358777000000000096e-02
2.387691000000000119e-02
2.424549000000000148e-02
2.557330000000000020e-02
2.803989000000000134e-02
2.460071000000000133e-02
1.934218999999999869e-02
1.968001000000000125e-02
1.922416999999999876e-02
1.962581000000000048e-02
1.965886999999999843e-02
1.830878000000000019e-02
1.822152999999999967e-02
1.855468999999999868e-02
1.938863999999999865e-02
2.005929999999999866e-02
2.016971000000000042e-02
2.085628000000000135e-02
1.943680999999999881e-02
1.877633999999999900e-02
1.940839000000000106e-02
1.916860000000000092e-02
1.802422000000000052e-02
1.798709000000000072e-02
1.806173999999999974e-02
1.847168000000000074e-02
1.817337999999999940e-02
1.820907999999999902e-02
1.810472000000000123e-02
1.814127999999999921e-02
1.808602999999999947e-02
1.802714999999999873e-02
1.864062000000000011e-02
1.826320999999999847e-02
1.811689000000000008e-02
1.842186000000000171e-02
1.866270999999999902e-02
1.873145000000000018e-02
1.860090000000000007e-02
1.850248000000000170e-02
1.817799999999999971e-02
1.787607000000000085e-02
1.855301999999999993e-02
1.857110000000000011e-02
1.836408999999999958e-02
1.807481000000000018e-02
1.794953000000000173e-02
1.819081000000000170e-02
1.843693999999999888e-02
1.806900999999999993e-02
1.831409000000000162e-02
1.715751000000000082e-02
1.598093000000000083e-02
