5.328821000000000252e-02
9.333966999999999958e-02
8.218614000000000475e-02
7.089562000000000641e-02
5.860400999999999805e-02
5.426791999999999727e-02
4.081710000000000199e-02
2.655350999999999892e-02
2.267976000000000020e-02
2.366009999999999988e-02
2.136967000000000033e-02
2.368506000000000083e-02
2.726396000000000028e-02
2.805793999999999996e-02
3.359795000000000142e-02
3.437065999999999732e-02
3.240300000000000125e-02
3.034637999999999919e-02
2.854705999999999910e-02
2.303836999999999899e-02
2.037156999999999857e-02
2.082743999999999915e-02
1.993634999999999852e-02
1.990961000000000120e-02
2.296919000000000044e-02
2.193128999999999912e-02
1.960032999999999914e-02
2.079189999999999858e-02
2.120810000000000056e-02
2.091517000000000029e-02
2.088305999999999843e-02
2.125161999999999884e-02
2.042619999999999852e-02
2.047896999999999912e-02
1.993144999999999986e-02
1.948559999999999875e-02
2.047409000000000034e-02
2.030192000000000108e-02
2.040859999999999896e-02
1.909293000000000101e-02
1.889667000000000083e-02
2.094427999999999915e-02
2.315963999999999870e-02
2.302515000000000117e-02
2.187348000000000070e-02
1.948671999999999904e-02
2.012531000000000042e-02
2.110750999999999947e-02
2.014874999999999999e-02
1.957715999999999970e-02
1.862613000000000116e-02
1.847367000000000106e-02
1.831763000000000141e-02
1.895907000000000148e-02
1.911159999999999942e-02
1.902840999999999907e-02
1.876896000000000120e-02
1.853167000000000009e-02
1.880025000000000099e-02
1.841434000000000126e-02
1.876188999999999982e-02
1.843828999999999954e-02
1.771125999999999950e-02
1.602705999999999922e-02
