1.728226000000000068e-02
1.904700000000000143e-02
2.054773999999999837e-02
2.211076000000000014e-02
2.245116000000000125e-02
2.100139000000000172e-02
1.917846999999999955e-02
1.786046999999999982e-02
1.886478000000000113e-02
2.079324999999999923e-02
2.413625999999999966e-02
2.383922999999999945e-02
2.377289000000000138e-02
2.209503000000000161e-02
2.296716999999999856e-02
2.701256000000000143e-02
2.604046999999999959e-02
1.821499999999999855e-02
1.886271000000000128e-02
2.068686999999999956e-02
1.985655000000000059e-02
2.308761000000000146e-02
2.486046000000000089e-02
2.441957999999999976e-02
2.680010000000000031e-02
2.770310999999999954e-02
3.011130999999999877e-02
3.008829000000000017e-02
3.298630999999999786e-02
2.841841999999999979e-02
2.194692000000000170e-02
2.114562000000000039e-02
2.371685000000000113e-02
2.359129000000000087e-02
2.890705000000000011e-02
3.160393999999999703e-02
4.072404999999999775e-02
5.029076999999999853e-02
5.312611999999999890e-02
4.324080000000000285e-02
3.149298999999999848e-02
2.595859999999999834e-02
3.101976999999999859e-02
4.723572000000000187e-02
7.075979999999999770e-02
1.087323899999999982e-01
1.385358600000000107e-01
1.464302100000000051e-01
1.256154899999999963e-01
1.047657000000000033e-01
9.672350000000000392e-02
7.604761000000000160e-02
4.838892000000000193e-02
3.249844999999999817e-02
1.962078999999999906e-02
2.336815000000000073e-02
2.409522999999999873e-02
2.694917999999999966e-02
3.063893000000000172e-02
3.854497999999999952e-02
4.324164999999999953e-02
3.994530999999999776e-02
3.292039000000000076e-02
1.988018000000000077e-02
