2.003916000000000031e-02
2.242844999999999908e-02
1.918819999999999901e-02
2.055007999999999835e-02
2.501890999999999837e-02
2.339779000000000164e-02
2.248038000000000119e-02
2.383940000000000017e-02
3.038340999999999958e-02
3.332356000000000207e-02
3.709066999999999920e-02
3.620203000000000310e-02
3.114797999999999872e-02
2.602194999999999855e-02
2.142240000000000116e-02
2.086017000000000080e-02
2.545936999999999853e-02
4.080736000000000085e-02
6.932484999999999342e-02
8.947908000000000250e-02
1.023364400000000007e-01
1.032182400000000028e-01
9.720716000000000079e-02
6.027065999999999674e-02
4.096708000000000294e-02
2.794823999999999919e-02
2.235559999999999978e-02
2.106461000000000097e-02
2.429363999999999829e-02
2.503558999999999993e-02
2.683601999999999863e-02
3.709334000000000242e-02
3.924099000000000337e-02
4.639425999999999967e-02
3.919492000000000115e-02
3.132242999999999833e-02
2.829094000000000053e-02
2.427340999999999874e-02
2.315058000000000046e-02
2.799601999999999993e-02
2.679640000000000147e-02
2.704650999999999930e-02
2.561354000000000061e-02
2.050466000000000094e-02
1.889501999999999848e-02
2.081973000000000157e-02
2.087030000000000135e-02
1.931975000000000012e-02
2.050464000000000106e-02
2.087705999999999937e-02
2.229408000000000084e-02
2.215802000000000049e-02
2.084414000000000058e-02
2.182105000000000156e-02
2.319556000000000048e-02
2.300572999999999854e-02
2.277022000000000074e-02
2.249088000000000129e-02
2.518143999999999938e-02
2.249092000000000105e-02
2.121251000000000039e-02
2.347781999999999994e-02
2.253248999999999877e-02
1.751327999999999913e-02
