2.452203000000000022e-02
3.537255000000000260e-02
4.286867999999999929e-02
4.690943000000000196e-02
3.724631999999999943e-02
2.574879999999999877e-02
1.987347999999999892e-02
1.879294999999999924e-02
2.567813000000000040e-02
3.004503000000000035e-02
2.664516000000000107e-02
2.622603000000000087e-02
2.877185000000000159e-02
4.721841999999999706e-02
5.180131000000000319e-02
5.024514000000000064e-02
4.672586000000000100e-02
3.454604000000000008e-02
2.476149000000000058e-02
1.929269999999999943e-02
2.947902999999999982e-02
5.268657999999999675e-02
6.180585000000000245e-02
6.877548999999999468e-02
8.180561999999999556e-02
8.993442000000000103e-02
6.959927999999999948e-02
6.089943999999999913e-02
4.690508000000000177e-02
3.234937000000000229e-02
2.363227000000000036e-02
2.026754999999999876e-02
2.288371000000000155e-02
2.490151999999999990e-02
3.382584999999999759e-02
3.376905000000000184e-02
4.415283999999999875e-02
5.589751999999999915e-02
4.607431000000000026e-02
3.307219000000000131e-02
2.596135999999999930e-02
2.119785000000000072e-02
2.022565000000000127e-02
2.385282999999999848e-02
2.593662000000000051e-02
2.247719999999999926e-02
2.106496999999999883e-02
2.469893999999999909e-02
2.275753999999999971e-02
2.101621000000000045e-02
1.990418000000000048e-02
1.881183000000000161e-02
2.020270999999999872e-02
2.214680999999999941e-02
2.445879999999999929e-02
2.175559000000000173e-02
1.852149000000000156e-02
1.958941999999999975e-02
2.021266999999999855e-02
2.096840999999999983e-02
2.200192000000000120e-02
2.596680000000000169e-02
2.160652000000000059e-02
1.695108999999999852e-02
