1.826200000000000045e-02
2.004123999999999836e-02
2.154899999999999871e-02
2.478117999999999987e-02
3.042399999999999965e-02
2.712482999999999908e-02
2.490496999999999850e-02
2.981674999999999950e-02
3.964667999999999665e-02
5.524060000000000081e-02
4.903340999999999950e-02
4.239330000000000181e-02
2.905053000000000149e-02
2.176584000000000158e-02
2.331137000000000140e-02
3.711922000000000138e-02
4.486521999999999732e-02
6.919197000000000541e-02
1.042882900000000057e-01
1.249167800000000050e-01
1.311137199999999892e-01
1.043030800000000063e-01
9.061267000000000627e-02
5.601720999999999784e-02
3.306123999999999868e-02
2.132747000000000115e-02
2.131736000000000048e-02
2.165190999999999991e-02
2.993370999999999879e-02
3.649107000000000045e-02
3.426495000000000235e-02
4.324768999999999836e-02
4.572421000000000124e-02
4.238548000000000315e-02
3.587321000000000260e-02
2.477311999999999917e-02
2.142911999999999942e-02
2.229522000000000101e-02
2.504220999999999878e-02
2.528013999999999956e-02
2.377452999999999858e-02
2.221493000000000079e-02
2.417756000000000072e-02
2.242753000000000108e-02
1.921917999999999890e-02
1.978465999999999905e-02
2.030521000000000062e-02
1.896723000000000159e-02
1.937909999999999980e-02
1.956333999999999851e-02
2.039911999999999975e-02
2.313623999999999889e-02
2.419593999999999911e-02
2.368181999999999926e-02
2.219151999999999930e-02
2.270934000000000147e-02
2.020138999999999962e-02
1.951340000000000019e-02
1.918968999999999883e-02
1.995508000000000004e-02
2.010815800000000098e-02
2.026123600000000191e-02
2.041431399999999938e-02
2.056739200000000031e-02
