1.798456999999999834e-02
2.288248000000000018e-02
2.445676999999999920e-02
2.836761000000000144e-02
3.544366999999999657e-02
3.220543000000000017e-02
3.028956000000000010e-02
4.118241000000000263e-02
5.795942999999999928e-02
7.178542000000000256e-02
5.023348999999999870e-02
2.938485000000000055e-02
2.139459999999999973e-02
2.780490000000000045e-02
5.017933000000000116e-02
9.373808000000000140e-02
1.043275399999999964e-01
1.015485799999999994e-01
1.360273200000000071e-01
1.310171599999999936e-01
1.114904200000000067e-01
8.637554000000000065e-02
6.008381000000000138e-02
3.501357000000000080e-02
2.035930000000000031e-02
2.074273999999999910e-02
2.081710000000000158e-02
2.083613999999999952e-02
3.018737999999999977e-02
4.284663999999999834e-02
4.280997999999999748e-02
4.866075000000000261e-02
4.137251000000000123e-02
3.669533999999999990e-02
3.145387999999999656e-02
2.182341000000000142e-02
2.083213000000000079e-02
2.234440000000000037e-02
2.609213000000000157e-02
2.460334999999999953e-02
2.194729000000000124e-02
2.227252000000000051e-02
2.177023000000000152e-02
1.967620000000000133e-02
2.007561999999999888e-02
2.049803999999999862e-02
2.148908999999999889e-02
2.084427999999999975e-02
1.874759000000000148e-02
2.060823999999999989e-02
2.407718000000000011e-02
2.580437999999999829e-02
2.586358000000000060e-02
2.422088999999999839e-02
2.171719999999999900e-02
1.962917999999999955e-02
1.967599999999999905e-02
2.065934000000000173e-02
1.976440999999999962e-02
1.971527000000000002e-02
2.319494999999999890e-02
2.412919999999999995e-02
1.978461000000000108e-02
1.721982000000000027e-02
