2.990941999999999906e-02
2.507176499999999933e-02
2.023410999999999960e-02
2.514707000000000053e-02
2.916356999999999977e-02
5.171295000000000058e-02
8.003493000000000412e-02
1.016839799999999933e-01
1.116278400000000059e-01
1.285021000000000080e-01
1.256760500000000114e-01
1.126695100000000005e-01
9.249588999999999728e-02
6.099046000000000328e-02
3.393261000000000194e-02
2.665818000000000007e-02
2.325802000000000078e-02
2.029627999999999988e-02
2.145837000000000092e-02
2.491211000000000120e-02
2.655447000000000016e-02
3.242947999999999664e-02
3.420967999999999926e-02
4.097032999999999925e-02
4.558899999999999758e-02
3.758423000000000319e-02
2.764689999999999856e-02
2.207189999999999847e-02
2.400516000000000108e-02
2.218298000000000145e-02
2.182587999999999889e-02
2.222758999999999846e-02
2.094361000000000139e-02
2.289833000000000146e-02
2.217625000000000152e-02
2.046001000000000070e-02
2.202650999999999915e-02
2.328389000000000153e-02
2.250744999999999829e-02
1.988904999999999840e-02
1.907941999999999971e-02
2.051756000000000066e-02
2.462668999999999969e-02
2.444046000000000066e-02
2.202441000000000121e-02
1.964006000000000085e-02
1.906421000000000157e-02
1.833185999999999843e-02
2.134401999999999827e-02
2.476485999999999965e-02
2.588878999999999833e-02
2.347923000000000024e-02
1.994533999999999890e-02
1.889959000000000083e-02
2.167588999999999974e-02
2.383176999999999865e-02
2.155750000000000027e-02
1.976224999999999857e-02
2.095340000000000050e-02
1.977264999999999925e-02
1.909483000000000014e-02
2.258125999999999883e-02
2.138220999999999872e-02
1.728355000000000169e-02
