1.835306999999999911e-02
2.104059999999999958e-02
2.133521000000000029e-02
2.153406000000000070e-02
2.487705999999999945e-02
2.678971999999999951e-02
1.998165999999999831e-02
1.972445999999999922e-02
1.982249000000000164e-02
2.150882000000000141e-02
2.396604999999999916e-02
2.522067999999999879e-02
2.749887000000000165e-02
2.428092000000000097e-02
2.235838000000000061e-02
2.442507000000000011e-02
2.191544999999999951e-02
2.079695000000000155e-02
2.142124000000000111e-02
2.054318999999999937e-02
1.904942000000000094e-02
2.050004000000000062e-02
2.397834999999999897e-02
2.348311000000000148e-02
2.497341000000000144e-02
2.519385000000000027e-02
2.720472999999999988e-02
2.478634999999999866e-02
2.902460999999999930e-02
2.679528000000000118e-02
2.114233000000000084e-02
2.055815999999999893e-02
2.168097999999999900e-02
2.302202000000000068e-02
2.511731000000000033e-02
2.550969000000000153e-02
2.466360999999999901e-02
2.909099999999999880e-02
3.424135999999999846e-02
3.173636999999999986e-02
2.733820000000000000e-02
2.229731999999999895e-02
2.417599999999999957e-02
3.103834999999999927e-02
4.714803000000000049e-02
6.600227999999999651e-02
8.215643000000000251e-02
8.611800000000000010e-02
7.973333000000000503e-02
6.172568999999999972e-02
6.402799000000000684e-02
4.975675000000000237e-02
3.630785999999999736e-02
2.721453000000000066e-02
1.950777000000000067e-02
2.143056999999999948e-02
2.183784000000000072e-02
2.250535000000000035e-02
2.823869999999999852e-02
3.784358000000000166e-02
3.713422999999999724e-02
3.453582000000000179e-02
2.703472999999999987e-02
1.877287999999999873e-02
