1.888248000000000010e-02
2.014511000000000079e-02
1.878229999999999830e-02
1.837857999999999853e-02
1.899411000000000155e-02
1.946834000000000064e-02
1.918111000000000121e-02
1.888772000000000020e-02
1.855058000000000054e-02
1.849628999999999857e-02
1.834380999999999859e-02
1.847183000000000158e-02
1.903699000000000016e-02
1.990776000000000004e-02
1.938337000000000046e-02
1.887836000000000028e-02
1.851407999999999873e-02
1.924203999999999845e-02
1.944734999999999867e-02
1.972538999999999890e-02
1.974162000000000139e-02
1.892121999999999901e-02
2.163779999999999870e-02
2.253513000000000044e-02
2.166573999999999930e-02
2.184569999999999915e-02
1.998103999999999852e-02
1.842422999999999977e-02
1.834436999999999873e-02
1.979691999999999910e-02
2.077460999999999891e-02
2.317026999999999975e-02
2.505898999999999974e-02
2.500812999999999994e-02
2.701792000000000082e-02
2.686368999999999910e-02
2.501159000000000021e-02
2.125016000000000058e-02
2.053674999999999945e-02
2.246342999999999951e-02
3.142282999999999882e-02
4.889940999999999732e-02
5.853639000000000064e-02
6.349786999999999793e-02
6.202780000000000099e-02
5.566092000000000262e-02
4.716237000000000207e-02
4.016237999999999753e-02
2.592977999999999950e-02
2.071442999999999895e-02
1.934612000000000137e-02
1.902942999999999996e-02
2.016849000000000072e-02
2.262083000000000149e-02
2.857232999999999995e-02
2.829254000000000144e-02
2.703981999999999913e-02
2.606941999999999940e-02
2.739331000000000058e-02
2.896775999999999865e-02
2.821867000000000125e-02
2.252416000000000140e-02
1.882144999999999999e-02
1.677506000000000136e-02
