1.753301999999999986e-02
2.035125000000000128e-02
2.165177999999999894e-02
2.477880999999999834e-02
2.930786000000000155e-02
3.251621999999999846e-02
3.195169999999999955e-02
2.783336999999999964e-02
2.287103999999999873e-02
2.103599999999999914e-02
2.379757999999999873e-02
2.389913999999999927e-02
2.555117000000000152e-02
2.164610999999999966e-02
2.096806000000000017e-02
2.238037999999999833e-02
2.482805000000000081e-02
2.905115000000000128e-02
2.858998000000000095e-02
2.803109000000000156e-02
2.297073000000000170e-02
2.447854000000000002e-02
3.195429000000000325e-02
2.973392999999999869e-02
3.061227000000000045e-02
2.627292000000000169e-02
2.795556999999999903e-02
3.436176999999999981e-02
2.817653000000000171e-02
2.137984999999999886e-02
2.786887000000000045e-02
2.587862000000000148e-02
3.579634999999999762e-02
4.125246999999999942e-02
4.406805999999999918e-02
3.255511999999999989e-02
2.398793999999999926e-02
3.582917000000000046e-02
3.882755000000000234e-02
2.967898999999999884e-02
2.606204000000000159e-02
3.126777000000000029e-02
4.813946000000000197e-02
6.540567999999999382e-02
5.840104000000000128e-02
4.518674000000000301e-02
4.733028000000000235e-02
3.512909000000000170e-02
4.282521999999999718e-02
8.071499000000000035e-02
1.327155100000000088e-01
1.759070600000000040e-01
2.100701799999999952e-01
2.814154600000000062e-01
2.516921500000000034e-01
2.062515799999999899e-01
1.520143899999999992e-01
1.198438700000000051e-01
9.306214999999999626e-02
6.461667999999999579e-02
3.813679999999999848e-02
2.547599000000000044e-02
2.204429999999999931e-02
2.114390999999999840e-02
