1.866661000000000015e-02
2.295049000000000047e-02
2.434151999999999844e-02
2.914757000000000112e-02
2.836647999999999947e-02
2.839082999999999884e-02
2.579162999999999942e-02
2.456879999999999828e-02
2.265377999999999836e-02
1.996666999999999886e-02
1.950727000000000017e-02
2.320586999999999997e-02
2.251761000000000040e-02
3.047580000000000081e-02
2.884518000000000151e-02
2.695273999999999934e-02
2.859760000000000080e-02
2.800257000000000093e-02
3.435744000000000298e-02
3.833638999999999797e-02
2.744026000000000104e-02
2.581945000000000073e-02
3.884433999999999804e-02
6.685557000000000305e-02
9.994127999999999346e-02
1.719077800000000100e-01
1.852887099999999954e-01
1.779599000000000042e-01
1.455970000000000042e-01
9.090544000000000402e-02
5.572871000000000075e-02
4.032664999999999861e-02
3.392996000000000206e-02
2.091801000000000077e-02
2.511562000000000169e-02
2.473639000000000046e-02
3.616830000000000045e-02
6.198651000000000161e-02
4.939856000000000108e-02
5.108593000000000162e-02
4.028886000000000273e-02
3.701038999999999718e-02
2.912400999999999879e-02
2.014712000000000100e-02
2.091263000000000150e-02
1.995063000000000045e-02
2.512106999999999882e-02
2.264267000000000016e-02
2.210766999999999941e-02
2.308407999999999988e-02
2.037148999999999904e-02
2.016930000000000112e-02
2.129713000000000092e-02
2.019670000000000146e-02
1.933953999999999881e-02
1.936299999999999827e-02
1.872278000000000137e-02
1.843434999999999865e-02
1.856885000000000133e-02
1.816560000000000050e-02
1.858506999999999867e-02
1.941168999999999881e-02
1.885902999999999885e-02
1.635535000000000114e-02
