2.255653999999999992e-02
2.462469999999999937e-02
1.954563000000000134e-02
1.807192999999999994e-02
1.911345000000000058e-02
2.011639000000000135e-02
1.915516999999999914e-02
1.986506000000000036e-02
2.147978999999999861e-02
1.947660999999999837e-02
1.846131999999999981e-02
2.015433000000000155e-02
2.435495999999999842e-02
2.679905999999999955e-02
2.299676000000000151e-02
1.867372999999999950e-02
1.780487999999999862e-02
1.906042999999999973e-02
2.182604000000000141e-02
2.064457999999999918e-02
1.976837000000000039e-02
1.949597999999999956e-02
1.967829000000000106e-02
2.118685000000000013e-02
2.330938000000000107e-02
2.163802999999999907e-02
1.984096999999999944e-02
2.031635000000000038e-02
2.548751000000000141e-02
2.791452000000000169e-02
2.495204000000000172e-02
2.066244999999999887e-02
1.948574000000000139e-02
1.887700999999999962e-02
2.105367000000000002e-02
2.487711999999999909e-02
2.594470000000000109e-02
2.398317999999999978e-02
2.504786000000000165e-02
2.968853999999999937e-02
3.793078999999999895e-02
3.428073999999999705e-02
2.685223999999999944e-02
2.125996999999999956e-02
2.354020000000000071e-02
3.422226999999999908e-02
4.916124999999999662e-02
7.124598000000000042e-02
8.098307999999999895e-02
9.101860999999999979e-02
9.917188999999999865e-02
8.429602999999999402e-02
7.584622000000000586e-02
5.889591000000000270e-02
4.069633000000000278e-02
2.946361999999999939e-02
2.085131000000000137e-02
1.991083000000000089e-02
1.910239999999999855e-02
2.027266000000000137e-02
2.149351000000000039e-02
2.391522000000000092e-02
2.356147000000000102e-02
1.774741000000000166e-02
