2.169309000000000168e-02
2.784210999999999978e-02
2.741543000000000105e-02
2.502976999999999980e-02
2.347575999999999830e-02
2.325293000000000151e-02
2.005432999999999868e-02
1.847004999999999827e-02
1.813398999999999914e-02
1.854122000000000062e-02
1.808357999999999841e-02
1.865531999999999954e-02
1.905199999999999949e-02
1.993792000000000134e-02
1.987519000000000091e-02
1.978217999999999990e-02
2.082296999999999967e-02
2.042149999999999868e-02
1.863816000000000084e-02
1.840624000000000079e-02
1.832676999999999917e-02
1.753810000000000091e-02
1.747958000000000151e-02
1.798200999999999966e-02
1.829158999999999993e-02
1.837431999999999954e-02
1.765502999999999864e-02
1.778671999999999892e-02
1.762999999999999984e-02
1.788963000000000012e-02
1.792380999999999835e-02
1.806233999999999965e-02
1.781442999999999915e-02
1.766225000000000087e-02
1.751712999999999881e-02
1.759629000000000054e-02
1.793217000000000075e-02
1.805628000000000094e-02
1.731977000000000169e-02
1.763003000000000139e-02
1.730889000000000039e-02
1.785468000000000124e-02
1.812876000000000071e-02
1.832529999999999923e-02
1.787301000000000167e-02
1.787356999999999835e-02
1.780574999999999866e-02
1.780872000000000011e-02
1.769919000000000006e-02
1.742217999999999892e-02
1.788342000000000057e-02
1.748080000000000120e-02
1.776271999999999920e-02
1.807388999999999871e-02
1.832746000000000028e-02
1.814086999999999991e-02
1.776979999999999879e-02
1.773618999999999890e-02
1.806850000000000123e-02
1.776778999999999858e-02
1.791357000000000019e-02
1.811793000000000084e-02
1.760203999999999935e-02
1.539090000000000076e-02
