1.732320999999999861e-02
1.899945000000000106e-02
1.903120999999999979e-02
2.012643000000000071e-02
2.321981999999999866e-02
2.822677000000000172e-02
2.794077999999999840e-02
2.619513000000000050e-02
2.213940000000000005e-02
1.928022000000000069e-02
1.953401999999999916e-02
2.044382999999999964e-02
2.497175999999999910e-02
2.419405000000000167e-02
2.212957999999999939e-02
2.093404000000000098e-02
2.140293999999999877e-02
2.400715999999999961e-02
2.819046999999999872e-02
3.013311999999999935e-02
2.403513999999999998e-02
2.349042000000000144e-02
2.927739000000000036e-02
2.681011000000000158e-02
2.803438000000000110e-02
2.539862999999999843e-02
2.428703000000000112e-02
2.733582999999999846e-02
2.345260999999999874e-02
2.218236999999999987e-02
2.411146000000000122e-02
2.456929000000000057e-02
2.847297000000000022e-02
3.718906000000000295e-02
4.443439999999999890e-02
3.495701999999999837e-02
2.262673999999999935e-02
3.014261999999999844e-02
3.696278000000000064e-02
3.849932999999999828e-02
3.246779000000000331e-02
3.371240999999999821e-02
4.222706999999999850e-02
6.500722000000000445e-02
5.829489999999999672e-02
4.977650000000000130e-02
5.032065000000000149e-02
3.698823999999999862e-02
3.195532000000000233e-02
7.986931999999999365e-02
9.659375000000000600e-02
1.355609999999999871e-01
2.015590800000000016e-01
2.688430499999999723e-01
2.818606499999999904e-01
2.369674900000000028e-01
2.184571299999999994e-01
1.967101400000000055e-01
1.678289199999999926e-01
1.188210999999999989e-01
7.464961999999999986e-02
3.724439000000000222e-02
2.398733999999999936e-02
2.147829000000000058e-02
