2.530378000000000141e-02
3.495256000000000057e-02
4.502049999999999802e-02
3.480795999999999890e-02
2.906045999999999976e-02
2.608245000000000008e-02
2.233167000000000138e-02
2.830097999999999989e-02
4.542534000000000155e-02
6.526245999999999436e-02
7.651887999999999745e-02
9.215864000000000000e-02
1.075224000000000041e-01
1.013054500000000052e-01
7.548121000000000691e-02
7.216330999999999440e-02
5.165548999999999835e-02
2.907444000000000001e-02
2.257939999999999947e-02
1.938505000000000089e-02
1.892527999999999919e-02
2.066308999999999854e-02
2.290632999999999905e-02
2.698752999999999916e-02
3.387206000000000244e-02
3.555077000000000237e-02
3.301356999999999903e-02
2.894089000000000036e-02
2.381853000000000095e-02
2.193018999999999871e-02
2.199620999999999868e-02
2.269795999999999966e-02
2.484665999999999958e-02
2.476986999999999939e-02
2.374491000000000102e-02
2.473128000000000132e-02
2.166546000000000097e-02
2.029718999999999968e-02
2.059015999999999971e-02
1.935206000000000079e-02
2.005099999999999938e-02
1.892931000000000127e-02
1.874833999999999876e-02
1.876449000000000172e-02
2.016377000000000100e-02
2.092439999999999925e-02
2.280667999999999931e-02
2.418674999999999992e-02
2.197924999999999879e-02
1.988701999999999831e-02
2.070075999999999861e-02
2.067951000000000164e-02
2.233494000000000104e-02
2.277258999999999881e-02
2.080026999999999918e-02
1.857233999999999968e-02
1.814721000000000042e-02
1.934898000000000173e-02
2.070046999999999859e-02
2.369303999999999855e-02
2.440789999999999974e-02
2.165987000000000121e-02
1.931642999999999902e-02
1.711247999999999936e-02
