1.679842000000000141e-02
1.828464000000000131e-02
1.870807000000000025e-02
1.919324999999999851e-02
1.983398000000000105e-02
2.035469999999999988e-02
2.037776000000000171e-02
2.015221000000000026e-02
1.887472000000000108e-02
1.841502999999999890e-02
1.889607000000000092e-02
1.904157999999999892e-02
1.982230000000000103e-02
1.951711999999999891e-02
1.904486999999999847e-02
1.907916999999999946e-02
1.892809999999999979e-02
1.983129000000000142e-02
1.982046000000000155e-02
1.978941999999999854e-02
1.906988000000000086e-02
1.892096000000000056e-02
2.040029999999999968e-02
2.008160000000000153e-02
2.051719000000000112e-02
2.024433999999999956e-02
1.958100999999999939e-02
2.036829000000000070e-02
1.894086999999999854e-02
1.848964000000000163e-02
1.927707999999999852e-02
1.926885000000000056e-02
1.976684000000000080e-02
2.152797000000000044e-02
2.220609000000000124e-02
2.039846000000000020e-02
1.867763000000000062e-02
1.916703000000000157e-02
2.128731000000000026e-02
2.047034999999999827e-02
1.926235999999999920e-02
1.973590000000000066e-02
2.126234999999999931e-02
2.509033000000000097e-02
2.420676999999999898e-02
2.301237000000000074e-02
1.990785000000000124e-02
1.998220500000000288e-02
2.005656000000000105e-02
2.377548000000000161e-02
2.686269000000000157e-02
3.043529999999999847e-02
3.670052000000000036e-02
4.490841000000000277e-02
4.931838999999999668e-02
4.502297999999999717e-02
4.133662999999999921e-02
3.852296000000000192e-02
3.489343000000000306e-02
2.947512000000000049e-02
2.429755000000000109e-02
2.072896000000000113e-02
1.816216000000000011e-02
1.641572000000000170e-02
