1.640602999999999853e-02
2.036663999999999836e-02
1.999437000000000089e-02
2.481012000000000148e-02
3.736327999999999872e-02
3.718859000000000053e-02
3.203215000000000229e-02
4.158258000000000093e-02
5.503239000000000047e-02
6.689705999999999431e-02
6.516363999999999490e-02
4.421647000000000077e-02
2.731271000000000046e-02
2.117161000000000043e-02
3.638659999999999811e-02
5.416318999999999995e-02
7.828791000000000222e-02
1.101247900000000002e-01
1.574452699999999983e-01
1.790981700000000010e-01
1.528708000000000011e-01
1.221344099999999988e-01
9.042872999999999883e-02
5.889007000000000269e-02
2.917764000000000121e-02
2.121110999999999830e-02
2.095313000000000037e-02
2.125573999999999866e-02
3.264314000000000104e-02
4.633869999999999656e-02
5.049527999999999656e-02
5.728442999999999730e-02
6.045189000000000118e-02
5.042855999999999728e-02
4.390560999999999769e-02
2.539577000000000154e-02
2.094992000000000035e-02
2.311206999999999845e-02
2.456981999999999916e-02
2.744651999999999856e-02
2.526397999999999838e-02
2.446357999999999866e-02
2.407429000000000166e-02
2.225030999999999884e-02
2.030496000000000037e-02
2.064001000000000030e-02
2.022378000000000023e-02
2.175540999999999933e-02
2.050714999999999830e-02
2.057524000000000158e-02
2.221864000000000131e-02
2.577617000000000103e-02
2.737871000000000055e-02
2.678557000000000160e-02
2.466797000000000087e-02
2.248311999999999880e-02
2.066549999999999984e-02
2.043996000000000007e-02
1.920066999999999954e-02
2.094814999999999872e-02
2.487690000000000040e-02
2.754285000000000067e-02
2.222007000000000149e-02
1.805636000000000047e-02
