4.979344000000000131e-02
9.054291000000000422e-02
1.131940300000000010e-01
9.441837999999999620e-02
9.476967999999999503e-02
8.359421000000000213e-02
7.143681000000000336e-02
6.672999000000000291e-02
5.689285000000000175e-02
5.383179999999999910e-02
4.018911000000000011e-02
2.733179999999999985e-02
2.480206000000000077e-02
2.597350999999999827e-02
2.946779000000000065e-02
3.293274000000000201e-02
4.284725999999999813e-02
5.108568000000000137e-02
4.763914999999999816e-02
3.870770999999999934e-02
3.666617999999999961e-02
2.954651000000000152e-02
2.384854999999999961e-02
2.164713999999999874e-02
2.234188000000000146e-02
2.114995999999999890e-02
2.053243000000000082e-02
2.179257999999999890e-02
2.324994000000000019e-02
2.286206000000000002e-02
1.892388999999999877e-02
1.915007000000000167e-02
1.951127000000000070e-02
2.013171000000000058e-02
2.083619999999999917e-02
2.156920999999999838e-02
2.015459000000000001e-02
2.116428999999999880e-02
2.357251999999999958e-02
2.360837000000000005e-02
2.153568000000000149e-02
2.198881999999999920e-02
2.060651999999999970e-02
2.227811999999999848e-02
2.320521000000000042e-02
2.269757999999999845e-02
2.015145999999999951e-02
1.920202999999999841e-02
1.917842000000000158e-02
1.889998999999999846e-02
2.113030999999999937e-02
2.348319999999999921e-02
2.283086999999999964e-02
2.157467000000000065e-02
2.126961000000000129e-02
2.078719999999999873e-02
2.165401999999999952e-02
2.600801999999999975e-02
2.416714000000000015e-02
2.095891999999999894e-02
1.934216999999999881e-02
1.828555000000000111e-02
1.754143999999999842e-02
1.760008000000000059e-02
