1.643957999999999878e-02
1.880182999999999854e-02
2.122908999999999907e-02
2.400245000000000156e-02
2.650968000000000074e-02
2.613659999999999942e-02
1.893270999999999843e-02
1.928339000000000095e-02
1.948097999999999844e-02
1.941974999999999951e-02
2.180382000000000153e-02
2.084746000000000168e-02
1.938625999999999891e-02
1.811623000000000053e-02
1.939982999999999985e-02
2.104790000000000133e-02
2.004565999999999987e-02
1.956350999999999923e-02
2.033265000000000072e-02
2.281835000000000113e-02
2.700494000000000158e-02
2.671095999999999887e-02
2.733802000000000107e-02
2.107204000000000021e-02
2.028357999999999897e-02
2.046330000000000024e-02
2.208150000000000043e-02
2.293962999999999905e-02
2.085543999999999940e-02
2.185650999999999913e-02
2.437815000000000121e-02
2.907759000000000038e-02
2.713664999999999827e-02
2.429022000000000125e-02
2.073430000000000065e-02
1.957808000000000118e-02
2.084594000000000030e-02
3.276260999999999757e-02
5.167081999999999925e-02
5.757363000000000064e-02
7.478197000000000316e-02
7.881879999999999442e-02
7.005203999999999598e-02
5.720251999999999976e-02
4.385067000000000131e-02
3.151624000000000092e-02
2.351705999999999935e-02
1.966363000000000139e-02
1.831630999999999884e-02
1.974331000000000003e-02
2.153259000000000076e-02
2.367839000000000055e-02
2.777637999999999982e-02
3.118519999999999973e-02
4.196127999999999664e-02
4.227395999999999932e-02
3.470923000000000064e-02
2.771020000000000080e-02
2.323752000000000109e-02
2.112057000000000170e-02
1.939251999999999990e-02
2.025636999999999924e-02
1.782063999999999870e-02
1.671105000000000160e-02
