2.065571999999999894e-02
2.114954000000000139e-02
1.925315999999999833e-02
2.398996999999999935e-02
2.517225999999999839e-02
3.647924999999999779e-02
4.825092000000000270e-02
6.101241999999999777e-02
6.477861999999999509e-02
7.475163999999999420e-02
7.898985999999999508e-02
6.703267000000000253e-02
5.482449999999999823e-02
3.810583000000000026e-02
2.638222000000000136e-02
2.484493999999999939e-02
2.112703000000000150e-02
1.823328000000000101e-02
1.958015000000000103e-02
2.166585999999999859e-02
2.301724999999999952e-02
2.591995999999999883e-02
2.882695000000000049e-02
2.917176000000000144e-02
3.288721000000000005e-02
3.131725999999999954e-02
2.313060999999999937e-02
2.045506000000000060e-02
2.031383999999999967e-02
1.973692000000000155e-02
2.056565999999999950e-02
2.131668000000000104e-02
1.987755999999999898e-02
2.227468999999999977e-02
2.103073999999999916e-02
1.928163999999999920e-02
2.017897000000000093e-02
2.042721999999999941e-02
1.956292999999999921e-02
1.883572000000000024e-02
1.855568999999999968e-02
1.890201000000000034e-02
2.027245000000000089e-02
2.038662000000000113e-02
1.995405000000000095e-02
1.917771999999999880e-02
1.811729000000000117e-02
1.823061999999999946e-02
1.888625000000000026e-02
2.030103999999999936e-02
2.073989000000000041e-02
2.016217000000000009e-02
1.849953000000000014e-02
1.805303999999999937e-02
1.945749000000000090e-02
2.018874000000000016e-02
1.925361999999999907e-02
1.864098000000000144e-02
1.979641999999999860e-02
1.872100000000000153e-02
1.835832999999999909e-02
1.938650000000000095e-02
1.864574000000000092e-02
1.639306999999999917e-02
