1.855570999999999957e-02
1.890671000000000018e-02
2.011249999999999843e-02
1.889590000000000020e-02
1.939787000000000108e-02
1.943502000000000077e-02
1.949841000000000074e-02
2.059965999999999881e-02
1.939901999999999946e-02
1.934974999999999890e-02
1.875078000000000161e-02
1.876173999999999897e-02
2.058429000000000161e-02
2.122030000000000097e-02
2.015646999999999925e-02
2.000607000000000080e-02
1.990830000000000030e-02
2.163904999999999995e-02
2.395774000000000167e-02
2.568803000000000059e-02
2.570793000000000036e-02
2.037894999999999984e-02
1.992439999999999836e-02
2.080386999999999861e-02
2.149328000000000002e-02
2.393021000000000037e-02
2.630655999999999967e-02
2.274504000000000109e-02
2.514978000000000005e-02
2.847863000000000130e-02
3.015065000000000106e-02
2.566403999999999908e-02
2.375423999999999938e-02
2.350032999999999983e-02
2.838128999999999999e-02
4.279672999999999811e-02
5.577320999999999668e-02
7.016843000000000385e-02
7.178189999999999571e-02
5.838865000000000027e-02
4.214294999999999847e-02
3.517225999999999686e-02
2.852034000000000166e-02
2.140571000000000140e-02
1.874535000000000090e-02
1.958301000000000139e-02
2.097672999999999899e-02
2.151435999999999973e-02
2.544665999999999942e-02
2.885851000000000041e-02
3.486174000000000217e-02
3.366513000000000144e-02
3.177434999999999982e-02
2.863591000000000053e-02
2.374447000000000016e-02
2.111470999999999834e-02
2.145180000000000003e-02
2.067224000000000145e-02
2.010868000000000030e-02
1.958123999999999976e-02
2.178539999999999990e-02
2.580785999999999844e-02
2.286664999999999878e-02
1.730597999999999859e-02
