1.661707999999999935e-02
1.993452000000000071e-02
2.094276000000000124e-02
2.299259000000000025e-02
2.608040999999999832e-02
2.521278999999999881e-02
2.387507000000000171e-02
2.669037000000000145e-02
2.990846000000000129e-02
3.908778999999999726e-02
3.586621999999999727e-02
3.028490000000000001e-02
2.141151000000000165e-02
1.974920000000000148e-02
2.326386000000000079e-02
3.462264999999999787e-02
3.947128999999999915e-02
5.680914000000000103e-02
7.446811999999999876e-02
8.414504000000000428e-02
8.124198000000000530e-02
6.692257999999999540e-02
5.292954999999999882e-02
3.319993999999999723e-02
2.295379999999999990e-02
1.977156000000000052e-02
1.909171999999999952e-02
1.970322999999999866e-02
2.516215000000000118e-02
2.567871999999999863e-02
2.581003999999999937e-02
3.285205000000000070e-02
3.371549000000000074e-02
3.409651999999999822e-02
2.752564999999999873e-02
2.090204999999999841e-02
1.936732000000000037e-02
2.056345000000000048e-02
2.153110999999999914e-02
2.186688999999999994e-02
2.104034000000000112e-02
2.205957000000000057e-02
2.156264999999999918e-02
1.993649000000000115e-02
1.883570000000000036e-02
1.857235000000000136e-02
1.867403000000000118e-02
1.863271999999999845e-02
1.842844000000000079e-02
1.881377999999999870e-02
2.043274999999999952e-02
2.101454999999999990e-02
2.240183999999999925e-02
2.146970000000000128e-02
2.139061000000000087e-02
2.101874999999999924e-02
1.997501999999999958e-02
1.851774999999999949e-02
1.857657000000000058e-02
1.872856000000000173e-02
2.075445000000000068e-02
2.280797999999999853e-02
1.955273000000000080e-02
1.623457000000000025e-02
