1.763879999999999962e-02
2.108269000000000115e-02
2.289274000000000170e-02
3.539612999999999787e-02
4.660254999999999953e-02
4.120411000000000212e-02
3.508361000000000118e-02
3.977296999999999777e-02
4.871272000000000102e-02
6.779346999999999457e-02
6.415033000000000540e-02
3.434733999999999704e-02
2.120363000000000109e-02
2.530392999999999878e-02
5.155401999999999901e-02
9.906558000000000030e-02
1.090596699999999974e-01
1.166184400000000038e-01
1.532496100000000083e-01
1.514220400000000077e-01
1.316358900000000054e-01
9.554711999999999927e-02
6.399760999999999644e-02
3.950495999999999869e-02
2.132946999999999968e-02
2.060067999999999969e-02
2.124743999999999938e-02
2.175969000000000167e-02
3.302154999999999674e-02
5.397944999999999827e-02
5.448787000000000075e-02
5.505224999999999702e-02
4.820719999999999866e-02
4.092818000000000150e-02
3.427431000000000227e-02
2.457024000000000014e-02
2.281920000000000129e-02
2.430169999999999900e-02
2.669699999999999851e-02
2.669909000000000171e-02
2.452671000000000018e-02
2.302374000000000087e-02
2.173939999999999900e-02
2.002332000000000070e-02
1.995910999999999866e-02
2.081217000000000136e-02
2.141057999999999850e-02
2.142213000000000103e-02
1.985655999999999879e-02
2.271280999999999994e-02
2.669221999999999914e-02
2.884302000000000046e-02
2.896394000000000052e-02
2.597789000000000001e-02
2.383309000000000122e-02
2.074813000000000004e-02
2.008029999999999884e-02
2.204027000000000069e-02
2.065188000000000093e-02
2.097219000000000166e-02
2.512653999999999929e-02
2.471587000000000089e-02
2.141461999999999880e-02
1.791134000000000129e-02
