2.318440999999999905e-02
2.850352000000000094e-02
2.618407000000000026e-02
2.751970000000000111e-02
2.351053999999999991e-02
2.196528999999999843e-02
1.920320999999999834e-02
1.958048999999999901e-02
2.310871999999999926e-02
2.928640000000000063e-02
2.731565999999999855e-02
2.234440999999999858e-02
2.131523999999999919e-02
2.498633999999999925e-02
2.698864000000000124e-02
2.743456000000000020e-02
3.179252999999999940e-02
2.794227000000000169e-02
2.365031999999999898e-02
1.977086999999999942e-02
2.409317000000000056e-02
2.746730000000000005e-02
2.753105000000000135e-02
2.300243000000000079e-02
2.128769999999999968e-02
2.265203999999999829e-02
2.939641000000000129e-02
3.402208999999999789e-02
3.144848000000000088e-02
3.801484000000000113e-02
3.717970000000000302e-02
3.919241999999999865e-02
3.577451000000000242e-02
2.983465999999999896e-02
2.424787000000000123e-02
3.067399999999999988e-02
3.899935000000000207e-02
4.326937000000000144e-02
3.647624000000000005e-02
3.185409000000000157e-02
4.677034000000000052e-02
6.338114000000000248e-02
6.105909000000000336e-02
6.039275000000000199e-02
4.093403000000000319e-02
3.516492000000000229e-02
4.683081000000000049e-02
9.400327999999999462e-02
1.357609200000000071e-01
1.947281700000000060e-01
2.276351000000000069e-01
2.245517800000000064e-01
2.117934200000000100e-01
2.162616400000000050e-01
1.746949100000000088e-01
1.028774300000000058e-01
5.585292000000000034e-02
3.849837999999999871e-02
2.851704000000000044e-02
2.073001000000000010e-02
2.174320999999999893e-02
2.579959999999999892e-02
2.451477999999999990e-02
2.023290000000000158e-02
