2.665920999999999916e-02
4.186677999999999927e-02
3.825256999999999963e-02
2.661372999999999864e-02
2.215285000000000171e-02
2.120877999999999999e-02
2.779647999999999841e-02
2.632947999999999886e-02
2.602669000000000163e-02
2.773619000000000084e-02
2.517267000000000116e-02
2.251467999999999872e-02
2.103295000000000164e-02
3.130515999999999854e-02
3.321315999999999852e-02
4.501502000000000281e-02
2.531753999999999949e-02
2.412852000000000052e-02
2.574214000000000016e-02
3.605056000000000233e-02
3.152180000000000260e-02
2.571150000000000171e-02
3.139445999999999903e-02
4.062872000000000011e-02
5.020534000000000108e-02
6.533087999999999396e-02
4.698244000000000031e-02
2.804798000000000013e-02
2.356037000000000062e-02
3.006725000000000023e-02
3.562039000000000177e-02
4.926281999999999883e-02
5.661886000000000002e-02
6.820513000000000270e-02
1.028584899999999969e-01
9.112813000000000163e-02
8.750354000000000465e-02
8.198740000000000194e-02
3.496284000000000197e-02
3.351570999999999717e-02
8.851257999999999349e-02
1.645280100000000023e-01
2.737141499999999894e-01
3.454591900000000271e-01
3.829334999999999822e-01
3.678790000000000115e-01
3.237921300000000113e-01
2.801301199999999825e-01
1.812801500000000010e-01
6.850351000000000357e-02
4.374531000000000253e-02
3.224582000000000143e-02
2.433017999999999986e-02
4.921323999999999838e-02
9.046181000000000361e-02
8.662374000000000462e-02
8.708771999999999347e-02
8.504676999999999376e-02
1.039988300000000004e-01
1.308079500000000062e-01
1.109243800000000030e-01
8.265227999999999464e-02
3.729401000000000244e-02
2.511091000000000018e-02
