3.089483000000000160e-02
3.337298999999999821e-02
2.716319000000000025e-02
2.582852999999999885e-02
2.227811999999999848e-02
1.874475999999999920e-02
1.996834000000000109e-02
2.413660000000000111e-02
3.113375999999999991e-02
2.761372000000000132e-02
2.532761999999999861e-02
2.197696999999999845e-02
2.755544000000000049e-02
3.395801999999999848e-02
3.045600000000000043e-02
2.436255000000000018e-02
2.294331999999999969e-02
2.365083000000000116e-02
2.579831999999999959e-02
2.243097999999999967e-02
2.429341999999999960e-02
2.850439000000000098e-02
2.288014999999999841e-02
2.642564999999999845e-02
3.042662999999999965e-02
2.577029000000000125e-02
2.660132000000000121e-02
2.639176000000000022e-02
3.477518000000000276e-02
4.576521000000000061e-02
3.853468000000000171e-02
3.453226999999999686e-02
2.730105000000000032e-02
2.404728999999999894e-02
2.579166000000000097e-02
3.877599000000000323e-02
4.659325999999999746e-02
4.004367999999999816e-02
3.735553999999999958e-02
4.672301999999999705e-02
7.120364999999999334e-02
7.691394999999999482e-02
5.378941999999999751e-02
4.146982999999999919e-02
3.510197999999999791e-02
6.507266000000000439e-02
1.139942899999999981e-01
1.579046400000000128e-01
2.070981699999999981e-01
2.383305599999999969e-01
2.453126899999999999e-01
2.345887399999999900e-01
1.972793499999999922e-01
1.503718800000000133e-01
1.081813100000000027e-01
5.763642000000000071e-02
3.223192999999999891e-02
2.656462999999999880e-02
2.230914999999999981e-02
2.143269999999999897e-02
2.416267000000000068e-02
3.133244999999999780e-02
2.761908999999999892e-02
2.105082999999999954e-02
