1.801329000000000125e-02
2.156572000000000003e-02
2.055892999999999957e-02
1.826507999999999951e-02
1.788450000000000109e-02
1.858833999999999834e-02
1.909109000000000153e-02
1.862855000000000066e-02
1.856684000000000112e-02
1.949276999999999954e-02
1.857738999999999918e-02
1.804870999999999906e-02
1.790626999999999844e-02
1.908405000000000171e-02
2.107405000000000042e-02
2.063960000000000100e-02
1.947617000000000098e-02
1.813758000000000037e-02
1.845074999999999840e-02
1.942757000000000164e-02
1.897143000000000093e-02
1.834873000000000060e-02
1.936165000000000108e-02
2.089952999999999950e-02
2.177617000000000094e-02
2.532020000000000104e-02
2.412260000000000099e-02
2.003807000000000157e-02
1.870938000000000115e-02
1.885206000000000034e-02
1.930416000000000076e-02
2.230085000000000053e-02
2.361848000000000072e-02
2.431296000000000151e-02
2.854040999999999870e-02
2.987756000000000092e-02
3.083543999999999868e-02
2.741820000000000021e-02
2.284767000000000048e-02
1.899877999999999983e-02
2.183923000000000114e-02
3.282248000000000110e-02
4.978583999999999787e-02
6.592394000000000032e-02
6.977585999999999511e-02
7.568176999999999544e-02
6.720505999999999702e-02
7.039140000000000674e-02
5.118927999999999673e-02
3.191777999999999976e-02
2.630833000000000130e-02
2.296509999999999871e-02
1.918974999999999848e-02
2.068332999999999977e-02
2.450302999999999856e-02
2.379353999999999844e-02
2.376230000000000009e-02
2.521313999999999847e-02
2.792696999999999888e-02
3.404842000000000285e-02
3.405662999999999746e-02
2.868218999999999977e-02
2.069698999999999844e-02
1.701400000000000134e-02
