2.689373000000000111e-02
2.832377000000000158e-02
2.253702000000000136e-02
2.047917999999999961e-02
2.307514000000000093e-02
2.468601999999999949e-02
2.267550999999999942e-02
2.433816000000000104e-02
3.160248000000000224e-02
3.549395999999999801e-02
4.246015000000000206e-02
4.384431999999999913e-02
4.192651000000000017e-02
3.400472000000000217e-02
2.877249999999999946e-02
2.032505000000000075e-02
2.118323999999999901e-02
3.460831999999999797e-02
7.067236000000000351e-02
1.026460700000000059e-01
1.324591900000000044e-01
1.355693799999999893e-01
1.152455700000000055e-01
8.399341999999999919e-02
6.032397999999999927e-02
4.166703000000000073e-02
2.767497999999999833e-02
2.205990000000000034e-02
2.484665000000000137e-02
2.401526000000000008e-02
3.038725000000000107e-02
3.570796999999999860e-02
4.249624999999999930e-02
5.805814000000000114e-02
3.987796999999999870e-02
3.128050000000000275e-02
2.759040999999999924e-02
2.612779000000000143e-02
2.348182000000000047e-02
2.561296000000000059e-02
2.540707999999999855e-02
2.702415999999999846e-02
2.730517000000000014e-02
2.026040999999999953e-02
1.831330999999999931e-02
1.940460999999999922e-02
1.964741999999999877e-02
1.864489999999999897e-02
2.019560999999999926e-02
2.067524999999999918e-02
2.278159000000000087e-02
2.216631999999999977e-02
2.148643999999999901e-02
2.069937999999999986e-02
2.189798000000000092e-02
2.265448000000000114e-02
2.193513999999999881e-02
2.049045999999999854e-02
2.169052999999999953e-02
2.056318999999999855e-02
2.106685000000000155e-02
2.431389000000000120e-02
2.176225999999999855e-02
1.759368999999999864e-02
