1.756771999999999848e-02
2.360954999999999998e-02
4.392302000000000012e-02
4.714124000000000092e-02
7.461429999999999452e-02
5.526052000000000047e-02
2.669743999999999937e-02
2.420494000000000118e-02
2.467590000000000061e-02
2.758481999999999948e-02
4.063616999999999924e-02
3.668322000000000249e-02
2.587133999999999961e-02
2.433317999999999939e-02
2.728886000000000159e-02
4.048071000000000308e-02
3.147877999999999787e-02
4.167425000000000296e-02
3.365917999999999688e-02
4.314413999999999749e-02
9.099656000000000411e-02
8.844124999999999903e-02
6.345083999999999447e-02
3.605591999999999825e-02
3.535023000000000332e-02
2.820912999999999893e-02
5.216095999999999927e-02
5.214855000000000185e-02
4.607615999999999795e-02
6.432287000000000421e-02
8.770582999999999851e-02
1.340208900000000036e-01
9.995959999999999568e-02
5.655342000000000008e-02
3.623156999999999767e-02
3.518567000000000222e-02
5.683693000000000078e-02
1.857686899999999863e-01
3.170738499999999904e-01
3.520153200000000204e-01
3.798746199999999962e-01
3.678835300000000141e-01
3.091524500000000231e-01
1.922825900000000032e-01
1.175944899999999960e-01
6.482306000000000179e-02
3.531949999999999673e-02
2.729592999999999950e-02
2.149386000000000005e-02
2.847544000000000117e-02
3.647722999999999938e-02
4.639672000000000240e-02
7.860427999999999860e-02
8.823045000000000193e-02
1.048652199999999951e-01
1.247512800000000061e-01
8.434732000000000340e-02
5.392977999999999661e-02
4.260981999999999964e-02
2.825791999999999887e-02
2.228128000000000053e-02
2.720035999999999982e-02
2.573515999999999998e-02
2.017677000000000012e-02
