2.696557000000000121e-02
2.481842999999999896e-02
2.153775000000000134e-02
3.122870999999999980e-02
4.214459999999999734e-02
7.472449999999999926e-02
1.135729099999999991e-01
1.390586799999999901e-01
1.360454100000000055e-01
1.387006000000000072e-01
1.430224499999999954e-01
1.099578100000000030e-01
8.798717999999999817e-02
5.725878000000000217e-02
3.744161000000000017e-02
2.917401000000000022e-02
2.110118999999999884e-02
2.206431000000000017e-02
2.191034000000000037e-02
2.230965000000000031e-02
2.518671999999999925e-02
3.354072999999999777e-02
3.775644000000000222e-02
3.843826000000000187e-02
3.504428999999999877e-02
2.845297999999999924e-02
2.372449000000000086e-02
2.104968000000000117e-02
2.222417999999999963e-02
2.296286999999999981e-02
2.250123999999999874e-02
2.327612000000000084e-02
2.148933999999999914e-02
2.112320999999999990e-02
2.062856999999999885e-02
1.947478000000000056e-02
2.082565000000000111e-02
2.330041999999999877e-02
2.103841000000000044e-02
1.898131000000000124e-02
1.883309999999999845e-02
2.108592000000000105e-02
2.336654999999999982e-02
2.273721999999999896e-02
2.035417999999999950e-02
2.018112000000000031e-02
1.902616999999999850e-02
1.909780000000000158e-02
2.137936000000000003e-02
2.433358999999999869e-02
2.461800999999999920e-02
2.159528999999999963e-02
1.940818000000000057e-02
1.946240999999999943e-02
2.222119999999999998e-02
2.450897999999999965e-02
2.251237000000000030e-02
1.933251000000000067e-02
2.100836999999999843e-02
1.981528999999999929e-02
1.874663000000000024e-02
2.204209999999999850e-02
2.223781000000000022e-02
1.767397999999999886e-02
