1.855238999999999847e-02
2.277734000000000009e-02
2.546647000000000147e-02
2.756282999999999997e-02
3.265275000000000122e-02
2.848720000000000072e-02
2.206375000000000003e-02
1.962958999999999885e-02
2.122610999999999942e-02
2.485073000000000143e-02
2.992850999999999845e-02
3.021862000000000159e-02
3.512643000000000015e-02
2.455134999999999956e-02
2.523815000000000086e-02
3.214954999999999896e-02
2.607312000000000171e-02
2.093756000000000089e-02
2.279170000000000154e-02
2.142538999999999902e-02
1.962202999999999864e-02
2.654669999999999946e-02
2.622181999999999985e-02
2.797204000000000010e-02
3.219803000000000248e-02
3.567693000000000253e-02
3.703104000000000118e-02
3.883617999999999792e-02
3.489699000000000273e-02
3.491234000000000004e-02
2.439683000000000129e-02
2.564403999999999989e-02
3.017914000000000013e-02
3.200617000000000045e-02
3.374314999999999953e-02
3.996177000000000062e-02
4.558221999999999968e-02
6.193325000000000219e-02
6.378994000000000331e-02
5.690734000000000070e-02
4.174873999999999946e-02
4.079428000000000221e-02
7.783076999999999357e-02
1.187865099999999979e-01
1.864226300000000058e-01
2.359821199999999897e-01
2.540254299999999965e-01
2.641890599999999756e-01
2.022148699999999910e-01
1.461690499999999948e-01
1.377870700000000115e-01
8.676229000000000580e-02
5.410966999999999860e-02
3.630838000000000121e-02
2.279971000000000081e-02
2.632284999999999833e-02
3.312463000000000213e-02
3.559973000000000304e-02
4.889038999999999885e-02
6.383363000000000231e-02
7.135761999999999661e-02
6.118968000000000323e-02
4.110425999999999663e-02
2.227623000000000103e-02
