3.185923999999999701e-02
4.277772999999999992e-02
3.025063000000000057e-02
2.318836000000000161e-02
2.659772999999999998e-02
2.971582000000000043e-02
2.884077000000000168e-02
2.983683999999999989e-02
3.878804999999999753e-02
4.723485999999999657e-02
5.709970999999999797e-02
6.782074000000000435e-02
7.756414000000000364e-02
7.044264999999999555e-02
4.862723000000000045e-02
2.632057999999999967e-02
2.078199999999999839e-02
4.144248999999999850e-02
1.016426099999999944e-01
1.632340300000000022e-01
2.256541400000000031e-01
2.381692099999999923e-01
2.127157600000000037e-01
1.607162799999999891e-01
1.169760900000000048e-01
8.407934999999999715e-02
4.902806999999999998e-02
2.975989000000000065e-02
2.733282999999999893e-02
2.823348999999999998e-02
3.505068000000000072e-02
4.444681000000000326e-02
5.412872999999999990e-02
7.602266000000000579e-02
6.411055000000000226e-02
5.313910000000000161e-02
4.520982999999999946e-02
3.817124999999999685e-02
3.051958999999999922e-02
3.306719999999999798e-02
3.308831999999999746e-02
3.435370000000000090e-02
3.063822000000000073e-02
2.156359000000000053e-02
2.047672999999999854e-02
2.298241000000000173e-02
2.260614000000000026e-02
2.116370999999999877e-02
2.369823000000000068e-02
2.467106000000000160e-02
2.876151999999999875e-02
2.890778000000000098e-02
2.304772999999999891e-02
2.309100999999999862e-02
2.477499999999999841e-02
2.875196000000000002e-02
2.828933999999999963e-02
2.994509999999999880e-02
3.341762999999999678e-02
2.828268999999999922e-02
2.225028999999999896e-02
2.558047999999999919e-02
2.293716000000000158e-02
1.906412000000000037e-02
