1.865270999999999943e-02
2.064923999999999926e-02
2.021126000000000172e-02
2.005880999999999983e-02
1.997490000000000029e-02
1.958696000000000048e-02
1.867581999999999923e-02
1.875827999999999871e-02
1.834941000000000003e-02
1.862122000000000083e-02
1.853689000000000031e-02
1.904296999999999934e-02
1.938621000000000094e-02
2.047517999999999908e-02
2.092445000000000069e-02
2.174430000000000113e-02
2.208082999999999921e-02
2.126112999999999961e-02
2.011674000000000101e-02
2.024650000000000061e-02
1.957592999999999833e-02
1.919117000000000045e-02
1.874413999999999941e-02
1.840344999999999828e-02
2.025035000000000029e-02
2.111769000000000146e-02
1.898096000000000158e-02
1.944007000000000027e-02
1.948973000000000025e-02
1.983742999999999965e-02
1.960295000000000093e-02
2.144292999999999894e-02
2.041060000000000096e-02
1.945882000000000167e-02
1.963987999999999845e-02
1.963849999999999971e-02
2.057149000000000130e-02
2.247456000000000106e-02
2.121106000000000033e-02
1.988055999999999851e-02
1.898404000000000064e-02
2.201557999999999987e-02
2.318295999999999898e-02
2.446258000000000113e-02
2.314087000000000088e-02
1.970722999999999919e-02
2.197576000000000043e-02
2.291108000000000033e-02
2.256959000000000048e-02
2.071875000000000105e-02
1.961693999999999938e-02
1.890417000000000139e-02
1.922497999999999915e-02
1.991023999999999919e-02
2.051062000000000024e-02
1.999008999999999855e-02
1.921867999999999840e-02
1.904619999999999924e-02
1.916657000000000083e-02
1.908347000000000168e-02
1.954484999999999903e-02
2.003753000000000131e-02
1.761559000000000041e-02
1.595107000000000122e-02
