1.719110000000000082e-02
2.412722000000000130e-02
2.695010000000000114e-02
2.361428999999999959e-02
2.400791000000000036e-02
2.739201000000000136e-02
2.904750000000000040e-02
3.372855999999999771e-02
3.411601999999999690e-02
3.449292999999999804e-02
2.758572000000000107e-02
1.993023000000000017e-02
2.047881000000000007e-02
3.103072000000000122e-02
4.674692999999999904e-02
6.504917000000000338e-02
7.823439999999999561e-02
7.631188999999999334e-02
7.217651999999999402e-02
6.878710999999999853e-02
5.658337000000000089e-02
3.643857999999999819e-02
2.766626000000000155e-02
2.084688999999999987e-02
1.824508999999999853e-02
1.913244000000000056e-02
2.013494999999999868e-02
1.983713999999999963e-02
2.360757000000000133e-02
3.457332999999999934e-02
3.457078999999999708e-02
3.119881000000000043e-02
2.744411999999999893e-02
2.441880000000000092e-02
2.356033000000000086e-02
2.165825000000000042e-02
2.066455999999999849e-02
1.960564000000000057e-02
2.087829999999999894e-02
2.052096999999999949e-02
1.925330000000000097e-02
1.901136000000000145e-02
1.861190999999999887e-02
1.787197999999999912e-02
1.867399000000000142e-02
1.880781999999999940e-02
1.941920000000000104e-02
1.904184999999999905e-02
1.796524000000000038e-02
1.955080000000000012e-02
2.229706999999999870e-02
2.240119999999999958e-02
2.122896999999999978e-02
2.017002999999999852e-02
1.868268999999999833e-02
1.826714000000000115e-02
1.837408000000000097e-02
1.912424000000000068e-02
2.003299999999999872e-02
1.953534000000000173e-02
1.966555000000000039e-02
2.008874000000000076e-02
1.762601000000000098e-02
1.648936999999999972e-02
