1.685458000000000095e-02
1.816270000000000037e-02
1.965626999999999999e-02
2.510864000000000151e-02
2.922823999999999908e-02
3.559098000000000123e-02
4.068026000000000281e-02
4.566579999999999945e-02
4.632863000000000259e-02
4.929631999999999764e-02
4.333276999999999962e-02
3.635868999999999907e-02
3.043123000000000009e-02
2.549436999999999884e-02
2.099484000000000072e-02
1.970316000000000081e-02
1.894857000000000138e-02
1.787885000000000169e-02
1.837806999999999982e-02
1.987966000000000039e-02
2.147090999999999930e-02
2.318912999999999877e-02
2.206920000000000062e-02
2.164278000000000035e-02
2.258231000000000127e-02
2.200542999999999944e-02
2.087258999999999989e-02
1.943541999999999839e-02
1.945347999999999869e-02
1.867285000000000125e-02
1.837325000000000069e-02
1.850629999999999983e-02
1.832927999999999988e-02
1.844956999999999847e-02
1.827932000000000168e-02
1.774881999999999849e-02
1.875115999999999936e-02
1.947466000000000128e-02
1.842525000000000066e-02
1.783977999999999953e-02
1.761793000000000040e-02
1.886422000000000099e-02
1.927444999999999853e-02
1.919627000000000139e-02
1.810706000000000121e-02
1.792834000000000094e-02
1.768952999999999845e-02
1.808979000000000142e-02
1.892080999999999971e-02
1.960055000000000131e-02
1.967114999999999836e-02
1.804555000000000048e-02
1.782825999999999855e-02
1.887228000000000169e-02
1.966477999999999976e-02
2.028452999999999853e-02
1.908378000000000158e-02
1.779373000000000066e-02
1.794478999999999866e-02
1.775461000000000053e-02
1.802710000000000076e-02
1.883003999999999928e-02
1.793555999999999970e-02
1.597658000000000064e-02
