2.307673000000000016e-02
2.672878999999999880e-02
2.390029999999999932e-02
2.259297999999999862e-02
1.955215999999999898e-02
2.022202000000000027e-02
2.147328000000000084e-02
2.118501000000000065e-02
2.391657000000000158e-02
2.532316999999999901e-02
2.495972000000000121e-02
2.884056999999999940e-02
3.172662999999999872e-02
3.542562999999999962e-02
3.380889000000000116e-02
2.703192999999999915e-02
2.185464999999999977e-02
1.973106000000000165e-02
2.930309999999999859e-02
3.767323000000000199e-02
6.172503000000000017e-02
7.129510999999999488e-02
7.120063000000000086e-02
6.074701999999999880e-02
4.988602999999999787e-02
4.332263000000000086e-02
3.384078000000000086e-02
2.507703000000000015e-02
2.019409999999999955e-02
1.970293999999999865e-02
2.426682999999999965e-02
2.450253000000000153e-02
2.545365999999999948e-02
3.362137999999999932e-02
3.584169999999999717e-02
3.157345000000000290e-02
3.299665000000000237e-02
3.022120000000000015e-02
2.453982999999999859e-02
2.263949999999999990e-02
2.167550000000000032e-02
2.206150000000000125e-02
2.090809999999999891e-02
1.969981999999999983e-02
2.095684000000000088e-02
2.088457999999999981e-02
1.966957000000000080e-02
1.899206000000000158e-02
1.891970000000000110e-02
2.012297999999999865e-02
2.245089999999999933e-02
2.242446000000000023e-02
2.032308999999999852e-02
1.975613999999999842e-02
1.946308999999999886e-02
2.041321000000000108e-02
2.033456000000000152e-02
2.724350000000000036e-02
2.886775000000000105e-02
2.552257000000000137e-02
2.090538999999999939e-02
1.996612999999999860e-02
1.741979000000000097e-02
1.663426999999999961e-02
