1.678690000000000043e-02
2.356723999999999972e-02
2.636551999999999993e-02
2.280391000000000015e-02
2.193538000000000085e-02
2.914960999999999941e-02
2.896951999999999861e-02
3.282315999999999706e-02
3.455260999999999749e-02
3.024978999999999862e-02
2.659287999999999930e-02
2.349085999999999883e-02
1.906081999999999915e-02
2.806376000000000009e-02
3.238478999999999663e-02
5.008603999999999834e-02
3.589312000000000058e-02
2.531511999999999998e-02
3.008482999999999991e-02
5.260440999999999728e-02
4.882261000000000239e-02
3.260939000000000199e-02
2.324700000000000030e-02
2.073035000000000155e-02
4.960408000000000178e-02
1.044150900000000021e-01
1.226110400000000045e-01
1.405297699999999983e-01
1.459808499999999953e-01
1.287541500000000116e-01
1.163853599999999933e-01
9.496736000000000066e-02
6.218375999999999765e-02
3.345255999999999924e-02
2.174003999999999867e-02
2.101772000000000015e-02
2.315189000000000136e-02
3.047029000000000057e-02
3.921801999999999927e-02
4.431629000000000124e-02
4.420952999999999689e-02
4.072540000000000188e-02
3.387176000000000076e-02
2.943780999999999828e-02
2.342032999999999962e-02
1.990043000000000020e-02
2.059439000000000061e-02
2.160147000000000109e-02
2.147401999999999991e-02
2.244008999999999934e-02
2.366431000000000090e-02
2.128239999999999993e-02
2.422503000000000156e-02
2.255984999999999935e-02
1.998000000000000123e-02
1.818037999999999946e-02
1.864829000000000139e-02
1.868739999999999984e-02
1.973822999999999897e-02
2.157751000000000113e-02
2.298638000000000070e-02
2.002972999999999906e-02
1.861611000000000168e-02
1.789910999999999933e-02
