1.949905999999999862e-02
2.113949999999999857e-02
1.995246000000000172e-02
2.051232999999999876e-02
2.095498000000000152e-02
1.917338999999999849e-02
1.868128999999999970e-02
1.953763000000000027e-02
2.368152999999999925e-02
2.281673000000000034e-02
2.232508000000000062e-02
2.237812000000000134e-02
1.999893000000000157e-02
1.869414999999999966e-02
2.116544000000000064e-02
2.405337000000000100e-02
2.182274000000000019e-02
1.994357000000000074e-02
1.872267000000000028e-02
1.852064000000000141e-02
2.281481999999999954e-02
3.140164000000000150e-02
3.038557999999999884e-02
2.141782000000000061e-02
1.915671000000000040e-02
2.259212999999999846e-02
2.553543000000000132e-02
2.855233000000000076e-02
2.550540000000000099e-02
1.996064000000000171e-02
1.960268999999999900e-02
2.033437000000000092e-02
2.263381999999999894e-02
2.056240999999999972e-02
1.916162999999999894e-02
2.147069999999999881e-02
2.983598999999999973e-02
3.444227999999999873e-02
2.826056999999999875e-02
2.091787000000000160e-02
1.819488999999999829e-02
1.963171999999999834e-02
2.591113999999999917e-02
3.264998000000000206e-02
3.872376999999999764e-02
4.381488000000000049e-02
5.692059000000000007e-02
5.437941000000000302e-02
5.418939999999999868e-02
4.926847000000000171e-02
3.521168000000000214e-02
2.988967000000000013e-02
2.233442999999999887e-02
4.068847999999999909e-02
6.514356000000000313e-02
1.110878899999999947e-01
1.570365599999999917e-01
1.858847399999999928e-01
1.846585699999999941e-01
1.660473000000000088e-01
1.467288999999999954e-01
1.168389799999999951e-01
5.260694999999999955e-02
1.889228000000000088e-02
