1.978925000000000128e-02
2.194157999999999872e-02
2.072233000000000061e-02
1.984891000000000086e-02
2.079947999999999866e-02
2.276579000000000103e-02
2.702896000000000118e-02
3.087147999999999975e-02
3.468606999999999940e-02
2.851566000000000170e-02
2.478659000000000071e-02
2.190821000000000088e-02
2.144793000000000047e-02
2.138024999999999995e-02
3.095861000000000099e-02
3.100195999999999855e-02
2.366543999999999939e-02
1.964323999999999931e-02
2.252171000000000034e-02
2.290332000000000132e-02
2.828432999999999989e-02
3.605955000000000271e-02
2.894713000000000147e-02
2.230677999999999828e-02
2.461123000000000130e-02
3.164696000000000176e-02
2.889318999999999915e-02
2.677921000000000121e-02
2.269354000000000163e-02
2.089691000000000118e-02
2.390242999999999882e-02
2.692341999999999999e-02
2.823828000000000102e-02
2.720778999999999906e-02
3.192707000000000184e-02
2.874029000000000167e-02
3.355357999999999952e-02
3.194074000000000219e-02
2.543012000000000050e-02
2.258746999999999838e-02
2.343769000000000061e-02
3.024848999999999941e-02
3.890840999999999744e-02
4.212927000000000338e-02
4.150801999999999964e-02
3.949430999999999775e-02
5.155876000000000209e-02
5.420252999999999877e-02
4.862525000000000180e-02
3.577862999999999877e-02
2.872465999999999908e-02
2.705632999999999996e-02
2.749644999999999867e-02
5.583579000000000320e-02
7.514371999999999718e-02
1.007636699999999996e-01
1.287109399999999959e-01
1.306213300000000077e-01
1.475021400000000038e-01
1.297471400000000108e-01
1.188455699999999976e-01
1.076542699999999964e-01
6.197920999999999986e-02
1.937813000000000035e-02
