1.805715000000000098e-02
2.158109000000000069e-02
2.257659999999999875e-02
2.836249000000000062e-02
3.806460999999999872e-02
4.579890999999999823e-02
4.477255000000000124e-02
3.852881999999999835e-02
2.496216999999999880e-02
2.464941999999999828e-02
2.807433999999999971e-02
3.151061000000000140e-02
3.137635999999999897e-02
2.741493999999999875e-02
2.282727999999999841e-02
2.752355000000000079e-02
3.144473999999999880e-02
3.771726999999999719e-02
4.212812999999999974e-02
3.771839999999999915e-02
3.106866999999999962e-02
2.747869000000000006e-02
4.378721000000000002e-02
3.453657000000000254e-02
3.417644999999999711e-02
3.294711000000000167e-02
3.348736000000000074e-02
3.833268000000000092e-02
3.153468000000000243e-02
2.483451000000000061e-02
2.766748000000000124e-02
2.935598999999999847e-02
4.249400999999999873e-02
5.536623000000000239e-02
5.904223000000000110e-02
3.778909999999999908e-02
2.508405000000000010e-02
3.568241999999999942e-02
4.500330999999999776e-02
4.311680999999999847e-02
3.225835999999999981e-02
3.385898999999999853e-02
5.931183000000000288e-02
8.475270999999999499e-02
7.968625000000000014e-02
6.329909999999999703e-02
6.045061999999999658e-02
3.850781000000000343e-02
3.886260999999999882e-02
9.459413999999999323e-02
1.330467800000000034e-01
1.926376099999999869e-01
2.442893200000000042e-01
3.059604499999999949e-01
3.243660300000000274e-01
2.791382700000000217e-01
2.419877500000000015e-01
2.123215599999999925e-01
1.628364499999999937e-01
1.091191299999999947e-01
6.597337000000000340e-02
3.433296000000000264e-02
2.286844000000000030e-02
2.364180000000000101e-02
