1.704904000000000142e-02
1.862371000000000165e-02
1.905924000000000160e-02
2.112464000000000008e-02
2.355745999999999882e-02
2.614307999999999910e-02
2.393297999999999953e-02
2.309649999999999898e-02
2.098935999999999857e-02
2.013608000000000064e-02
2.101112000000000118e-02
2.196183999999999983e-02
2.411425999999999847e-02
2.409760000000000027e-02
2.060963000000000031e-02
2.079369000000000009e-02
2.250560000000000060e-02
2.504591000000000109e-02
2.552803999999999837e-02
2.460831999999999950e-02
2.158871999999999874e-02
2.052580999999999850e-02
2.431217999999999921e-02
2.408298999999999856e-02
2.684448999999999863e-02
2.419144000000000155e-02
2.437225999999999976e-02
2.591018999999999961e-02
2.389961999999999989e-02
2.189732999999999957e-02
2.255006000000000024e-02
2.261333999999999914e-02
2.676890999999999993e-02
3.394331999999999905e-02
3.620704999999999757e-02
2.809843000000000063e-02
1.980265000000000150e-02
2.389851000000000128e-02
2.674305000000000085e-02
2.613988999999999896e-02
2.345592999999999984e-02
2.415397999999999851e-02
3.111950999999999953e-02
4.261898000000000075e-02
4.184965000000000213e-02
3.769808999999999660e-02
3.964915000000000106e-02
3.043281000000000111e-02
2.342788999999999983e-02
3.488469000000000292e-02
4.228322999999999804e-02
5.863637000000000016e-02
7.639985999999999999e-02
1.175050400000000050e-01
1.328000099999999961e-01
1.229237700000000016e-01
1.139583099999999932e-01
9.802919999999999690e-02
8.760737999999999859e-02
5.768489000000000255e-02
4.381266000000000327e-02
2.945359999999999992e-02
2.239821999999999994e-02
1.912002999999999966e-02
