2.505620999999999890e-02
3.621658999999999989e-02
5.064682000000000212e-02
6.847340000000000371e-02
7.772482000000000002e-02
8.272324000000000344e-02
9.401009000000000448e-02
7.981460999999999417e-02
5.763333000000000345e-02
5.710963000000000150e-02
4.170979999999999827e-02
2.834075000000000136e-02
2.233206999999999900e-02
2.187619000000000022e-02
2.303277999999999923e-02
2.253459999999999838e-02
2.487460999999999839e-02
2.860590000000000008e-02
2.718744999999999842e-02
2.913367000000000040e-02
3.348595000000000044e-02
3.225092999999999710e-02
2.390182999999999891e-02
2.037051999999999960e-02
2.033696000000000115e-02
2.060330999999999968e-02
2.119545999999999930e-02
2.108522999999999994e-02
2.184109999999999871e-02
2.033998000000000056e-02
1.864682999999999966e-02
1.881069999999999964e-02
1.882162999999999892e-02
1.770036999999999999e-02
1.829870000000000108e-02
1.901045000000000165e-02
1.928227999999999887e-02
1.935589000000000059e-02
2.081505999999999981e-02
1.962616000000000013e-02
1.946074999999999888e-02
1.990609999999999949e-02
1.986378000000000102e-02
1.876635000000000109e-02
1.904623999999999900e-02
2.103785999999999851e-02
2.067137999999999962e-02
1.898267000000000010e-02
1.885546000000000097e-02
1.850219999999999990e-02
1.785217000000000054e-02
1.944455000000000142e-02
2.086719000000000074e-02
2.249073999999999865e-02
2.190291999999999933e-02
2.021602000000000121e-02
1.900947999999999874e-02
1.915866000000000097e-02
1.841705999999999899e-02
1.876484999999999959e-02
1.895010999999999918e-02
1.841889000000000026e-02
1.787508000000000152e-02
1.597892999999999883e-02
