2.652037000000000144e-02
3.469473000000000001e-02
4.163030999999999676e-02
4.045912000000000119e-02
4.052433999999999897e-02
4.093312000000000339e-02
3.378400000000000153e-02
2.837978999999999849e-02
2.451006999999999839e-02
2.365741999999999845e-02
2.128483000000000111e-02
1.960719000000000004e-02
1.950848000000000165e-02
1.899817000000000172e-02
1.992963000000000026e-02
2.091087999999999975e-02
2.239924000000000082e-02
2.412848999999999897e-02
2.279700000000000129e-02
2.192604999999999901e-02
2.146653000000000103e-02
2.056409999999999835e-02
1.961596999999999993e-02
1.883769999999999889e-02
1.936855999999999994e-02
1.902801000000000145e-02
1.837242999999999862e-02
1.787156000000000161e-02
1.923661000000000121e-02
1.892519999999999966e-02
1.797293000000000154e-02
1.828530999999999906e-02
1.820375000000000118e-02
1.755833999999999867e-02
1.777091999999999908e-02
1.794435000000000127e-02
1.772166999999999840e-02
1.866144999999999957e-02
1.945859000000000130e-02
1.868215999999999974e-02
1.787311999999999929e-02
1.846013000000000168e-02
1.854180999999999885e-02
1.927488000000000118e-02
1.974319999999999894e-02
1.836702999999999947e-02
1.797218000000000079e-02
1.798461000000000157e-02
1.789581000000000158e-02
1.801528999999999978e-02
1.855530000000000027e-02
1.872147000000000047e-02
1.825527000000000052e-02
1.800153999999999990e-02
1.847268999999999994e-02
1.843080999999999886e-02
1.922482000000000010e-02
1.940667999999999907e-02
1.881007000000000165e-02
1.842353999999999867e-02
1.794801000000000035e-02
1.780612999999999987e-02
1.706157999999999980e-02
1.572716999999999865e-02
