2.940962000000000090e-02
3.357241999999999865e-02
2.744966000000000073e-02
2.491379999999999983e-02
2.097819000000000073e-02
1.809824000000000155e-02
1.992174999999999849e-02
2.335212000000000052e-02
2.751746000000000053e-02
2.865770999999999943e-02
2.311279999999999932e-02
2.147521999999999973e-02
2.671112999999999960e-02
3.328475000000000183e-02
2.961849000000000079e-02
2.336351999999999873e-02
2.213454999999999936e-02
2.250405000000000114e-02
2.505630999999999831e-02
2.338360999999999912e-02
2.668368999999999949e-02
2.666603000000000029e-02
2.479351999999999945e-02
2.515198000000000086e-02
2.624744999999999856e-02
2.585240000000000107e-02
2.401785000000000031e-02
2.826789999999999858e-02
3.063847000000000098e-02
3.971776999999999946e-02
3.558276999999999968e-02
2.845403000000000168e-02
2.603710000000000052e-02
2.267187000000000022e-02
2.406967000000000134e-02
3.234601000000000143e-02
4.032676999999999790e-02
3.508598000000000272e-02
3.131275000000000031e-02
3.625281000000000337e-02
5.837077000000000238e-02
5.858011999999999941e-02
4.058559999999999945e-02
2.889473999999999862e-02
2.971323000000000020e-02
5.765432000000000196e-02
9.421789999999999332e-02
1.428405299999999933e-01
1.783373699999999951e-01
2.154551600000000067e-01
2.143724300000000027e-01
1.936954700000000085e-01
1.750970199999999921e-01
1.328476199999999996e-01
9.565363000000000337e-02
4.856115999999999905e-02
2.980417999999999956e-02
2.677579999999999891e-02
2.096647999999999915e-02
2.146547999999999859e-02
2.230477999999999975e-02
2.967478000000000130e-02
2.495079000000000047e-02
2.092706999999999901e-02
