2.832898999999999834e-02
3.438419000000000197e-02
2.352653999999999856e-02
2.119298000000000015e-02
1.929579999999999837e-02
2.150010999999999936e-02
3.393572999999999729e-02
4.853355000000000169e-02
5.534192000000000278e-02
6.761043999999999388e-02
6.895382999999999374e-02
6.141283000000000158e-02
6.159380999999999884e-02
4.982352000000000308e-02
3.398509999999999726e-02
3.171795000000000170e-02
2.653907999999999962e-02
1.922654000000000030e-02
1.907036000000000148e-02
1.990120999999999904e-02
2.008342999999999934e-02
2.032290999999999959e-02
2.223121000000000125e-02
2.518304999999999849e-02
2.776311999999999877e-02
2.498848999999999862e-02
2.251183000000000003e-02
1.991963999999999888e-02
1.956238000000000074e-02
1.935432000000000125e-02
2.003724000000000130e-02
2.021540999999999963e-02
2.110522999999999913e-02
2.096883999999999901e-02
2.178367000000000150e-02
2.124759000000000023e-02
1.923605000000000106e-02
1.978989000000000095e-02
2.047561000000000173e-02
1.886115000000000014e-02
1.952109999999999956e-02
1.904791999999999944e-02
1.896876999999999938e-02
1.996561999999999990e-02
2.050499999999999892e-02
2.194627999999999857e-02
2.165767999999999860e-02
2.175730000000000025e-02
1.898054999999999881e-02
1.984247999999999915e-02
2.197916999999999926e-02
2.351162000000000044e-02
2.243554999999999855e-02
2.024410000000000098e-02
1.990141000000000132e-02
1.938683999999999893e-02
1.857334000000000068e-02
2.102740000000000165e-02
2.175940999999999986e-02
2.183300999999999992e-02
2.229211000000000040e-02
2.173384000000000080e-02
1.844708000000000112e-02
1.706689000000000123e-02
