1.686688000000000076e-02
1.864058000000000034e-02
1.924185999999999952e-02
2.066547999999999996e-02
2.200422999999999962e-02
2.319782999999999915e-02
2.307725000000000054e-02
2.091341000000000033e-02
1.901341000000000142e-02
1.914052999999999935e-02
1.997478000000000101e-02
2.087788000000000144e-02
2.169344999999999954e-02
2.072341000000000114e-02
1.995792999999999873e-02
2.018495000000000011e-02
2.035694000000000045e-02
2.133836000000000066e-02
2.192136000000000084e-02
2.060793000000000000e-02
1.924636999999999876e-02
1.994293000000000107e-02
2.212342999999999948e-02
2.040492000000000000e-02
2.123807000000000125e-02
2.194955000000000170e-02
2.047842999999999886e-02
2.084650999999999865e-02
1.959771000000000082e-02
1.964379999999999946e-02
1.975031999999999829e-02
1.954935999999999827e-02
2.042286999999999922e-02
2.306998999999999855e-02
2.510576000000000127e-02
2.213814000000000060e-02
1.876608999999999916e-02
1.915104000000000112e-02
2.020082999999999948e-02
2.018448999999999938e-02
1.945662999999999906e-02
2.040128999999999901e-02
2.244002999999999970e-02
2.903114999999999862e-02
2.906761000000000067e-02
2.867190000000000016e-02
2.859882999999999870e-02
2.313410999999999940e-02
2.035895000000000066e-02
2.242107999999999948e-02
2.513579000000000160e-02
3.112198999999999868e-02
4.216146999999999950e-02
5.620991000000000182e-02
6.202027000000000234e-02
5.978900999999999660e-02
5.288041000000000269e-02
4.563843000000000066e-02
3.924808999999999937e-02
3.001915999999999959e-02
2.569068000000000046e-02
2.199684999999999835e-02
1.792393000000000111e-02
1.646825999999999846e-02
