1.945633999999999905e-02
2.074312999999999851e-02
1.842134999999999953e-02
1.924649999999999972e-02
2.072217999999999977e-02
2.065673000000000162e-02
2.013946000000000139e-02
2.089372000000000104e-02
2.058524999999999938e-02
1.889352999999999866e-02
2.011817999999999940e-02
2.397789000000000170e-02
2.867623999999999868e-02
2.761902000000000107e-02
2.276923999999999962e-02
1.985326999999999925e-02
1.950481999999999910e-02
1.884426999999999977e-02
2.417713000000000154e-02
2.356721000000000163e-02
1.939994000000000093e-02
1.986484999999999987e-02
2.204508000000000162e-02
2.608479000000000006e-02
3.063319999999999932e-02
2.477831999999999951e-02
2.121955000000000022e-02
2.250494000000000105e-02
3.114630999999999997e-02
3.820961999999999970e-02
2.539343999999999976e-02
1.916537999999999922e-02
1.915365000000000123e-02
2.105633999999999978e-02
2.441043000000000032e-02
2.707005999999999996e-02
2.803510999999999850e-02
2.715609000000000078e-02
3.360346000000000166e-02
4.234972000000000042e-02
5.020501000000000130e-02
4.000302000000000024e-02
2.585377999999999982e-02
2.207790000000000100e-02
2.970507000000000009e-02
6.434697999999999807e-02
8.806403000000000147e-02
1.268125900000000028e-01
1.353022200000000008e-01
1.477143499999999943e-01
1.544083199999999878e-01
1.307061300000000037e-01
1.031072499999999975e-01
7.132815000000000683e-02
4.255016999999999827e-02
2.670764000000000124e-02
2.088792000000000079e-02
2.071945000000000037e-02
2.295805000000000068e-02
2.698824000000000015e-02
2.787985999999999936e-02
3.055770000000000014e-02
3.288353000000000109e-02
1.903681000000000123e-02
