1.847483000000000111e-02
2.495500999999999969e-02
2.697503999999999874e-02
2.788016000000000105e-02
2.774833000000000161e-02
2.635666999999999871e-02
2.406290999999999985e-02
2.156061000000000089e-02
2.035526000000000002e-02
1.998486000000000012e-02
1.894780000000000075e-02
1.836888999999999883e-02
1.803066999999999864e-02
1.840328999999999923e-02
1.870114000000000151e-02
1.893212999999999840e-02
1.915067000000000158e-02
2.016389999999999849e-02
1.939294999999999908e-02
1.948491000000000112e-02
1.938961999999999977e-02
1.910078999999999944e-02
1.863594999999999835e-02
1.803079000000000140e-02
1.787185000000000162e-02
1.788270999999999958e-02
1.768681000000000073e-02
1.802232000000000139e-02
1.778783000000000100e-02
1.790078999999999976e-02
1.797736000000000126e-02
1.772458000000000020e-02
1.815442999999999918e-02
1.767863999999999894e-02
1.760702999999999921e-02
1.823560999999999932e-02
1.770348000000000060e-02
1.825834000000000137e-02
1.845356000000000080e-02
1.793975999999999904e-02
1.768654999999999880e-02
1.816316999999999932e-02
1.795880999999999866e-02
1.819172999999999971e-02
1.834577999999999903e-02
1.848535000000000109e-02
1.842533000000000018e-02
1.750704000000000149e-02
1.746278000000000066e-02
1.772547000000000011e-02
1.829379000000000074e-02
1.786801999999999835e-02
1.769493999999999928e-02
1.813367999999999924e-02
1.821412000000000031e-02
1.837447999999999859e-02
1.786694999999999950e-02
1.799419999999999839e-02
1.842233999999999886e-02
1.799745000000000164e-02
1.764529999999999918e-02
1.783312000000000092e-02
1.701207999999999887e-02
1.593479000000000076e-02
