1.778240000000000029e-02
2.033685000000000007e-02
2.039511999999999922e-02
2.220335999999999838e-02
2.297704000000000066e-02
2.228894999999999835e-02
2.156442999999999902e-02
2.120727000000000029e-02
1.985914999999999903e-02
2.139829000000000037e-02
2.126683999999999866e-02
1.956041999999999850e-02
1.969983000000000151e-02
1.965249000000000162e-02
1.973495999999999931e-02
2.465128999999999931e-02
3.003476000000000062e-02
2.550577000000000052e-02
2.145560999999999996e-02
2.023737999999999926e-02
1.940731999999999874e-02
2.220601000000000172e-02
2.231102000000000085e-02
2.386378999999999931e-02
2.439119999999999830e-02
2.204338000000000131e-02
2.470036999999999927e-02
3.050475999999999882e-02
2.720151000000000166e-02
2.265375000000000028e-02
2.045548999999999978e-02
2.067331000000000030e-02
2.299719000000000069e-02
2.271698999999999941e-02
2.080658999999999981e-02
1.994394000000000028e-02
1.955927000000000013e-02
1.987179999999999849e-02
2.018444999999999961e-02
1.941259000000000040e-02
1.970239000000000018e-02
1.893407000000000076e-02
2.287973999999999911e-02
2.675084999999999963e-02
2.629824999999999871e-02
2.637397000000000005e-02
2.232376999999999972e-02
1.989027000000000156e-02
2.222831000000000112e-02
2.807799999999999879e-02
3.131388999999999700e-02
2.828659000000000034e-02
2.479995000000000116e-02
2.807975999999999875e-02
3.905853000000000103e-02
3.179560000000000025e-02
3.834741499999999581e-02
3.352639999999999787e-02
3.165485999999999994e-02
2.669395999999999922e-02
2.469069499999999862e-02
3.558878000000000041e-02
3.481478500000000087e-02
1.920788500000000093e-02
