2.318465000000000109e-02
3.046907000000000088e-02
2.820142999999999955e-02
2.550107999999999889e-02
2.308376999999999998e-02
2.112959000000000018e-02
1.972884000000000096e-02
1.814676000000000136e-02
1.743650999999999882e-02
1.838744999999999963e-02
1.842420999999999989e-02
1.844702000000000147e-02
1.892813999999999955e-02
2.096394000000000035e-02
2.154700999999999839e-02
2.115623999999999977e-02
2.096487000000000003e-02
1.989364000000000063e-02
1.939017999999999992e-02
1.902552000000000063e-02
1.854091000000000072e-02
1.887604000000000018e-02
1.861755000000000007e-02
1.764558000000000099e-02
1.814597000000000085e-02
1.860206000000000012e-02
1.858247999999999844e-02
1.888149999999999898e-02
1.847193000000000099e-02
1.841078000000000159e-02
1.825937000000000046e-02
1.870352999999999946e-02
1.840502000000000110e-02
1.809281000000000084e-02
1.868055000000000063e-02
1.866138999999999992e-02
1.879923999999999831e-02
1.934628000000000042e-02
1.843337000000000100e-02
1.818975000000000106e-02
1.838083999999999898e-02
2.061980000000000063e-02
2.102056000000000063e-02
2.015147999999999939e-02
1.961825999999999848e-02
1.940458000000000113e-02
2.047457000000000096e-02
2.218468999999999997e-02
2.081351000000000034e-02
1.883309999999999845e-02
1.822866000000000070e-02
1.849614999999999940e-02
1.995790000000000064e-02
1.979219999999999938e-02
2.011695000000000150e-02
2.040865999999999861e-02
1.999839999999999951e-02
1.961811999999999931e-02
1.995763999999999871e-02
2.072376000000000079e-02
2.126445999999999892e-02
2.041064999999999893e-02
1.854159999999999836e-02
1.723202000000000067e-02
