2.442302999999999835e-02
3.560776999999999692e-02
3.237632000000000010e-02
2.494152999999999995e-02
2.274220000000000061e-02
2.354658999999999919e-02
2.242531000000000038e-02
2.629905000000000090e-02
2.852734999999999993e-02
3.122580999999999968e-02
2.751545999999999853e-02
3.143674999999999942e-02
4.123721999999999804e-02
3.684293999999999764e-02
3.586260000000000142e-02
2.790020000000000000e-02
2.256597999999999937e-02
2.256516999999999898e-02
3.520506000000000330e-02
5.518089000000000327e-02
9.402423000000000031e-02
1.190688500000000039e-01
1.159571300000000055e-01
9.544162999999999952e-02
8.106393000000000626e-02
6.266997000000000539e-02
4.260498000000000063e-02
2.875762000000000110e-02
2.176960999999999827e-02
1.983510000000000134e-02
2.351868999999999835e-02
2.333379999999999829e-02
2.302401000000000100e-02
3.496665999999999663e-02
3.614567999999999948e-02
2.900735999999999939e-02
2.937462000000000059e-02
2.925190999999999902e-02
2.351937000000000125e-02
2.145377000000000048e-02
2.097287000000000110e-02
2.146846000000000171e-02
2.068994999999999862e-02
1.980339999999999878e-02
2.116977999999999915e-02
2.139469999999999913e-02
1.941665999999999878e-02
1.896348000000000131e-02
1.917935000000000126e-02
2.008487000000000119e-02
2.196027999999999869e-02
2.050246000000000013e-02
1.938911999999999927e-02
1.888826000000000047e-02
1.966377000000000055e-02
1.948044000000000164e-02
2.158859000000000125e-02
2.805484999999999923e-02
3.078182999999999961e-02
2.761305000000000009e-02
2.291638000000000008e-02
1.929698999999999998e-02
1.829095000000000026e-02
1.749749000000000096e-02
