1.670494000000000145e-02
1.853037999999999907e-02
2.125004999999999949e-02
2.262428999999999829e-02
2.525041000000000091e-02
2.288286000000000139e-02
1.886422000000000099e-02
1.874113000000000168e-02
1.846862999999999977e-02
1.933918999999999916e-02
2.057379999999999973e-02
2.132904999999999870e-02
1.965888999999999831e-02
1.807566000000000034e-02
1.927208000000000046e-02
2.005519000000000052e-02
2.131237999999999883e-02
1.981284999999999991e-02
2.018518999999999869e-02
2.226968000000000003e-02
2.834274999999999989e-02
2.780915000000000123e-02
2.742978999999999903e-02
2.307328999999999977e-02
2.033102000000000173e-02
1.939398999999999984e-02
2.359636000000000025e-02
2.502597000000000155e-02
2.250094999999999873e-02
2.326179999999999914e-02
2.512448000000000112e-02
3.094051999999999913e-02
2.967525999999999844e-02
2.457304999999999906e-02
2.106345999999999913e-02
1.978368999999999961e-02
2.057352999999999960e-02
3.511049000000000114e-02
5.844764000000000209e-02
6.646195000000000574e-02
7.657036000000000397e-02
8.219073000000000351e-02
7.829577000000000064e-02
6.322527000000000008e-02
4.914276000000000061e-02
3.131881999999999722e-02
2.392580000000000054e-02
2.115240999999999996e-02
1.824372000000000146e-02
1.932201999999999878e-02
2.037206999999999907e-02
2.290141000000000052e-02
2.610673000000000160e-02
3.180668999999999857e-02
3.725429000000000240e-02
4.371682999999999819e-02
3.648483000000000281e-02
2.669438999999999840e-02
2.465855999999999951e-02
2.175747999999999918e-02
1.985916000000000070e-02
1.992756999999999862e-02
1.856508999999999937e-02
1.634590000000000001e-02
