2.885311999999999946e-02
2.897513999999999992e-02
2.250378000000000100e-02
2.348893999999999982e-02
3.585325000000000317e-02
3.937660999999999939e-02
2.744498999999999897e-02
2.442849999999999883e-02
2.017441000000000026e-02
2.043529999999999999e-02
2.105436999999999934e-02
2.579485000000000111e-02
2.425211999999999854e-02
2.573786999999999950e-02
2.043524000000000035e-02
1.960181000000000076e-02
1.945188999999999946e-02
2.544443000000000052e-02
2.210685000000000081e-02
2.284591000000000052e-02
2.636227000000000015e-02
2.462309000000000025e-02
2.937060999999999839e-02
3.158600999999999770e-02
2.669519000000000059e-02
2.246588999999999878e-02
2.641392999999999866e-02
2.312612000000000001e-02
2.134180999999999925e-02
3.240301999999999766e-02
2.678084000000000020e-02
3.970449000000000200e-02
5.186019000000000045e-02
4.112525000000000208e-02
4.101812999999999987e-02
3.572271999999999947e-02
2.500478000000000076e-02
2.820666000000000145e-02
5.701934000000000169e-02
7.756422000000000316e-02
1.159835800000000028e-01
1.559483999999999870e-01
1.652402900000000119e-01
1.642789500000000069e-01
1.355312800000000040e-01
9.832153000000000420e-02
6.856331999999999705e-02
4.094733999999999874e-02
2.394688999999999846e-02
2.235093000000000149e-02
2.409880999999999829e-02
2.887353999999999962e-02
4.351395999999999736e-02
5.509156999999999943e-02
9.722683999999999493e-02
1.080456699999999964e-01
7.601386000000000254e-02
5.743692999999999715e-02
5.113398999999999722e-02
5.103611000000000258e-02
3.195314999999999961e-02
2.400913000000000005e-02
2.459199000000000107e-02
2.129941999999999946e-02
