2.069052000000000044e-02
3.081667999999999907e-02
3.997918000000000305e-02
4.327886000000000233e-02
5.684680999999999762e-02
6.019228000000000078e-02
5.350271000000000193e-02
4.726815000000000183e-02
3.796070000000000000e-02
4.311476999999999671e-02
3.445165000000000033e-02
2.648825000000000138e-02
2.253118000000000135e-02
2.042820000000000052e-02
2.158695000000000058e-02
2.227140000000000022e-02
2.600150000000000031e-02
3.236792000000000141e-02
3.005796000000000162e-02
3.172085000000000182e-02
3.627661000000000080e-02
3.273927000000000087e-02
2.429032999999999887e-02
2.151519000000000001e-02
2.121527000000000135e-02
2.053958999999999993e-02
2.168143999999999974e-02
2.235612999999999836e-02
2.213802000000000131e-02
2.064240999999999993e-02
1.816283999999999954e-02
1.863234000000000071e-02
1.923653000000000168e-02
1.815419999999999881e-02
1.859094000000000024e-02
1.889866000000000115e-02
1.948211999999999861e-02
1.986833000000000002e-02
1.983102999999999949e-02
2.098950000000000121e-02
2.003216999999999845e-02
1.948543000000000150e-02
1.863841000000000109e-02
1.855553999999999884e-02
2.030443999999999999e-02
2.015074999999999852e-02
2.022151999999999977e-02
1.898025999999999880e-02
1.844410000000000147e-02
1.834287000000000070e-02
1.864352999999999844e-02
1.948358999999999855e-02
2.007101000000000024e-02
2.186520999999999951e-02
2.136889000000000149e-02
1.964729000000000128e-02
2.048994999999999983e-02
2.110822000000000045e-02
1.997281000000000056e-02
2.008031999999999873e-02
1.809815999999999855e-02
1.898746999999999935e-02
1.785588000000000106e-02
1.672896999999999926e-02
