2.166049999999999920e-02
3.935865999999999670e-02
5.703219999999999817e-02
7.302108999999999683e-02
8.859335000000000127e-02
9.884906999999999722e-02
9.192817000000000349e-02
7.804381000000000512e-02
7.571521000000000501e-02
6.110502999999999768e-02
4.616395000000000221e-02
3.390819999999999945e-02
2.440302999999999917e-02
2.203447000000000044e-02
2.169932999999999931e-02
2.252322000000000005e-02
2.272155999999999829e-02
2.646483000000000169e-02
2.444247000000000086e-02
2.445949000000000040e-02
2.759819000000000161e-02
2.446072999999999997e-02
2.253099999999999895e-02
1.927391999999999994e-02
1.897884000000000029e-02
1.872373999999999913e-02
1.967334999999999917e-02
2.034240000000000007e-02
2.058623999999999871e-02
1.870163999999999854e-02
1.817337000000000119e-02
1.825314999999999924e-02
1.885867999999999919e-02
1.841204999999999925e-02
1.839489000000000055e-02
1.829118000000000063e-02
1.882696000000000022e-02
1.883301999999999893e-02
1.843770000000000131e-02
1.960028999999999938e-02
1.841307000000000013e-02
1.922669999999999935e-02
1.987577999999999914e-02
1.836996000000000115e-02
1.952146000000000090e-02
1.931549999999999934e-02
1.859438000000000063e-02
1.878919000000000075e-02
1.891392999999999894e-02
1.832537000000000055e-02
1.818033999999999969e-02
1.839477999999999946e-02
1.986030999999999908e-02
2.078187999999999910e-02
2.127857000000000012e-02
1.972814000000000165e-02
1.872423000000000143e-02
1.884045999999999985e-02
1.874562000000000103e-02
1.911306999999999937e-02
1.847694000000000072e-02
1.867796000000000040e-02
1.861791999999999961e-02
1.647732000000000016e-02
