1.692321000000000103e-02
2.073200000000000043e-02
2.259030999999999886e-02
2.128545999999999910e-02
2.395716000000000165e-02
2.214382999999999976e-02
2.122599000000000014e-02
2.158871999999999874e-02
2.880860000000000018e-02
2.852166999999999897e-02
2.970143999999999909e-02
2.838979000000000155e-02
2.896500999999999937e-02
2.453680999999999918e-02
2.234339999999999937e-02
2.848950999999999914e-02
2.877942000000000000e-02
2.548018000000000158e-02
2.624835999999999836e-02
2.564703999999999942e-02
4.722355999999999776e-02
5.309074999999999905e-02
2.944048999999999972e-02
2.578828000000000023e-02
2.269072999999999923e-02
2.459547999999999943e-02
4.558040000000000008e-02
1.115688199999999991e-01
1.425331200000000131e-01
1.642735300000000009e-01
1.975756899999999983e-01
1.880047199999999863e-01
1.761023800000000028e-01
9.771035000000000137e-02
5.531616000000000311e-02
3.578378000000000114e-02
2.579835999999999935e-02
2.090167999999999887e-02
2.818054999999999866e-02
3.299393999999999938e-02
3.470199000000000200e-02
3.710875000000000284e-02
3.896946999999999911e-02
3.631621000000000155e-02
3.240471999999999797e-02
2.408207000000000056e-02
2.096115000000000131e-02
2.016789999999999902e-02
2.046562999999999855e-02
2.326289000000000134e-02
2.511889000000000136e-02
2.099706000000000142e-02
2.140281999999999948e-02
2.304145999999999972e-02
2.161584999999999895e-02
2.277310999999999919e-02
2.070802000000000059e-02
1.898160999999999946e-02
1.913070000000000048e-02
2.326968999999999912e-02
2.293538999999999994e-02
1.985603000000000021e-02
1.925993999999999970e-02
1.792188999999999935e-02
