1.750105000000000063e-02
1.999189999999999995e-02
1.986844999999999931e-02
1.887656000000000056e-02
1.911213000000000148e-02
1.856156999999999946e-02
1.805429999999999882e-02
1.798775999999999847e-02
1.748223999999999959e-02
1.802919000000000049e-02
1.779075999999999921e-02
1.747962000000000127e-02
1.793836000000000042e-02
1.792260999999999854e-02
1.817561999999999997e-02
1.806152999999999925e-02
1.777329000000000062e-02
1.783977999999999953e-02
1.779934000000000030e-02
1.779365999999999934e-02
1.760950999999999836e-02
1.795013000000000164e-02
1.754253999999999883e-02
1.714875999999999900e-02
1.761153000000000024e-02
1.781533000000000075e-02
1.775817000000000020e-02
1.754899000000000042e-02
1.764256000000000157e-02
1.764432999999999974e-02
1.764949999999999852e-02
1.765517000000000128e-02
1.800844999999999876e-02
1.763125000000000109e-02
1.756169000000000133e-02
1.758873999999999854e-02
1.753145999999999871e-02
1.798860000000000042e-02
1.775761000000000006e-02
1.732266000000000014e-02
1.742426999999999865e-02
1.745063999999999990e-02
1.785820000000000116e-02
1.759449000000000082e-02
1.777389000000000052e-02
1.753328999999999999e-02
1.798798999999999884e-02
1.773276000000000019e-02
1.745323000000000013e-02
1.752164999999999973e-02
1.791898000000000102e-02
1.772612000000000146e-02
1.741683000000000120e-02
1.792670999999999848e-02
1.809153000000000150e-02
1.832005000000000092e-02
1.779847000000000026e-02
1.750260999999999831e-02
1.790467000000000100e-02
1.752783999999999939e-02
1.722258999999999943e-02
1.792211000000000151e-02
1.624681999999999862e-02
1.559645999999999949e-02
