2.165778000000000147e-02
3.042564999999999853e-02
2.001485999999999890e-02
2.285542999999999950e-02
2.691605999999999860e-02
2.776790000000000161e-02
2.570679000000000020e-02
2.553835000000000133e-02
3.422690999999999928e-02
5.034311000000000341e-02
5.554314999999999947e-02
5.040725000000000067e-02
4.490162999999999793e-02
3.564898999999999846e-02
2.260935999999999849e-02
2.295865000000000058e-02
2.656123999999999985e-02
5.027414000000000188e-02
9.431282000000000554e-02
1.234906900000000002e-01
1.610958299999999954e-01
1.587464100000000045e-01
1.402931099999999986e-01
9.088662000000000130e-02
5.983215000000000061e-02
3.750875000000000042e-02
2.477222999999999925e-02
2.366414999999999838e-02
2.628700000000000134e-02
3.139713000000000226e-02
3.273591000000000001e-02
4.113889999999999908e-02
4.745731000000000255e-02
5.807571999999999734e-02
5.139383000000000146e-02
3.334266000000000313e-02
2.831954000000000068e-02
2.570632000000000125e-02
2.499985999999999875e-02
2.645714000000000052e-02
2.660484000000000113e-02
2.656259000000000051e-02
2.866934999999999970e-02
2.162845000000000045e-02
1.844751000000000030e-02
1.961778999999999953e-02
2.020571999999999993e-02
1.960210999999999898e-02
2.064165999999999918e-02
2.167219999999999910e-02
2.351125999999999910e-02
2.379101999999999953e-02
2.191765999999999853e-02
2.181784000000000154e-02
2.320240999999999970e-02
2.446407999999999916e-02
2.312801999999999913e-02
2.086673000000000000e-02
2.122473000000000068e-02
2.223324000000000134e-02
2.096009999999999887e-02
2.463858999999999841e-02
2.466919000000000056e-02
1.803777000000000158e-02
