1.798780999999999991e-02
1.912196000000000035e-02
1.894041000000000127e-02
2.079179999999999917e-02
2.089442999999999856e-02
2.196381000000000028e-02
1.943142000000000133e-02
1.989051000000000013e-02
1.891440000000000135e-02
2.217629999999999948e-02
2.028668000000000138e-02
2.024348000000000120e-02
2.015781999999999990e-02
2.062514000000000014e-02
2.124180999999999986e-02
2.241401999999999978e-02
2.573028999999999941e-02
2.695173000000000013e-02
2.164587999999999929e-02
2.034276000000000140e-02
1.886898000000000047e-02
2.052622000000000127e-02
2.751612999999999976e-02
2.451673000000000047e-02
2.780592999999999954e-02
2.607156000000000057e-02
2.908329999999999943e-02
3.992505999999999833e-02
3.903261999999999704e-02
3.800880999999999704e-02
2.427286000000000027e-02
2.260558000000000012e-02
3.194819000000000131e-02
4.289914999999999701e-02
5.822361999999999677e-02
8.571718000000000393e-02
1.038820200000000055e-01
1.074997599999999998e-01
1.014466700000000027e-01
5.835131999999999819e-02
3.671765999999999919e-02
2.704027000000000167e-02
2.658125000000000071e-02
2.241104000000000013e-02
2.199829999999999841e-02
2.192701999999999846e-02
2.470525999999999972e-02
2.605500999999999998e-02
3.058218000000000047e-02
3.526619000000000281e-02
4.124691999999999942e-02
3.886192000000000119e-02
2.964214000000000085e-02
2.701858000000000037e-02
2.491896000000000042e-02
2.538618999999999945e-02
2.638949000000000156e-02
2.482714999999999922e-02
2.213147999999999851e-02
2.382845000000000102e-02
2.557040999999999828e-02
3.061155000000000126e-02
2.638642000000000071e-02
1.730964999999999934e-02
