1.771636999999999865e-02
1.806293999999999955e-02
1.751629000000000033e-02
1.845290000000000125e-02
1.968624999999999889e-02
2.201644000000000170e-02
2.474018000000000050e-02
2.600912999999999836e-02
2.716961999999999849e-02
2.858076000000000019e-02
2.718289000000000122e-02
2.482470999999999983e-02
2.328910999999999829e-02
2.147135999999999836e-02
1.878584000000000157e-02
1.851538999999999963e-02
1.813642000000000032e-02
1.754322000000000173e-02
1.774683000000000163e-02
1.817944000000000157e-02
1.867368999999999973e-02
1.917535999999999893e-02
1.843967999999999996e-02
1.879692999999999989e-02
1.912772000000000083e-02
1.881222999999999923e-02
1.837222999999999981e-02
1.809892999999999919e-02
1.802186000000000066e-02
1.776696999999999999e-02
1.780204999999999982e-02
1.825734000000000037e-02
1.855011999999999980e-02
1.825767999999999835e-02
1.776252999999999860e-02
1.808979000000000142e-02
1.829363000000000170e-02
1.835805000000000076e-02
1.806616000000000125e-02
1.783956999999999904e-02
1.746897000000000033e-02
1.753081000000000084e-02
1.797098999999999919e-02
1.819861000000000048e-02
1.781554000000000124e-02
1.777431999999999970e-02
1.760971999999999885e-02
1.790243999999999863e-02
1.768739999999999896e-02
1.801339000000000065e-02
1.801209000000000143e-02
1.775532999999999972e-02
1.758532000000000151e-02
1.773434000000000121e-02
1.814614999999999978e-02
1.833082000000000114e-02
1.799836999999999965e-02
1.790585999999999914e-02
1.793223000000000039e-02
1.760545999999999986e-02
1.778025000000000092e-02
1.778168999999999930e-02
1.701186999999999838e-02
1.529422000000000073e-02
