1.740277999999999964e-02
1.911184999999999967e-02
2.009141999999999872e-02
2.266713999999999882e-02
2.442698999999999912e-02
2.769162000000000012e-02
2.546003000000000155e-02
2.301357999999999876e-02
2.009717999999999921e-02
2.076344000000000106e-02
2.322257000000000141e-02
2.406033999999999951e-02
2.335715999999999834e-02
2.382166000000000144e-02
2.101309000000000163e-02
2.138777000000000039e-02
2.311683000000000140e-02
2.525853999999999946e-02
2.561876000000000084e-02
2.561427999999999969e-02
2.370981000000000130e-02
2.356865000000000002e-02
2.987866999999999953e-02
2.843551000000000065e-02
2.757729999999999904e-02
2.744548999999999947e-02
2.564316999999999985e-02
3.085852999999999860e-02
2.624500999999999917e-02
2.209074999999999928e-02
2.292622000000000063e-02
2.345766999999999991e-02
2.540964000000000070e-02
3.516422999999999771e-02
3.697638999999999787e-02
2.849406999999999981e-02
2.152180000000000065e-02
2.546653000000000111e-02
2.884468000000000101e-02
2.898786000000000071e-02
2.470096999999999918e-02
2.402491000000000002e-02
3.136378000000000082e-02
4.467142000000000335e-02
4.523564000000000057e-02
3.997708999999999985e-02
4.266534000000000298e-02
2.970400000000000124e-02
2.437111999999999959e-02
4.011453999999999714e-02
4.968390999999999780e-02
7.459960999999999676e-02
1.005151900000000043e-01
1.591526000000000052e-01
1.597350499999999895e-01
1.530425800000000114e-01
1.288852100000000001e-01
1.060532899999999945e-01
8.616195999999999577e-02
5.745875000000000288e-02
4.270361999999999769e-02
2.907389999999999974e-02
2.136690000000000117e-02
1.884831000000000006e-02
