3.326293000000000305e-02
4.197275999999999785e-02
4.000106999999999968e-02
3.390947999999999879e-02
2.393698999999999827e-02
2.279132999999999853e-02
2.181280000000000024e-02
2.511607999999999896e-02
3.143431000000000003e-02
3.406337999999999727e-02
2.798836999999999853e-02
3.696552000000000171e-02
4.472591000000000067e-02
5.492543999999999899e-02
6.677961000000000313e-02
3.913934000000000163e-02
2.737834000000000101e-02
2.339458000000000162e-02
3.411382999999999777e-02
5.234144000000000296e-02
8.621752000000000582e-02
1.516488900000000084e-01
1.441043899999999989e-01
1.377143700000000026e-01
1.292705199999999999e-01
1.121867799999999998e-01
6.829839000000000049e-02
4.104135999999999895e-02
2.602969999999999937e-02
2.052922999999999901e-02
2.454496000000000108e-02
2.800356000000000026e-02
2.961967999999999893e-02
4.609599999999999809e-02
5.499996000000000052e-02
5.002961999999999687e-02
5.004407999999999773e-02
5.193477999999999983e-02
3.609102000000000143e-02
2.906067000000000025e-02
2.905840999999999980e-02
2.847801999999999972e-02
2.512700000000000003e-02
2.169667999999999944e-02
2.708634999999999862e-02
2.734879999999999950e-02
2.197059999999999985e-02
2.195276000000000172e-02
2.088392999999999847e-02
2.271955999999999976e-02
2.684744999999999840e-02
2.620037999999999881e-02
2.171725999999999865e-02
2.004067000000000001e-02
2.055005000000000026e-02
2.051878000000000035e-02
2.240491999999999831e-02
3.077463000000000073e-02
3.707822000000000201e-02
3.045685999999999879e-02
2.132384999999999836e-02
1.847162999999999930e-02
1.787317999999999893e-02
1.844905000000000156e-02
