1.986807999999999977e-02
2.464302000000000159e-02
3.006146999999999986e-02
3.100638000000000005e-02
3.355663999999999869e-02
3.641343999999999831e-02
2.445630000000000026e-02
2.404109999999999928e-02
2.179899999999999893e-02
2.094700000000000034e-02
2.541852000000000000e-02
4.345092999999999872e-02
6.046441999999999789e-02
8.266199000000000463e-02
8.687350000000000627e-02
9.329363999999999713e-02
8.343280000000000141e-02
6.127478000000000091e-02
4.394623000000000279e-02
2.456706999999999988e-02
2.347373000000000168e-02
1.910252999999999951e-02
1.919678999999999830e-02
2.260225999999999902e-02
2.284937999999999900e-02
2.706727000000000091e-02
3.272364999999999996e-02
3.414684999999999943e-02
3.334953000000000223e-02
3.423512000000000083e-02
2.297186000000000020e-02
2.074528000000000136e-02
2.198270000000000085e-02
2.328370999999999913e-02
2.702436000000000074e-02
2.747041000000000066e-02
1.952616000000000074e-02
1.943082999999999963e-02
2.197253999999999874e-02
1.965826999999999852e-02
2.350812999999999861e-02
1.853650000000000089e-02
1.868097000000000160e-02
2.029328000000000035e-02
1.944974999999999829e-02
1.915286999999999892e-02
2.166867000000000099e-02
1.952745999999999996e-02
2.317545000000000022e-02
2.327024000000000106e-02
2.723826999999999846e-02
2.242829000000000003e-02
1.906429000000000110e-02
1.808038999999999827e-02
1.928610000000000047e-02
1.990226999999999968e-02
2.109803000000000026e-02
2.192558999999999828e-02
2.133149000000000156e-02
1.936612999999999876e-02
1.817140000000000075e-02
1.951146000000000130e-02
1.890433999999999864e-02
1.748682999999999835e-02
