1.680566000000000004e-02
2.039451000000000111e-02
2.535149000000000083e-02
2.932515999999999942e-02
2.465931000000000026e-02
2.364805999999999853e-02
1.921472999999999931e-02
1.799146000000000079e-02
1.903983000000000064e-02
2.894270999999999996e-02
3.541390999999999983e-02
1.995295000000000055e-02
2.462581999999999965e-02
2.399070000000000022e-02
3.593446000000000140e-02
3.071634999999999990e-02
2.903622000000000147e-02
2.682922000000000085e-02
2.002508000000000066e-02
2.111214000000000146e-02
2.587768000000000013e-02
3.336421999999999999e-02
3.878083000000000224e-02
3.870346000000000203e-02
3.384035999999999988e-02
5.065715999999999969e-02
6.660499000000000280e-02
7.387839999999999685e-02
3.646134999999999654e-02
3.256885000000000335e-02
3.757507000000000208e-02
5.656735999999999709e-02
1.230612600000000056e-01
1.853450199999999992e-01
1.926567600000000102e-01
2.421877100000000005e-01
2.211868600000000129e-01
1.761465700000000023e-01
1.049667900000000043e-01
5.604640000000000316e-02
2.479955999999999827e-02
2.015629999999999852e-02
1.997884999999999939e-02
2.221833000000000141e-02
3.423426000000000247e-02
4.242134999999999656e-02
6.147670000000000218e-02
5.458422999999999747e-02
5.439150000000000235e-02
4.818986000000000103e-02
5.312925999999999760e-02
3.723196000000000144e-02
2.382342000000000140e-02
2.807031999999999930e-02
3.123671999999999907e-02
3.414430999999999716e-02
3.859408999999999756e-02
4.893756999999999968e-02
3.971755999999999898e-02
2.921407000000000170e-02
3.717402999999999680e-02
3.310314000000000312e-02
2.634086000000000066e-02
2.048426999999999887e-02
