1.858378000000000113e-02
2.019218999999999875e-02
1.929934999999999984e-02
2.115817000000000045e-02
2.157558999999999866e-02
2.254615999999999912e-02
2.091294000000000139e-02
1.881841000000000069e-02
1.861211000000000115e-02
1.805574000000000068e-02
1.788862999999999912e-02
1.860227999999999882e-02
1.897710999999999842e-02
2.117460999999999996e-02
2.143944999999999879e-02
2.175469999999999834e-02
2.111785000000000051e-02
2.100650999999999907e-02
2.182088000000000083e-02
2.079206999999999930e-02
1.915495000000000045e-02
2.076443999999999859e-02
2.564189000000000052e-02
3.143951999999999858e-02
4.214799999999999797e-02
5.091318999999999706e-02
4.566734000000000071e-02
4.261891999999999764e-02
3.830874000000000085e-02
2.785431000000000018e-02
2.254087999999999925e-02
1.984435999999999839e-02
1.901827000000000031e-02
1.805158999999999930e-02
1.972706000000000112e-02
2.007418000000000050e-02
2.221843999999999902e-02
2.501785999999999940e-02
2.532376999999999892e-02
2.279809000000000002e-02
2.155533999999999922e-02
2.034000000000000044e-02
1.926490999999999967e-02
1.904567000000000065e-02
1.864201000000000052e-02
1.820489999999999955e-02
1.892028999999999933e-02
1.897056000000000089e-02
1.890879999999999991e-02
1.845712000000000047e-02
1.824341000000000157e-02
1.791134999999999949e-02
1.814701000000000161e-02
1.952299999999999869e-02
1.882937999999999973e-02
1.871149999999999897e-02
1.821617000000000028e-02
1.760439999999999922e-02
1.802513999999999852e-02
1.775737999999999969e-02
1.845553000000000124e-02
1.961028999999999897e-02
1.890835999999999906e-02
1.609065999999999969e-02
