2.502398000000000122e-02
3.388812000000000074e-02
2.557314000000000115e-02
2.120392999999999931e-02
2.679217999999999877e-02
3.117189999999999891e-02
2.842613000000000084e-02
2.810551000000000021e-02
3.001165000000000083e-02
3.053000999999999979e-02
3.103708999999999982e-02
3.355073000000000083e-02
3.484489999999999810e-02
3.363278000000000101e-02
3.402298000000000128e-02
2.554847000000000021e-02
2.099333999999999922e-02
2.925217000000000095e-02
4.815719999999999723e-02
6.833875000000000366e-02
1.071466100000000032e-01
1.237250399999999945e-01
1.203430999999999945e-01
9.621398000000000450e-02
7.396012999999999893e-02
6.317623999999999462e-02
3.960625000000000256e-02
2.940517999999999951e-02
2.367206999999999992e-02
2.381132999999999861e-02
2.745960999999999888e-02
3.016316999999999957e-02
3.058316999999999980e-02
4.406974999999999781e-02
4.932318000000000119e-02
4.347714999999999913e-02
4.325592999999999799e-02
4.003033000000000285e-02
3.107928000000000079e-02
2.834168000000000104e-02
2.889519999999999936e-02
2.784818999999999836e-02
2.514703000000000077e-02
2.141103000000000103e-02
2.203338000000000171e-02
2.329774000000000081e-02
2.138825999999999922e-02
1.975288999999999864e-02
2.064875999999999864e-02
2.123639000000000082e-02
2.435595000000000121e-02
2.253246000000000068e-02
2.022946999999999940e-02
1.952693999999999958e-02
1.972923999999999858e-02
2.113119999999999929e-02
2.128239000000000172e-02
2.417758999999999880e-02
2.956732000000000110e-02
2.615670000000000148e-02
2.061026999999999998e-02
1.894774999999999932e-02
1.918885999999999856e-02
1.869399000000000061e-02
