2.820871000000000142e-02
3.356143000000000320e-02
2.478185000000000110e-02
1.996182000000000165e-02
2.429366999999999985e-02
2.672713000000000172e-02
2.625883999999999857e-02
2.833056000000000116e-02
3.872124999999999873e-02
5.237101999999999730e-02
6.230298000000000086e-02
6.975937999999999584e-02
6.474206000000000405e-02
5.501539999999999903e-02
3.175481000000000137e-02
2.233421999999999838e-02
2.499376999999999849e-02
4.995191000000000214e-02
9.118046000000000484e-02
1.456425799999999937e-01
1.901694499999999899e-01
2.035826699999999934e-01
1.632149800000000095e-01
1.313670299999999957e-01
9.343239000000000405e-02
6.245110000000000244e-02
3.948059999999999764e-02
2.777823000000000098e-02
2.919663999999999940e-02
2.922769000000000061e-02
3.256132999999999944e-02
4.451018999999999809e-02
5.170208999999999916e-02
7.414966000000000612e-02
6.397695000000000465e-02
4.420402999999999832e-02
3.945032999999999873e-02
3.081514000000000128e-02
2.713880999999999932e-02
3.164829999999999727e-02
3.230559999999999682e-02
3.340118000000000253e-02
3.113996999999999946e-02
2.240011999999999906e-02
1.953312999999999924e-02
2.180330999999999936e-02
2.336360999999999993e-02
2.033520000000000119e-02
2.284678000000000056e-02
2.375694000000000070e-02
2.738604000000000038e-02
2.822712999999999958e-02
2.315477999999999981e-02
2.237820000000000087e-02
2.402032000000000125e-02
2.704809999999999853e-02
2.541739999999999972e-02
2.693459999999999951e-02
2.983413000000000037e-02
2.591529999999999875e-02
2.100277000000000047e-02
2.391642999999999894e-02
2.271632000000000165e-02
1.982481999999999994e-02
