1.631056000000000172e-02
1.920975999999999934e-02
2.065474999999999950e-02
1.990708999999999881e-02
2.053995999999999947e-02
1.850069999999999840e-02
1.793755000000000002e-02
1.762052999999999883e-02
1.821592000000000003e-02
2.054744999999999835e-02
2.063293999999999892e-02
1.830210999999999991e-02
1.876560999999999854e-02
2.058074000000000014e-02
2.242697999999999914e-02
2.267291000000000098e-02
2.208722999999999936e-02
1.977046999999999832e-02
1.818147999999999986e-02
1.804580999999999893e-02
1.946312000000000042e-02
2.063707000000000041e-02
2.223891999999999883e-02
2.098399999999999918e-02
2.071678000000000061e-02
2.489241999999999844e-02
2.878763999999999976e-02
3.118324000000000096e-02
2.548069999999999849e-02
1.959491000000000011e-02
1.935589999999999880e-02
2.286151000000000155e-02
3.767738999999999810e-02
4.655109000000000330e-02
5.011303999999999759e-02
5.619773000000000129e-02
5.932276999999999689e-02
5.329887999999999987e-02
3.749004000000000225e-02
2.828844999999999971e-02
1.984241999999999950e-02
1.780837999999999866e-02
1.815809999999999994e-02
1.886561999999999961e-02
2.127640999999999907e-02
2.388277999999999929e-02
2.774961000000000094e-02
2.562992000000000048e-02
2.647990999999999887e-02
2.620648000000000075e-02
2.542726000000000014e-02
2.219698999999999978e-02
2.033333000000000015e-02
2.110046000000000144e-02
2.163858000000000101e-02
2.261666999999999844e-02
2.262273999999999882e-02
2.399516999999999969e-02
2.211389000000000063e-02
2.170563000000000006e-02
2.374961000000000086e-02
2.461247999999999908e-02
2.184832999999999914e-02
1.648844000000000004e-02
