2.231493999999999839e-02
3.507661000000000112e-02
4.190166000000000029e-02
4.612427999999999667e-02
4.581815000000000193e-02
4.893025000000000152e-02
4.158847999999999712e-02
3.249086999999999809e-02
2.735887999999999862e-02
2.483704999999999941e-02
2.123312999999999937e-02
1.898048000000000096e-02
1.862166000000000168e-02
1.871068000000000037e-02
1.997809000000000043e-02
2.062270000000000075e-02
2.310415999999999859e-02
2.541144999999999862e-02
2.276946999999999999e-02
2.166939000000000018e-02
2.178352999999999887e-02
2.066865000000000022e-02
1.948994999999999894e-02
1.868488000000000093e-02
1.887064999999999923e-02
1.851823000000000011e-02
1.771050999999999875e-02
1.818374000000000032e-02
1.872528000000000040e-02
1.855802000000000146e-02
1.790007000000000056e-02
1.793590000000000115e-02
1.812522000000000091e-02
1.777930999999999956e-02
1.813369000000000092e-02
1.783022999999999900e-02
1.781958999999999974e-02
1.849668000000000145e-02
1.926102000000000022e-02
1.844155999999999920e-02
1.784948000000000090e-02
1.837948999999999833e-02
1.864808999999999911e-02
1.908104999999999871e-02
1.978544999999999957e-02
1.908899999999999833e-02
1.811306999999999848e-02
1.790875999999999926e-02
1.800275999999999960e-02
1.785977999999999871e-02
1.833078000000000138e-02
1.881199000000000066e-02
1.837868999999999961e-02
1.837876999999999914e-02
1.809492000000000045e-02
1.826465000000000033e-02
1.839644000000000001e-02
1.923891000000000143e-02
1.878874000000000169e-02
1.798471000000000097e-02
1.758528999999999995e-02
1.772821999999999940e-02
1.688366999999999993e-02
1.588706999999999966e-02
