5.643095000000000055e-02
1.050641900000000017e-01
1.274931099999999928e-01
1.289941199999999899e-01
1.311757100000000009e-01
1.237055799999999955e-01
9.422316999999999498e-02
6.450382000000000338e-02
4.358535000000000187e-02
4.147221000000000241e-02
3.176832000000000267e-02
2.483091999999999938e-02
2.486261999999999847e-02
2.846562000000000051e-02
3.303941999999999990e-02
3.843035999999999675e-02
3.471728000000000314e-02
4.825783000000000156e-02
4.039560999999999846e-02
3.418742999999999782e-02
2.781515999999999850e-02
2.450803999999999830e-02
2.326548999999999978e-02
2.311627000000000126e-02
2.428943000000000074e-02
2.221093999999999846e-02
1.963743999999999906e-02
2.045918999999999863e-02
2.247232000000000049e-02
2.130606000000000166e-02
2.039273999999999948e-02
2.127872999999999917e-02
2.041445999999999886e-02
2.005393999999999927e-02
1.986759999999999915e-02
1.864427000000000098e-02
1.907069000000000125e-02
2.092768999999999879e-02
2.400826000000000002e-02
2.258409000000000111e-02
2.122980999999999827e-02
2.151464000000000154e-02
2.274655000000000080e-02
2.583099999999999979e-02
2.661563999999999944e-02
2.158612999999999851e-02
1.903103000000000086e-02
1.937049999999999883e-02
2.013809999999999906e-02
2.087951000000000043e-02
2.211195999999999995e-02
2.184151000000000148e-02
1.980553999999999995e-02
1.965346999999999927e-02
2.047447999999999976e-02
2.085646999999999848e-02
2.205294000000000004e-02
2.390747000000000011e-02
2.095628999999999895e-02
1.891639000000000168e-02
1.969181999999999877e-02
1.984187000000000103e-02
1.840846000000000149e-02
1.746228000000000016e-02
