2.069684999999999928e-02
2.234910000000000022e-02
2.374814999999999912e-02
3.426574000000000286e-02
3.346111999999999698e-02
4.038643000000000094e-02
3.216385000000000077e-02
3.302983999999999781e-02
2.570532000000000025e-02
2.010943999999999926e-02
1.891916999999999904e-02
2.144058999999999895e-02
2.544712000000000016e-02
3.474644999999999817e-02
3.604780999999999958e-02
4.113585000000000158e-02
3.515686999999999979e-02
4.054442999999999936e-02
4.206817999999999669e-02
4.388477999999999823e-02
3.019147999999999971e-02
2.399485999999999980e-02
3.872253999999999974e-02
5.955119999999999858e-02
9.059604000000000268e-02
1.420324699999999940e-01
1.363366799999999879e-01
1.406486600000000087e-01
1.197889199999999932e-01
7.146539999999999837e-02
4.816245000000000248e-02
3.413097999999999826e-02
2.690588999999999828e-02
2.152367000000000169e-02
2.597678000000000140e-02
2.720666000000000057e-02
3.452129000000000308e-02
4.975306000000000173e-02
4.826823000000000224e-02
4.202820000000000167e-02
3.892206000000000138e-02
3.035556999999999839e-02
2.426398000000000096e-02
2.108524000000000162e-02
2.221387000000000014e-02
2.148370999999999961e-02
2.266311999999999841e-02
2.468091999999999855e-02
2.420862999999999834e-02
2.280924999999999966e-02
2.050309999999999980e-02
1.981975999999999877e-02
1.961399000000000128e-02
2.252793999999999977e-02
2.297801999999999831e-02
2.163181000000000132e-02
2.046171999999999921e-02
1.882866000000000054e-02
1.848311000000000051e-02
1.891024999999999998e-02
1.889650999999999831e-02
2.404645999999999867e-02
2.263182999999999861e-02
1.718259999999999926e-02
