8.918761000000000050e-02
1.307965500000000114e-01
1.230334000000000011e-01
1.103942499999999993e-01
9.570969999999999478e-02
8.413218999999999559e-02
5.816720999999999697e-02
3.529641000000000028e-02
2.521492999999999998e-02
2.747128000000000070e-02
2.746012000000000106e-02
2.887467000000000159e-02
3.400099000000000177e-02
4.189832999999999752e-02
5.326124000000000136e-02
5.462435999999999681e-02
5.348535000000000095e-02
4.981026999999999677e-02
3.913940999999999948e-02
2.780209999999999973e-02
2.304834999999999870e-02
2.112332999999999919e-02
2.013080000000000078e-02
2.132981999999999934e-02
2.700767999999999919e-02
2.481115000000000057e-02
2.089014000000000149e-02
2.166337000000000124e-02
2.193903999999999993e-02
2.199846000000000093e-02
2.282425999999999899e-02
2.332013999999999962e-02
2.155042999999999889e-02
1.986355999999999886e-02
2.129738999999999938e-02
2.137442000000000161e-02
2.173283999999999980e-02
2.191140999999999922e-02
2.055252000000000120e-02
1.985258000000000161e-02
1.929521000000000014e-02
2.462786000000000142e-02
2.604901000000000091e-02
2.644813999999999846e-02
2.303840999999999875e-02
2.018061000000000160e-02
2.265862000000000084e-02
2.494690000000000102e-02
2.399253000000000149e-02
2.119787000000000060e-02
1.994989999999999958e-02
1.928339999999999915e-02
2.005134999999999904e-02
2.169634000000000146e-02
2.219126999999999905e-02
2.331472000000000058e-02
2.275452000000000030e-02
2.115625999999999965e-02
2.155931999999999987e-02
2.080531999999999868e-02
2.290938000000000002e-02
2.132755999999999888e-02
1.912372999999999851e-02
1.760242000000000057e-02
