1.940576000000000106e-02
2.290120000000000003e-02
2.286196000000000061e-02
2.407296999999999909e-02
2.068754999999999900e-02
1.975259000000000043e-02
1.855561999999999837e-02
1.941775000000000098e-02
1.968026000000000150e-02
2.500689999999999857e-02
2.270124999999999921e-02
1.947696999999999970e-02
2.269380999999999829e-02
2.818816000000000030e-02
3.193396999999999902e-02
2.668078000000000116e-02
2.455560999999999855e-02
2.328819000000000028e-02
2.017212999999999992e-02
2.219884999999999914e-02
2.194758000000000125e-02
2.635333000000000120e-02
2.762097000000000163e-02
2.697414000000000062e-02
3.482309000000000099e-02
4.115392999999999829e-02
4.934551999999999689e-02
3.658829000000000248e-02
3.090112000000000067e-02
2.217196999999999918e-02
2.796517999999999921e-02
3.952535000000000076e-02
7.253152999999999684e-02
9.856486000000000414e-02
7.852512000000000381e-02
1.147691200000000022e-01
1.104919199999999935e-01
6.378251000000000059e-02
5.195849000000000301e-02
2.670981000000000050e-02
1.955524000000000151e-02
1.984572000000000072e-02
1.940769999999999995e-02
2.097966000000000067e-02
2.759098999999999927e-02
3.647626999999999814e-02
4.597671999999999870e-02
3.866639000000000187e-02
3.055255000000000123e-02
2.741226999999999900e-02
3.082860999999999935e-02
2.948947000000000027e-02
2.159157999999999911e-02
2.531778999999999974e-02
2.716102000000000100e-02
2.805509000000000128e-02
2.976350999999999997e-02
2.977712000000000067e-02
2.652960999999999861e-02
2.700423000000000059e-02
2.748286000000000132e-02
2.943497999999999948e-02
2.204127999999999990e-02
1.755419000000000077e-02
