1.828953999999999996e-02
1.971830000000000110e-02
1.892608999999999958e-02
1.915943000000000160e-02
1.890398000000000078e-02
1.946969999999999951e-02
2.041754999999999959e-02
2.116778999999999883e-02
2.374613999999999892e-02
2.107277000000000108e-02
2.051547000000000093e-02
1.928784000000000054e-02
1.935662999999999967e-02
1.903465000000000018e-02
2.174457999999999946e-02
2.173098999999999864e-02
2.073409999999999836e-02
1.829702000000000064e-02
1.867413000000000059e-02
1.900796000000000083e-02
2.259440999999999880e-02
2.670623000000000094e-02
2.258806000000000008e-02
1.995117000000000071e-02
2.016087999999999908e-02
2.278445000000000123e-02
2.172833999999999877e-02
2.134859000000000062e-02
2.007808000000000162e-02
1.904896000000000020e-02
1.934307999999999861e-02
2.164079000000000003e-02
2.182320000000000093e-02
2.081426999999999930e-02
2.256292000000000020e-02
2.191190000000000151e-02
2.551424999999999874e-02
2.502187999999999982e-02
2.111479000000000134e-02
2.000272999999999982e-02
1.944270999999999847e-02
2.256994000000000014e-02
2.505222000000000004e-02
2.634515000000000121e-02
2.622168000000000068e-02
2.886471999999999996e-02
3.564989999999999826e-02
3.667117000000000293e-02
3.244049999999999712e-02
2.533463000000000034e-02
2.330863000000000032e-02
2.370796000000000014e-02
2.981597000000000067e-02
4.790065999999999768e-02
6.421182999999999752e-02
7.779859999999999554e-02
8.789030000000000453e-02
9.445050000000000667e-02
9.442789999999999517e-02
9.084784999999999389e-02
7.488880000000000536e-02
5.446169000000000010e-02
3.436938999999999966e-02
1.735495000000000093e-02
