5.569207000000000324e-02
8.891369000000000355e-02
1.026766699999999977e-01
9.942236999999999603e-02
1.107583899999999982e-01
1.044384599999999969e-01
8.816875999999999880e-02
5.567300000000000026e-02
3.992909000000000042e-02
3.304652000000000284e-02
3.099437000000000025e-02
2.344937000000000063e-02
2.480693999999999955e-02
2.244695000000000024e-02
2.421051000000000106e-02
2.807275999999999869e-02
3.791446999999999873e-02
4.284580000000000333e-02
3.418965000000000198e-02
2.814755000000000035e-02
2.531134000000000162e-02
2.570752999999999927e-02
2.190264999999999920e-02
2.076298999999999853e-02
2.263824000000000045e-02
2.103268999999999972e-02
1.968291999999999958e-02
2.110481999999999983e-02
2.318444999999999881e-02
2.277701000000000031e-02
2.003972000000000045e-02
2.079233000000000123e-02
1.992804000000000103e-02
1.898340000000000097e-02
1.968169999999999989e-02
1.897880000000000053e-02
1.952869999999999953e-02
2.135002999999999901e-02
2.354345000000000049e-02
2.093824999999999853e-02
1.942411999999999958e-02
2.048799999999999927e-02
2.045691999999999997e-02
2.396277000000000129e-02
2.407323999999999922e-02
2.198999999999999913e-02
1.943396999999999833e-02
1.886086000000000013e-02
1.997312000000000046e-02
1.997985999999999859e-02
2.051298999999999831e-02
2.085035000000000013e-02
2.082581000000000016e-02
1.957120999999999861e-02
2.014716000000000076e-02
2.073200999999999863e-02
2.169145000000000101e-02
2.241053999999999963e-02
2.191175000000000067e-02
2.006783999999999998e-02
1.942007999999999929e-02
1.942829999999999904e-02
1.805220999999999909e-02
1.737458000000000058e-02
