1.747593999999999884e-02
1.925007000000000107e-02
2.169381999999999908e-02
2.321983000000000033e-02
2.681893000000000124e-02
3.714789000000000285e-02
3.760915000000000091e-02
4.382724000000000342e-02
4.111511999999999806e-02
4.539246000000000253e-02
4.030705999999999872e-02
3.396347000000000255e-02
2.797438000000000008e-02
2.392406000000000046e-02
2.071444999999999884e-02
1.946896999999999864e-02
1.966338000000000114e-02
2.053220999999999866e-02
2.245901999999999968e-02
2.495038999999999937e-02
3.136070999999999998e-02
3.492122000000000281e-02
3.085653999999999827e-02
3.062070000000000070e-02
2.727566999999999839e-02
2.499490000000000045e-02
2.306139999999999926e-02
2.125403000000000014e-02
2.418367000000000086e-02
2.228890000000000038e-02
2.099000999999999992e-02
2.135532999999999876e-02
1.954832000000000097e-02
2.021550999999999904e-02
1.985742000000000063e-02
1.935235000000000080e-02
2.036469000000000126e-02
2.200710000000000166e-02
1.949050999999999909e-02
1.803191000000000169e-02
1.773231000000000113e-02
2.040755000000000000e-02
2.199018999999999974e-02
2.100735000000000102e-02
1.993202000000000168e-02
1.814661999999999872e-02
1.882189999999999905e-02
1.856237999999999985e-02
2.047144999999999868e-02
2.201403999999999861e-02
2.214328999999999950e-02
1.956389999999999865e-02
1.839216000000000115e-02
1.966110000000000080e-02
2.137239999999999973e-02
2.281978999999999952e-02
2.195242999999999847e-02
1.866082000000000157e-02
1.886426000000000075e-02
1.904971999999999915e-02
1.872303999999999982e-02
2.096272000000000066e-02
2.044914999999999927e-02
1.718891999999999989e-02
