2.440343999999999847e-02
3.745757000000000253e-02
5.484076999999999702e-02
6.031249000000000332e-02
1.216253999999999946e-01
1.483254699999999870e-01
1.278888400000000036e-01
9.245546999999999793e-02
7.584865999999999830e-02
8.223954999999999460e-02
6.602510000000000323e-02
4.506219999999999670e-02
3.282333999999999946e-02
2.249340999999999841e-02
2.316061000000000161e-02
2.145332000000000142e-02
2.082312000000000052e-02
2.535468999999999917e-02
2.389418000000000097e-02
3.005765000000000173e-02
3.250717000000000190e-02
2.458346000000000142e-02
2.955556000000000155e-02
2.262474999999999903e-02
2.051847000000000046e-02
2.263723000000000124e-02
2.008936999999999876e-02
2.272002999999999870e-02
1.953242999999999993e-02
2.117462999999999984e-02
1.875113999999999947e-02
1.827793999999999947e-02
1.861298000000000119e-02
1.805723000000000050e-02
1.829396000000000147e-02
1.809561999999999976e-02
1.879215999999999873e-02
1.879787000000000124e-02
1.880872999999999920e-02
1.910351000000000063e-02
1.839344000000000048e-02
1.910511999999999974e-02
1.860298999999999980e-02
1.778505000000000016e-02
1.792857999999999952e-02
1.905574999999999977e-02
1.933355000000000143e-02
1.831852000000000133e-02
1.903236000000000164e-02
1.856630999999999906e-02
1.837801000000000018e-02
1.808239999999999847e-02
1.944107999999999947e-02
2.133555999999999994e-02
2.192121000000000000e-02
2.029192999999999969e-02
1.918726000000000112e-02
1.867983999999999964e-02
1.852126000000000119e-02
1.870339999999999850e-02
1.796433999999999878e-02
1.950114000000000014e-02
1.841403000000000137e-02
1.611084000000000127e-02
