1.706991000000000064e-02
1.843182000000000154e-02
1.848471000000000142e-02
1.899628999999999901e-02
2.026721000000000078e-02
2.272665999999999922e-02
2.203153999999999876e-02
2.112705000000000138e-02
1.982814999999999925e-02
1.859596999999999986e-02
1.889476000000000003e-02
1.980447999999999931e-02
2.079620999999999900e-02
2.019641999999999965e-02
1.989611999999999978e-02
1.942732999999999960e-02
2.015731000000000120e-02
2.044446000000000110e-02
2.155825000000000102e-02
2.178104000000000151e-02
2.095984000000000042e-02
1.990944999999999868e-02
2.211308000000000024e-02
2.140635999999999928e-02
2.134414000000000103e-02
2.037365999999999830e-02
2.025139000000000106e-02
2.130082999999999976e-02
1.935413000000000064e-02
1.946041999999999911e-02
1.905899999999999955e-02
2.019353000000000120e-02
2.009410000000000016e-02
2.433963000000000099e-02
2.619677999999999937e-02
2.194808999999999996e-02
1.914249000000000159e-02
2.149268999999999832e-02
2.310250000000000151e-02
2.296636000000000163e-02
2.148277999999999993e-02
2.120740999999999946e-02
2.415971999999999911e-02
2.971982999999999916e-02
3.143573999999999674e-02
2.849890999999999883e-02
2.601204999999999837e-02
2.254077999999999984e-02
2.197870999999999853e-02
3.086235999999999841e-02
3.574349999999999750e-02
4.697644000000000125e-02
5.996259999999999785e-02
7.737212999999999730e-02
7.998402000000000289e-02
7.124642000000000475e-02
5.887805000000000122e-02
5.921769999999999812e-02
5.211216999999999933e-02
3.828933999999999810e-02
2.792352000000000029e-02
2.392135000000000095e-02
1.891287999999999997e-02
1.701743000000000006e-02
