1.921975999999999893e-02
2.159480999999999901e-02
2.023250000000000048e-02
1.875123999999999888e-02
1.991360000000000005e-02
2.492890999999999857e-02
2.830262999999999876e-02
3.029199000000000128e-02
2.776837000000000055e-02
2.144659999999999969e-02
1.871654000000000026e-02
1.854209000000000065e-02
2.129846000000000170e-02
2.220592999999999873e-02
2.519549999999999915e-02
2.364072999999999869e-02
1.962575000000000083e-02
1.928645000000000012e-02
2.576716000000000076e-02
2.914991000000000110e-02
2.738478999999999913e-02
2.727177999999999894e-02
2.840145999999999990e-02
2.597087000000000007e-02
2.926586999999999938e-02
3.242582000000000103e-02
2.754055999999999865e-02
2.161561999999999859e-02
2.057194000000000036e-02
2.100312999999999833e-02
2.310436000000000087e-02
2.414873999999999840e-02
2.507782000000000067e-02
2.816338999999999995e-02
3.534655999999999909e-02
3.128948000000000146e-02
3.157124000000000041e-02
2.920593000000000147e-02
2.575010999999999967e-02
2.763894999999999894e-02
2.970006000000000035e-02
3.258976999999999707e-02
4.112003999999999659e-02
5.092090999999999978e-02
5.113751999999999881e-02
5.382341999999999682e-02
8.153177000000000341e-02
7.733824999999999728e-02
5.619864000000000109e-02
3.552272000000000068e-02
2.713778999999999844e-02
4.952186000000000088e-02
7.976584000000000452e-02
1.469060600000000050e-01
2.118543499999999968e-01
2.313320299999999941e-01
2.535094900000000040e-01
2.543091199999999996e-01
2.384448200000000018e-01
2.072438600000000020e-01
1.567470300000000094e-01
1.053315400000000013e-01
4.755718999999999919e-02
2.336614000000000052e-02
