2.089627000000000151e-02
2.177317999999999962e-02
2.547583999999999960e-02
2.399772999999999837e-02
2.794452999999999868e-02
2.691233999999999987e-02
2.341910000000000172e-02
1.934980999999999854e-02
2.223382000000000136e-02
2.595795000000000047e-02
3.292989999999999806e-02
2.278087000000000167e-02
2.057932999999999985e-02
2.229460000000000122e-02
2.267834000000000169e-02
2.517894000000000035e-02
2.904065000000000119e-02
2.941606999999999902e-02
2.251469999999999860e-02
2.115939000000000014e-02
2.429548000000000124e-02
2.933587000000000000e-02
3.118904000000000121e-02
2.350334000000000104e-02
2.012844000000000091e-02
2.201020999999999880e-02
3.170444000000000040e-02
3.912915000000000143e-02
2.956463000000000146e-02
2.625840999999999939e-02
2.820446999999999885e-02
2.995232000000000103e-02
3.657710000000000128e-02
3.587172000000000277e-02
2.762088000000000043e-02
2.869707000000000161e-02
3.246707000000000065e-02
4.046137000000000344e-02
3.598057999999999812e-02
2.716477000000000128e-02
2.464751999999999915e-02
3.428225000000000022e-02
5.082522999999999902e-02
6.006236000000000214e-02
4.014863999999999933e-02
2.795028000000000096e-02
2.713325000000000112e-02
3.708105999999999902e-02
7.965791999999999318e-02
1.108655300000000038e-01
1.352637600000000107e-01
1.532056900000000055e-01
1.690215200000000084e-01
2.021578400000000053e-01
1.555803000000000047e-01
9.434484999999999399e-02
6.615197000000000438e-02
5.757998999999999756e-02
3.843143000000000253e-02
2.596501000000000017e-02
2.366414999999999838e-02
2.577897999999999995e-02
2.234068999999999985e-02
1.920157999999999934e-02
