2.428417000000000076e-02
3.284540999999999850e-02
3.447307000000000149e-02
4.210132999999999931e-02
3.989724000000000048e-02
3.115122999999999850e-02
2.551917000000000074e-02
3.038607999999999934e-02
2.948390000000000039e-02
2.544723999999999944e-02
2.609639000000000056e-02
2.613651000000000169e-02
2.356646000000000088e-02
2.146485000000000060e-02
3.300924000000000219e-02
2.566415000000000016e-02
2.765151999999999888e-02
3.333926999999999724e-02
3.545671999999999713e-02
6.227943999999999841e-02
6.605134999999999479e-02
5.285101999999999856e-02
3.697914000000000062e-02
2.624896999999999994e-02
3.613424999999999970e-02
4.547882999999999787e-02
5.291035000000000182e-02
4.831669000000000241e-02
5.090283000000000307e-02
6.646402999999999339e-02
6.852916000000000563e-02
8.568191999999999475e-02
6.101054999999999673e-02
2.587771000000000168e-02
3.961587999999999915e-02
1.143520100000000039e-01
1.807284399999999902e-01
3.397956799999999888e-01
3.429842599999999853e-01
2.983925599999999734e-01
2.654872200000000237e-01
1.940126699999999982e-01
1.455530200000000052e-01
7.776172000000000639e-02
2.948833000000000010e-02
2.240235999999999963e-02
2.323472000000000037e-02
2.599713999999999844e-02
3.556114999999999970e-02
4.831918000000000324e-02
7.110046000000000421e-02
8.749540000000000095e-02
9.544199000000000432e-02
7.856441000000000119e-02
6.803011999999999948e-02
5.742146000000000056e-02
3.583328999999999681e-02
2.408746000000000151e-02
2.484698999999999935e-02
2.507913999999999977e-02
2.674564999999999929e-02
4.897846000000000144e-02
4.070539000000000102e-02
2.089656000000000152e-02
