2.185248000000000052e-02
2.493959999999999927e-02
2.638087999999999891e-02
2.837034999999999904e-02
3.615701999999999805e-02
3.297026000000000123e-02
2.958848999999999854e-02
2.167178000000000160e-02
2.056973999999999955e-02
2.098084999999999881e-02
3.319300000000000028e-02
5.760943999999999787e-02
7.976579000000000308e-02
8.503747999999999863e-02
8.390214000000000005e-02
9.154378999999999988e-02
8.044081000000000148e-02
6.600325999999999416e-02
3.984228000000000075e-02
2.646857999999999850e-02
2.168905000000000138e-02
2.053251999999999855e-02
1.981785999999999964e-02
2.121520000000000003e-02
2.291668999999999998e-02
2.609393999999999950e-02
3.275104000000000209e-02
2.891103999999999896e-02
2.679218666666666540e-02
2.467333333333333184e-02
2.255447999999999828e-02
2.269356999999999971e-02
2.296725000000000155e-02
2.314441999999999888e-02
2.183656999999999959e-02
2.330754000000000159e-02
2.101238000000000064e-02
1.954826999999999954e-02
1.927730000000000068e-02
1.969891000000000003e-02
1.972250000000000045e-02
1.818683000000000105e-02
1.896052000000000154e-02
1.942148000000000138e-02
1.837039000000000033e-02
1.827192000000000052e-02
2.124362999999999946e-02
2.150354999999999975e-02
2.301508000000000026e-02
2.127292999999999892e-02
1.888118000000000088e-02
1.868861000000000133e-02
2.008599000000000148e-02
2.044435000000000002e-02
2.180833999999999898e-02
1.967595000000000108e-02
1.839752999999999875e-02
1.911544000000000090e-02
2.029666999999999930e-02
2.059990999999999906e-02
1.986653000000000030e-02
1.664397999999999919e-02
1.654989000000000113e-02
1.672341000000000105e-02
