2.335898999999999961e-02
2.890291999999999861e-02
2.171916000000000124e-02
1.992673999999999834e-02
2.178752999999999940e-02
2.257713000000000081e-02
2.130927999999999989e-02
2.401688999999999907e-02
2.481805999999999943e-02
2.178673999999999888e-02
2.075561999999999893e-02
2.452738000000000140e-02
3.195200000000000123e-02
3.452303000000000316e-02
2.726734000000000102e-02
2.000930999999999890e-02
1.863044000000000158e-02
2.077626999999999946e-02
2.482641999999999835e-02
2.304273000000000085e-02
2.076361999999999999e-02
2.059037999999999841e-02
2.197516000000000053e-02
2.531484999999999985e-02
2.996280000000000124e-02
2.433445000000000052e-02
2.217724999999999905e-02
2.481999999999999831e-02
3.377685999999999883e-02
5.137835999999999792e-02
3.475307999999999869e-02
2.169151999999999886e-02
2.028987999999999972e-02
2.475569000000000033e-02
2.961497999999999908e-02
4.184964000000000045e-02
4.932244000000000211e-02
4.117044000000000259e-02
4.011734000000000133e-02
4.949332000000000037e-02
6.380764999999999354e-02
5.211686000000000096e-02
2.859427999999999970e-02
2.384713000000000110e-02
3.935186999999999713e-02
1.112088799999999961e-01
1.745491600000000088e-01
2.513312400000000113e-01
2.749896600000000246e-01
2.886434800000000078e-01
3.047928500000000041e-01
2.704265399999999930e-01
2.150203400000000042e-01
1.751140399999999986e-01
9.946612000000000509e-02
5.540213000000000082e-02
3.102519000000000110e-02
2.824023999999999979e-02
2.502009999999999998e-02
2.519868999999999928e-02
2.784850000000000173e-02
3.538128000000000106e-02
3.430590000000000028e-02
2.116838999999999874e-02
