2.614290000000000017e-02
3.260035000000000016e-02
2.385125000000000092e-02
2.286598000000000103e-02
5.250287000000000009e-02
3.570480999999999655e-02
1.206675100000000056e-01
1.947831999999999897e-01
1.644763200000000092e-01
1.604891400000000024e-01
1.276323799999999897e-01
1.397550700000000090e-01
1.487277599999999866e-01
9.225084000000000062e-02
4.498984000000000316e-02
3.735374999999999807e-02
2.779504000000000002e-02
2.085843000000000072e-02
2.307187000000000127e-02
2.617620000000000016e-02
2.801961000000000035e-02
3.373137999999999831e-02
3.640539000000000275e-02
3.834901000000000282e-02
4.590708999999999762e-02
3.909205000000000318e-02
2.740955000000000127e-02
2.198833000000000037e-02
2.342605999999999855e-02
2.281450000000000145e-02
2.278310999999999878e-02
2.190483999999999834e-02
2.140722999999999931e-02
2.176062000000000135e-02
2.180641999999999997e-02
1.958674999999999999e-02
2.032955999999999999e-02
2.132751999999999912e-02
2.105069999999999858e-02
1.901059999999999903e-02
1.834376000000000062e-02
1.867299999999999863e-02
2.040673000000000140e-02
1.927792000000000047e-02
1.944641000000000078e-02
1.898067999999999977e-02
1.826732000000000009e-02
1.830429000000000084e-02
1.818979999999999903e-02
1.899025000000000019e-02
1.921136999999999845e-02
1.878954999999999861e-02
1.794986999999999971e-02
1.815357000000000082e-02
1.842550000000000091e-02
1.877124999999999974e-02
1.816349999999999909e-02
1.820193999999999979e-02
1.887807999999999847e-02
1.843165000000000081e-02
1.844188000000000077e-02
1.866185000000000066e-02
1.751085999999999962e-02
1.608692000000000108e-02
