2.173966999999999913e-02
2.395892999999999981e-02
2.105109999999999967e-02
1.870573999999999848e-02
1.843739000000000142e-02
1.836283000000000012e-02
1.895430000000000031e-02
2.114440000000000069e-02
2.193903000000000172e-02
2.079382000000000105e-02
1.894411000000000012e-02
2.031931999999999836e-02
2.421658000000000144e-02
2.584041000000000116e-02
2.226772999999999947e-02
1.903807000000000069e-02
1.907934000000000019e-02
2.001879000000000158e-02
2.117097999999999897e-02
2.035433000000000034e-02
1.980569999999999900e-02
1.988983999999999891e-02
1.982002000000000069e-02
2.268726999999999897e-02
2.395629999999999982e-02
2.209279999999999924e-02
2.135211000000000053e-02
2.144655000000000172e-02
2.636134999999999867e-02
3.386838999999999822e-02
2.839030000000000026e-02
2.299145000000000008e-02
2.026052000000000061e-02
2.022625999999999938e-02
2.204470000000000041e-02
2.694266999999999843e-02
3.016715000000000022e-02
2.951428999999999858e-02
2.678467000000000001e-02
2.814664999999999875e-02
3.822612000000000232e-02
4.076265999999999917e-02
3.238002999999999715e-02
2.551383999999999944e-02
2.338281000000000040e-02
3.388029000000000041e-02
5.211819000000000174e-02
8.029556999999999667e-02
1.008073500000000039e-01
1.122687200000000024e-01
1.210260999999999976e-01
1.103513099999999941e-01
1.086116099999999973e-01
8.158661000000000385e-02
6.616911000000000320e-02
4.401631000000000293e-02
2.650989999999999944e-02
2.192782000000000064e-02
1.943022999999999972e-02
1.970484000000000124e-02
2.016470999999999889e-02
2.176569000000000073e-02
2.301850000000000077e-02
1.823392000000000068e-02
