1.623606999999999828e-02
1.787951000000000124e-02
1.803688999999999987e-02
1.809996999999999995e-02
1.772175000000000139e-02
1.770874000000000059e-02
1.793731999999999965e-02
1.752443000000000056e-02
1.762988000000000055e-02
1.791107999999999936e-02
1.796079999999999899e-02
1.778203000000000075e-02
1.801113000000000020e-02
1.878000000000000155e-02
1.828170000000000142e-02
1.820151999999999881e-02
1.804638999999999896e-02
1.773483000000000004e-02
1.779530000000000001e-02
1.808478999999999989e-02
1.808328999999999839e-02
1.811582999999999943e-02
1.879870000000000152e-02
1.840359999999999913e-02
1.823939999999999936e-02
1.860691999999999902e-02
1.834283999999999915e-02
1.897760999999999892e-02
1.977040000000000047e-02
2.311167999999999903e-02
2.592940999999999996e-02
2.616318999999999936e-02
2.943613000000000132e-02
2.759657999999999903e-02
2.478295000000000151e-02
2.312509000000000092e-02
1.975352000000000011e-02
1.838338000000000125e-02
1.881230999999999876e-02
1.859554000000000068e-02
1.850674000000000069e-02
2.036247999999999878e-02
2.218906000000000003e-02
2.192008999999999971e-02
2.193834999999999882e-02
2.086108000000000059e-02
2.000232999999999872e-02
2.031008000000000119e-02
1.844509000000000079e-02
1.833283999999999955e-02
1.824075000000000002e-02
1.809695999999999874e-02
1.805568000000000103e-02
1.834155999999999981e-02
1.909657000000000021e-02
1.919378000000000056e-02
1.918987999999999944e-02
1.888980000000000173e-02
1.882748999999999881e-02
1.829079999999999942e-02
1.858216999999999855e-02
1.863381000000000065e-02
1.755695000000000172e-02
1.584011999999999920e-02
