1.644264999999999963e-02
1.902623000000000161e-02
2.098560000000000009e-02
2.484338999999999992e-02
2.934526999999999969e-02
3.358230000000000243e-02
3.476376999999999939e-02
3.357914000000000038e-02
3.187476000000000198e-02
3.322896000000000183e-02
3.216696000000000139e-02
2.550917000000000115e-02
2.247040000000000148e-02
2.007963999999999929e-02
1.887068999999999899e-02
1.874827999999999911e-02
1.864839000000000080e-02
1.868985000000000091e-02
1.924827000000000135e-02
2.010380999999999974e-02
2.091232000000000160e-02
2.158940999999999985e-02
2.032791000000000112e-02
1.953039999999999984e-02
1.909361000000000044e-02
1.884359999999999855e-02
1.893770999999999996e-02
1.837861999999999829e-02
1.883755999999999972e-02
1.888760000000000092e-02
1.797257000000000021e-02
1.849875999999999951e-02
1.843569999999999931e-02
1.801571000000000075e-02
1.796268999999999991e-02
1.819505000000000081e-02
1.851803999999999950e-02
1.868871999999999894e-02
1.823245000000000074e-02
1.746112000000000011e-02
1.715596999999999955e-02
1.815340999999999830e-02
1.871441000000000077e-02
1.849345000000000155e-02
1.802615000000000120e-02
1.795298999999999853e-02
1.819397000000000028e-02
1.811992000000000116e-02
1.849003999999999925e-02
1.893438000000000065e-02
1.828350999999999935e-02
1.794847000000000109e-02
1.802859999999999879e-02
1.852596000000000104e-02
1.884815000000000101e-02
1.900293999999999942e-02
1.851502000000000009e-02
1.798396999999999843e-02
1.793536999999999909e-02
1.821934999999999874e-02
1.809587000000000001e-02
1.816655000000000006e-02
1.792020999999999892e-02
1.586740999999999846e-02
