5.315522000000000302e-02
9.409538000000000624e-02
9.752911000000000219e-02
7.620068000000000674e-02
6.719430999999999321e-02
6.108972000000000013e-02
4.255045999999999828e-02
2.579725999999999894e-02
2.161425000000000152e-02
2.244844000000000006e-02
2.263520000000000115e-02
2.321787999999999977e-02
2.891671000000000172e-02
3.622849000000000208e-02
4.256404999999999911e-02
4.041685999999999890e-02
4.247950999999999810e-02
3.829359999999999709e-02
3.097785999999999942e-02
2.604392000000000165e-02
2.270401999999999837e-02
2.112429999999999863e-02
2.020227999999999954e-02
2.087819999999999954e-02
2.353252000000000121e-02
2.376048999999999869e-02
2.079572999999999838e-02
2.064161000000000121e-02
1.959889999999999896e-02
1.983661999999999925e-02
2.097890999999999992e-02
2.202940999999999927e-02
2.071018000000000164e-02
1.949168999999999902e-02
2.009208999999999995e-02
2.067905000000000090e-02
2.113349000000000130e-02
2.148993999999999904e-02
2.021012000000000156e-02
1.935831000000000010e-02
1.865027000000000004e-02
2.298611999999999878e-02
2.356203999999999937e-02
2.322996999999999909e-02
2.118845999999999924e-02
1.927894999999999956e-02
2.131693999999999950e-02
2.319167999999999924e-02
2.209921000000000108e-02
1.975433999999999871e-02
1.888075000000000170e-02
1.879627999999999854e-02
1.927856999999999835e-02
2.034483000000000125e-02
2.006033000000000122e-02
2.066112000000000157e-02
2.006838000000000025e-02
1.973178999999999905e-02
1.937169000000000044e-02
1.950740000000000113e-02
2.022714000000000109e-02
2.077236999999999834e-02
1.801671999999999996e-02
1.647128999999999954e-02
