1.731036999999999854e-02
1.846305000000000168e-02
1.842929000000000095e-02
1.812042999999999987e-02
1.844801999999999900e-02
2.045749999999999999e-02
2.218942999999999957e-02
2.243310999999999916e-02
2.165078000000000141e-02
1.944929999999999923e-02
1.813495999999999858e-02
1.851710000000000161e-02
2.059122000000000036e-02
2.133202000000000015e-02
2.083689999999999848e-02
1.971612999999999838e-02
1.853273000000000073e-02
1.889638999999999902e-02
2.029332999999999831e-02
2.087398999999999852e-02
2.057238000000000122e-02
2.025926999999999936e-02
2.074727999999999989e-02
2.005088999999999830e-02
2.146181999999999951e-02
2.263748000000000149e-02
2.027291999999999983e-02
1.915425999999999934e-02
1.880412000000000056e-02
1.924230999999999858e-02
1.965068000000000023e-02
1.937536999999999940e-02
2.000611000000000056e-02
2.198786999999999964e-02
2.417466000000000059e-02
2.222058999999999840e-02
2.124385999999999983e-02
2.045823999999999906e-02
2.053552000000000155e-02
2.057422000000000070e-02
1.999240999999999865e-02
2.098097000000000156e-02
2.275827999999999879e-02
2.508451999999999904e-02
2.588506000000000140e-02
2.758299000000000167e-02
3.378239000000000242e-02
3.208284000000000136e-02
2.483689000000000036e-02
2.198572999999999847e-02
2.189982000000000040e-02
3.063988000000000128e-02
3.627616000000000174e-02
5.088174000000000169e-02
6.121110999999999913e-02
6.925679999999999337e-02
7.450089999999999490e-02
7.130430999999999575e-02
7.027961000000000624e-02
6.067842999999999848e-02
4.646738000000000257e-02
3.517130999999999730e-02
2.380909000000000150e-02
1.735423999999999994e-02
