1.849960999999999967e-02
2.197100000000000095e-02
2.081705000000000014e-02
1.897528999999999882e-02
1.809130000000000113e-02
1.825745999999999966e-02
1.912068000000000101e-02
2.230199000000000070e-02
2.640121999999999955e-02
3.017685000000000159e-02
3.159010000000000290e-02
3.103985999999999898e-02
3.337807999999999747e-02
3.024601999999999846e-02
2.592790000000000025e-02
2.420469999999999913e-02
2.138844000000000162e-02
1.856599999999999917e-02
1.801445000000000130e-02
1.780340999999999868e-02
1.801107000000000055e-02
1.780964999999999979e-02
1.830299999999999983e-02
1.978119000000000058e-02
2.090577999999999881e-02
2.098573000000000105e-02
1.924970999999999974e-02
1.866005000000000094e-02
1.818455999999999892e-02
1.823090999999999948e-02
1.811795999999999893e-02
1.794758000000000117e-02
1.874982999999999858e-02
1.880568000000000170e-02
1.910324000000000050e-02
1.861120000000000135e-02
1.823908999999999947e-02
1.790773000000000018e-02
1.839411000000000171e-02
1.790419000000000038e-02
1.767749999999999877e-02
1.772897000000000015e-02
1.745172999999999863e-02
1.794277000000000025e-02
1.821876000000000051e-02
1.817803999999999948e-02
1.832469000000000112e-02
1.819080000000000003e-02
1.783929999999999891e-02
1.778089000000000058e-02
1.848634999999999862e-02
1.827138000000000026e-02
1.792836000000000082e-02
1.801142999999999841e-02
1.796607000000000065e-02
1.810348000000000165e-02
1.771361000000000116e-02
1.788616000000000164e-02
1.841660000000000172e-02
1.787298000000000012e-02
1.772079000000000015e-02
1.816832000000000169e-02
1.710383000000000042e-02
1.554427000000000066e-02
