2.989910999999999958e-02
4.690165000000000306e-02
3.541215999999999808e-02
2.482294999999999988e-02
2.002984999999999835e-02
2.144712000000000007e-02
3.811884000000000106e-02
6.915058000000000316e-02
8.996386000000000660e-02
1.120052599999999954e-01
1.277326300000000137e-01
1.264077899999999921e-01
1.351924499999999918e-01
1.094343100000000069e-01
6.405420000000000558e-02
5.361629999999999868e-02
3.794282999999999684e-02
2.357129000000000169e-02
2.025744000000000156e-02
2.196833999999999940e-02
2.139865999999999990e-02
2.409473000000000170e-02
2.785222000000000045e-02
3.708946999999999938e-02
4.519534000000000051e-02
4.205753999999999743e-02
3.078422999999999923e-02
2.441300999999999888e-02
2.173485000000000000e-02
2.204464999999999897e-02
2.376464000000000007e-02
2.256715999999999930e-02
2.245667999999999970e-02
2.563081999999999860e-02
2.513576000000000005e-02
2.415155999999999900e-02
2.147844999999999963e-02
2.054759999999999920e-02
2.167376999999999845e-02
2.034044000000000130e-02
1.996929999999999886e-02
1.947795999999999902e-02
1.946610999999999828e-02
2.063716000000000161e-02
2.231003000000000153e-02
2.342162999999999884e-02
2.213394999999999946e-02
2.102706000000000020e-02
2.012885000000000021e-02
2.109350000000000114e-02
2.471535000000000051e-02
2.540658000000000152e-02
2.382690999999999976e-02
2.024785999999999947e-02
1.961707000000000034e-02
1.955519999999999828e-02
1.901811000000000126e-02
2.210285000000000027e-02
2.403550999999999951e-02
2.271874000000000116e-02
2.146769000000000108e-02
2.186984999999999971e-02
1.866146999999999945e-02
1.669388000000000122e-02
