6.159975000000000173e-02
1.033691300000000035e-01
1.103211600000000014e-01
9.830344000000000582e-02
8.791984999999999384e-02
7.946670999999999596e-02
5.689517000000000185e-02
3.611489999999999839e-02
2.668788000000000063e-02
2.470046999999999868e-02
2.397109999999999866e-02
2.482467000000000007e-02
3.101411000000000098e-02
3.641453000000000051e-02
4.446035999999999738e-02
4.533991999999999883e-02
4.664771000000000195e-02
4.621436000000000294e-02
3.414128000000000301e-02
2.726328999999999905e-02
2.341083000000000053e-02
2.186338000000000170e-02
2.228234000000000117e-02
2.282135000000000066e-02
2.586197000000000149e-02
2.336556999999999870e-02
2.009172999999999862e-02
2.045825000000000074e-02
2.110021000000000119e-02
2.143574999999999994e-02
2.192863000000000104e-02
2.281415999999999999e-02
2.019767999999999911e-02
1.906758000000000064e-02
1.992636999999999881e-02
1.984964000000000173e-02
2.093955000000000122e-02
2.183991999999999878e-02
2.249034000000000103e-02
2.000431000000000084e-02
1.895060000000000147e-02
2.263470999999999886e-02
2.491080000000000030e-02
2.585306999999999883e-02
2.394247999999999862e-02
1.908997999999999945e-02
1.893993000000000065e-02
2.136303000000000160e-02
2.190117000000000105e-02
2.115347999999999881e-02
1.962977000000000125e-02
1.897949000000000164e-02
1.861782000000000020e-02
1.910946999999999993e-02
2.072469999999999868e-02
2.162423000000000123e-02
2.032963000000000131e-02
1.967628999999999906e-02
2.021009000000000000e-02
1.912024000000000015e-02
2.064012999999999959e-02
2.141062999999999994e-02
1.882953000000000057e-02
1.752768000000000034e-02
