2.649682000000000079e-02
2.740081000000000114e-02
2.620509000000000033e-02
2.064534000000000161e-02
2.150606000000000045e-02
2.231881000000000143e-02
2.273868000000000070e-02
2.253575000000000023e-02
2.684877999999999917e-02
3.123965000000000075e-02
3.419537999999999744e-02
4.275140999999999664e-02
4.219682000000000294e-02
3.806124999999999786e-02
3.116286000000000056e-02
2.091416999999999929e-02
1.969092999999999885e-02
2.662221999999999852e-02
4.321205999999999658e-02
6.681394999999999695e-02
8.969294999999999352e-02
1.060385300000000058e-01
9.406121000000000620e-02
8.158395000000000230e-02
6.987311999999999690e-02
5.157827000000000245e-02
3.365619000000000249e-02
2.326585999999999932e-02
2.110650999999999847e-02
2.149647999999999837e-02
2.672541000000000153e-02
3.114766000000000062e-02
3.042450000000000015e-02
4.194439999999999974e-02
3.971024000000000082e-02
3.647237999999999869e-02
3.466411999999999966e-02
2.759450000000000097e-02
2.411429000000000003e-02
2.420156999999999864e-02
2.495028999999999997e-02
2.646690999999999974e-02
2.395028000000000087e-02
2.016124999999999862e-02
2.046233999999999900e-02
2.128999999999999990e-02
2.029442999999999872e-02
1.875247999999999846e-02
1.971569000000000099e-02
2.207206000000000098e-02
2.409729999999999858e-02
2.283541000000000043e-02
1.981468000000000118e-02
1.916044000000000080e-02
2.002421999999999883e-02
2.221945999999999991e-02
2.234312000000000104e-02
2.500105000000000036e-02
2.604522000000000087e-02
2.487790999999999961e-02
2.049518000000000173e-02
1.909131000000000022e-02
1.979948000000000125e-02
1.712274999999999908e-02
