3.445466999999999974e-02
4.752374000000000182e-02
4.323322999999999749e-02
4.076562999999999715e-02
3.555414999999999964e-02
3.104629999999999890e-02
2.726897000000000001e-02
2.076271000000000019e-02
1.828234999999999930e-02
1.834817999999999866e-02
1.895917999999999909e-02
1.892525999999999931e-02
2.035063000000000150e-02
2.171980000000000091e-02
2.268202000000000065e-02
2.282448000000000116e-02
2.179296000000000011e-02
2.222787999999999847e-02
2.015822999999999920e-02
1.865406999999999829e-02
1.812719000000000136e-02
1.848402000000000031e-02
1.765159000000000172e-02
1.760990999999999945e-02
1.891015000000000057e-02
1.845905000000000115e-02
1.779905999999999849e-02
1.769530999999999882e-02
1.800086000000000047e-02
1.800124000000000168e-02
1.820584999999999912e-02
1.836343000000000003e-02
1.827994999999999967e-02
1.824933000000000111e-02
1.763386000000000120e-02
1.805019999999999888e-02
1.815142000000000144e-02
1.866980000000000028e-02
1.791039999999999993e-02
1.774196000000000106e-02
1.747568000000000038e-02
1.875972999999999877e-02
1.893821000000000046e-02
1.927167000000000116e-02
1.852229999999999849e-02
1.770706000000000016e-02
1.815229000000000148e-02
1.888443000000000066e-02
1.845033000000000090e-02
1.791335000000000149e-02
1.820329000000000044e-02
1.771841000000000041e-02
1.791898000000000102e-02
1.828484999999999833e-02
1.877198999999999882e-02
1.835706000000000143e-02
1.808333999999999983e-02
1.774687000000000139e-02
1.773086999999999927e-02
1.799105999999999969e-02
1.806342000000000017e-02
1.857937999999999951e-02
1.737798000000000120e-02
1.585939999999999919e-02
