1.953975000000000156e-02
2.073091999999999990e-02
2.256620999999999974e-02
2.388929999999999873e-02
2.538090000000000138e-02
2.384288000000000032e-02
2.088914999999999869e-02
1.856176999999999827e-02
2.066872000000000154e-02
2.533207000000000167e-02
2.706333000000000003e-02
2.330923999999999843e-02
2.050046000000000160e-02
2.119454999999999950e-02
2.086891999999999914e-02
2.336088000000000053e-02
2.763998999999999970e-02
2.725475999999999940e-02
2.238317000000000084e-02
2.069781999999999872e-02
2.236762000000000125e-02
2.587808000000000122e-02
2.873795999999999989e-02
2.403256999999999963e-02
2.023733999999999950e-02
2.102069999999999980e-02
2.506393999999999983e-02
2.979640000000000066e-02
2.524250000000000105e-02
2.140523999999999899e-02
2.374454999999999968e-02
2.565444000000000058e-02
3.005452999999999944e-02
3.354949000000000126e-02
3.022069000000000144e-02
2.566558000000000034e-02
2.707580000000000056e-02
3.351139999999999675e-02
3.670839000000000046e-02
2.793477000000000113e-02
2.511410999999999852e-02
3.276569000000000009e-02
4.794733000000000328e-02
5.558501999999999887e-02
4.901412000000000130e-02
3.469633999999999913e-02
2.655557000000000056e-02
2.692717999999999848e-02
4.582615999999999773e-02
8.319896000000000236e-02
1.223729000000000067e-01
1.479289699999999930e-01
1.816186200000000084e-01
2.314222499999999960e-01
2.239622000000000002e-01
1.732083000000000095e-01
1.270474600000000009e-01
1.070341300000000051e-01
7.910095000000000320e-02
4.755978999999999762e-02
2.974163999999999974e-02
2.169414999999999885e-02
2.021432999999999910e-02
1.947441999999999923e-02
