1.872661000000000117e-02
2.158070000000000127e-02
1.990511999999999837e-02
1.838247999999999965e-02
2.356404000000000137e-02
3.042720999999999967e-02
3.616865999999999831e-02
4.176776000000000100e-02
3.401434999999999875e-02
2.301486999999999977e-02
1.895211000000000118e-02
2.158884999999999971e-02
2.869038000000000144e-02
3.240511000000000086e-02
3.044401999999999872e-02
2.612659000000000162e-02
2.127710000000000018e-02
2.340932000000000082e-02
3.112256000000000050e-02
3.683257000000000198e-02
2.910567999999999836e-02
2.667264000000000093e-02
3.576474000000000319e-02
3.310297999999999713e-02
4.242611999999999772e-02
4.414904000000000051e-02
2.909145999999999954e-02
2.598417000000000088e-02
2.404598999999999973e-02
2.427421999999999913e-02
2.833969000000000071e-02
2.595541000000000167e-02
3.181004999999999944e-02
4.329100000000000309e-02
4.951316000000000050e-02
4.101300000000000084e-02
2.524859999999999952e-02
2.607649000000000078e-02
3.377097999999999905e-02
3.487064000000000136e-02
3.709455999999999865e-02
3.655405999999999933e-02
4.207373999999999836e-02
5.197878999999999694e-02
5.859365999999999880e-02
5.556495000000000184e-02
7.332850999999999952e-02
6.849655999999999800e-02
3.685622999999999677e-02
3.748438999999999938e-02
5.766053000000000150e-02
9.703736999999999779e-02
1.714573699999999978e-01
2.685921800000000137e-01
3.185723699999999936e-01
2.794492800000000221e-01
2.859612999999999738e-01
2.477806800000000031e-01
2.057900300000000127e-01
1.438661199999999862e-01
9.680091999999999863e-02
5.169228000000000017e-02
3.242839000000000138e-02
2.165600000000000164e-02
