3.220151999999999737e-02
2.580897000000000052e-02
2.128087999999999855e-02
3.104285999999999851e-02
6.167679999999999690e-02
5.467265000000000319e-02
4.104275000000000284e-02
6.108990000000000253e-02
8.691939999999999389e-02
1.357992100000000035e-01
1.441904499999999978e-01
1.076687100000000008e-01
7.988272999999999902e-02
2.257057999999999981e-02
2.156757000000000118e-02
5.966234000000000121e-02
1.127945300000000040e-01
1.846400599999999947e-01
3.642412400000000217e-01
4.225757099999999933e-01
4.510036399999999834e-01
4.131513800000000125e-01
3.297536099999999748e-01
1.616750799999999988e-01
8.907212999999999936e-02
3.647939000000000043e-02
2.064679000000000167e-02
2.059389000000000011e-02
2.486703999999999998e-02
2.482451000000000102e-02
3.477605000000000279e-02
5.535194000000000225e-02
9.709943000000000046e-02
1.560083499999999901e-01
1.077619100000000024e-01
4.678390999999999800e-02
3.261667000000000038e-02
3.459224000000000326e-02
3.960212999999999928e-02
4.429791999999999758e-02
3.709559999999999941e-02
3.869687000000000127e-02
2.343231000000000133e-02
2.436108000000000023e-02
2.025201000000000084e-02
2.219174999999999967e-02
2.381410999999999945e-02
2.003276000000000015e-02
2.553671999999999886e-02
2.246499000000000065e-02
2.278832000000000080e-02
3.329652000000000306e-02
4.230450999999999656e-02
4.090056999999999721e-02
2.090701999999999838e-02
2.588123000000000160e-02
3.137289000000000050e-02
1.912557999999999966e-02
2.046952999999999967e-02
2.167060000000000167e-02
3.260884000000000005e-02
2.116871999999999851e-02
3.095884999999999956e-02
2.319915999999999992e-02
