2.142468999999999971e-02
2.645685999999999871e-02
3.175681999999999811e-02
3.875105000000000216e-02
3.139457999999999832e-02
3.074338000000000071e-02
2.943789000000000128e-02
2.102853000000000014e-02
2.009603999999999904e-02
2.028440000000000104e-02
2.060011999999999954e-02
2.078220999999999888e-02
2.326717999999999842e-02
2.845090999999999939e-02
3.317246000000000083e-02
3.675015000000000226e-02
3.658398000000000205e-02
2.659163000000000152e-02
2.241900999999999963e-02
2.603120999999999907e-02
2.396751000000000090e-02
3.271078999999999654e-02
4.619718999999999909e-02
6.077692999999999984e-02
7.664701000000000153e-02
1.124868799999999974e-01
1.293373300000000004e-01
9.326007999999999520e-02
7.535186000000000661e-02
4.609611999999999737e-02
3.068283999999999942e-02
2.660428999999999919e-02
2.421550999999999912e-02
2.033402000000000126e-02
2.268144999999999883e-02
2.882840999999999876e-02
4.441843000000000180e-02
3.989266999999999813e-02
3.224592999999999904e-02
3.529941999999999802e-02
4.157936999999999744e-02
2.052137000000000058e-02
2.265732999999999983e-02
2.257473999999999939e-02
2.262861999999999860e-02
2.131272000000000028e-02
2.053972000000000089e-02
1.999584999999999904e-02
1.973526000000000100e-02
2.067195999999999964e-02
1.981389000000000067e-02
1.964948000000000042e-02
1.959928000000000017e-02
2.474360999999999922e-02
2.411711000000000063e-02
2.256402000000000060e-02
2.014586999999999975e-02
1.953912000000000010e-02
1.919995000000000035e-02
1.813595999999999958e-02
1.911989000000000050e-02
2.214535999999999935e-02
2.572829999999999909e-02
1.781456999999999832e-02
