1.869246000000000102e-02
2.402527999999999955e-02
2.960544000000000023e-02
3.785440000000000332e-02
4.444436999999999693e-02
4.581949999999999912e-02
5.118211000000000288e-02
4.510017000000000192e-02
4.044865000000000266e-02
4.412582999999999783e-02
3.912166999999999728e-02
2.642274000000000012e-02
2.247841000000000075e-02
2.001197000000000045e-02
1.996078999999999909e-02
1.975425000000000098e-02
2.020132999999999998e-02
2.169818000000000094e-02
2.209519999999999887e-02
2.320103000000000096e-02
2.622557000000000013e-02
2.787341999999999945e-02
2.247313999999999909e-02
2.074521000000000004e-02
1.958288000000000043e-02
1.989934999999999968e-02
2.000278000000000125e-02
2.037701000000000096e-02
2.098846000000000045e-02
1.994749999999999995e-02
1.858517000000000155e-02
1.885873000000000063e-02
1.843724999999999878e-02
1.841490999999999961e-02
1.780177999999999969e-02
1.792223999999999901e-02
1.880329000000000028e-02
1.905895999999999979e-02
1.908593000000000095e-02
1.849175000000000124e-02
1.874603000000000033e-02
1.875299000000000063e-02
1.874802000000000066e-02
1.808018000000000125e-02
1.811277999999999846e-02
1.871292999999999915e-02
1.859888000000000166e-02
1.840226999999999835e-02
1.844217999999999899e-02
1.842610999999999902e-02
1.817525000000000043e-02
1.776192999999999869e-02
1.831980000000000067e-02
1.949284999999999907e-02
1.945012000000000130e-02
1.940646999999999858e-02
1.875720999999999986e-02
1.803060999999999900e-02
1.810675999999999952e-02
1.835650000000000129e-02
1.830860999999999947e-02
1.873632999999999896e-02
1.769909000000000066e-02
1.617288000000000059e-02
