5.412888999999999895e-02
8.294395000000000240e-02
7.942214999999999692e-02
6.538953000000000126e-02
5.187015999999999849e-02
4.645737999999999951e-02
3.362496999999999708e-02
2.367469999999999991e-02
1.978908000000000056e-02
2.119971000000000008e-02
2.083356999999999917e-02
2.084246999999999836e-02
2.523337000000000149e-02
3.040653999999999926e-02
3.324979000000000129e-02
2.868808000000000122e-02
2.710747000000000156e-02
2.442924999999999958e-02
2.170563999999999827e-02
1.940276999999999974e-02
1.894148000000000012e-02
1.946182000000000120e-02
1.881533999999999984e-02
1.913074000000000024e-02
1.975228999999999874e-02
1.970457000000000111e-02
1.837607999999999950e-02
1.843608000000000052e-02
1.808291000000000065e-02
1.831295000000000145e-02
1.844089999999999965e-02
1.812526000000000068e-02
1.857839000000000018e-02
1.805773999999999921e-02
1.744524000000000075e-02
1.820841000000000126e-02
1.807560999999999890e-02
1.829253999999999949e-02
1.847872000000000056e-02
1.772231999999999974e-02
1.738674999999999943e-02
1.820835000000000162e-02
1.854733000000000076e-02
1.851683999999999969e-02
1.843240999999999977e-02
1.775020000000000070e-02
1.842550999999999911e-02
1.815773999999999860e-02
1.831585000000000157e-02
1.791500000000000037e-02
1.797798000000000104e-02
1.751584999999999948e-02
1.759503999999999929e-02
1.836153999999999911e-02
1.807484999999999994e-02
1.835109000000000046e-02
1.808815000000000076e-02
1.795071999999999987e-02
1.812307999999999975e-02
1.813535999999999968e-02
1.844230999999999995e-02
1.862714999999999857e-02
1.718354000000000062e-02
1.579401999999999889e-02
