1.646399999999999947e-02
1.869459999999999872e-02
2.269432000000000046e-02
2.802181000000000116e-02
3.376388000000000306e-02
4.179163999999999796e-02
4.380727999999999706e-02
4.593119999999999842e-02
4.501509000000000066e-02
4.627785999999999705e-02
4.019215000000000287e-02
3.136521999999999921e-02
2.679996999999999935e-02
2.210132000000000069e-02
1.947718999999999839e-02
1.909512999999999835e-02
1.835807999999999884e-02
1.856903000000000026e-02
1.880843000000000098e-02
1.987937999999999858e-02
2.221209000000000031e-02
2.282257000000000036e-02
2.088109999999999966e-02
2.059129000000000168e-02
2.017211000000000004e-02
1.993123999999999937e-02
1.966346000000000066e-02
1.937227999999999867e-02
1.931891000000000164e-02
1.869196999999999872e-02
1.839440999999999993e-02
1.865663999999999864e-02
1.872251000000000123e-02
1.837184999999999860e-02
1.778176999999999883e-02
1.813185000000000144e-02
1.874210000000000112e-02
1.929896000000000042e-02
1.851966999999999849e-02
1.763415000000000121e-02
1.748173000000000088e-02
1.882982999999999879e-02
1.918189000000000005e-02
1.877395999999999926e-02
1.831632999999999872e-02
1.771765999999999966e-02
1.825560000000000030e-02
1.815069000000000057e-02
1.872829000000000160e-02
1.943956000000000156e-02
1.847557999999999839e-02
1.778338000000000141e-02
1.753785999999999887e-02
1.940630999999999953e-02
1.983083000000000068e-02
1.942071999999999896e-02
1.881754000000000066e-02
1.791879000000000041e-02
1.767799000000000106e-02
1.821783999999999903e-02
1.810248999999999886e-02
1.919790000000000038e-02
1.792155999999999957e-02
1.574808999999999931e-02
