1.955696000000000170e-02
3.222795999999999994e-02
2.321731000000000142e-02
2.099360000000000115e-02
3.061770000000000116e-02
3.097951999999999997e-02
3.241716000000000042e-02
4.158529999999999865e-02
3.725048999999999721e-02
2.775036000000000169e-02
2.679433999999999982e-02
2.093928999999999929e-02
2.000143000000000060e-02
2.575799000000000144e-02
3.644344000000000056e-02
3.715518000000000293e-02
3.045493999999999979e-02
3.073259999999999881e-02
3.433811999999999975e-02
4.849093000000000153e-02
3.577782000000000184e-02
3.134979000000000238e-02
2.759514999999999885e-02
2.360840000000000161e-02
3.747991999999999990e-02
9.560731999999999564e-02
1.631597700000000095e-01
1.919563599999999925e-01
1.727275000000000060e-01
1.420498000000000038e-01
9.500152000000000596e-02
8.941979999999999373e-02
5.569177000000000155e-02
3.463014999999999843e-02
2.364940000000000098e-02
2.152781999999999960e-02
2.906496000000000079e-02
3.492148999999999948e-02
3.470208000000000320e-02
4.481373000000000301e-02
4.932676999999999895e-02
4.623155000000000320e-02
3.938318999999999848e-02
2.869307999999999928e-02
2.197371999999999867e-02
2.103348999999999844e-02
2.183304000000000147e-02
2.090291999999999845e-02
2.154102999999999921e-02
2.452804000000000095e-02
2.493698999999999916e-02
2.203366000000000005e-02
2.664408999999999875e-02
2.277921999999999933e-02
1.989834999999999868e-02
1.863452999999999984e-02
1.948350999999999902e-02
2.079933000000000129e-02
2.090219000000000105e-02
2.201505999999999949e-02
2.420527999999999916e-02
2.071550000000000127e-02
1.988672999999999830e-02
1.775981000000000087e-02
