1.663977000000000164e-02
1.832663000000000000e-02
1.822524999999999840e-02
1.829930999999999919e-02
1.825434999999999905e-02
1.819290999999999964e-02
1.753524000000000055e-02
1.814398999999999873e-02
1.951067999999999900e-02
1.928774999999999934e-02
1.941783000000000051e-02
1.982017999999999974e-02
1.818675999999999973e-02
1.906713999999999978e-02
1.848848000000000158e-02
1.929223999999999870e-02
2.027137999999999857e-02
1.895232000000000167e-02
1.916139000000000037e-02
2.011316999999999966e-02
2.194240999999999900e-02
2.445295999999999928e-02
2.279656999999999864e-02
1.969258000000000119e-02
2.082900000000000029e-02
2.369643000000000096e-02
2.635900000000000049e-02
3.617954999999999782e-02
4.498313000000000311e-02
5.523779000000000189e-02
6.065373999999999766e-02
6.276117000000000501e-02
5.955234999999999695e-02
4.538297000000000164e-02
2.858068000000000067e-02
2.440250999999999879e-02
2.173380000000000103e-02
1.872723000000000096e-02
2.005708000000000144e-02
2.100737999999999911e-02
2.191780000000000117e-02
2.576383000000000145e-02
2.832840999999999831e-02
2.786775999999999837e-02
2.573318999999999954e-02
2.259157999999999999e-02
1.948613999999999902e-02
1.952680000000000041e-02
2.029038999999999843e-02
2.078759999999999983e-02
2.160963000000000120e-02
1.979447000000000151e-02
2.074894999999999864e-02
1.970819000000000043e-02
1.993502999999999942e-02
2.055666000000000090e-02
2.079088999999999937e-02
1.913870999999999975e-02
1.888731000000000090e-02
2.087537999999999894e-02
2.185892000000000043e-02
1.924767000000000144e-02
1.847969000000000001e-02
1.635924000000000059e-02
