1.791068999999999994e-02
1.974462999999999913e-02
1.783739999999999978e-02
1.938704000000000122e-02
2.220897999999999969e-02
2.852785000000000043e-02
4.086804000000000131e-02
4.471038000000000096e-02
4.648506000000000166e-02
5.231823000000000029e-02
4.910471999999999754e-02
4.363848000000000033e-02
3.666036999999999768e-02
3.179665000000000269e-02
2.362956999999999905e-02
2.133958000000000035e-02
1.950576999999999867e-02
1.839831999999999926e-02
1.823135000000000033e-02
1.907381000000000007e-02
1.980060999999999974e-02
2.097057000000000088e-02
2.230323000000000028e-02
2.416298000000000057e-02
2.534008000000000094e-02
2.288134000000000001e-02
1.961974000000000010e-02
1.848063000000000136e-02
1.918252999999999972e-02
1.882278999999999897e-02
1.863392000000000173e-02
1.905650000000000052e-02
1.835791000000000159e-02
1.902012999999999968e-02
1.910529999999999867e-02
1.829031000000000060e-02
1.922764000000000070e-02
1.907516000000000073e-02
1.891345999999999999e-02
1.798877999999999935e-02
1.769122999999999876e-02
1.826314999999999883e-02
1.960804000000000019e-02
1.915862999999999941e-02
1.894677999999999987e-02
1.784488000000000046e-02
1.819445999999999911e-02
1.771963999999999831e-02
1.827078999999999856e-02
1.993717999999999879e-02
2.034201999999999885e-02
1.902585000000000040e-02
1.773194999999999980e-02
1.784014000000000086e-02
1.878691999999999862e-02
2.011972000000000066e-02
1.918703999999999896e-02
1.833314000000000124e-02
1.857734000000000121e-02
1.821406999999999887e-02
1.761961999999999903e-02
1.910061000000000050e-02
1.729980000000000059e-02
1.606872000000000161e-02
