3.719519000000000297e-02
5.641511999999999916e-02
4.866122999999999976e-02
3.910473999999999895e-02
2.979955999999999924e-02
2.624340999999999827e-02
2.273118999999999834e-02
1.984224999999999878e-02
1.869347999999999843e-02
1.939193999999999987e-02
1.932497000000000034e-02
1.940514000000000128e-02
2.157616000000000048e-02
2.663501999999999884e-02
2.875799000000000064e-02
2.691210999999999950e-02
2.421386000000000024e-02
2.200999000000000011e-02
2.030393999999999949e-02
1.957257000000000094e-02
1.923532000000000020e-02
1.949533999999999989e-02
1.800225000000000089e-02
1.836702999999999947e-02
2.046805999999999973e-02
1.971310999999999897e-02
1.924123000000000153e-02
1.955979999999999872e-02
1.920499000000000164e-02
1.878018999999999869e-02
1.911919999999999939e-02
1.935881000000000060e-02
1.977541999999999842e-02
1.916839000000000043e-02
1.873046999999999906e-02
1.873941000000000148e-02
1.951293999999999945e-02
2.012146000000000073e-02
1.919204000000000049e-02
1.921596999999999889e-02
1.862843999999999958e-02
1.981544000000000014e-02
2.126507999999999871e-02
2.120009999999999950e-02
2.074188000000000073e-02
1.943361999999999867e-02
2.173626999999999851e-02
2.249210000000000098e-02
2.025274000000000171e-02
1.877766000000000157e-02
1.902337999999999946e-02
1.872323000000000043e-02
1.975767999999999969e-02
2.033269999999999869e-02
2.033236000000000071e-02
1.904199000000000169e-02
1.891166000000000028e-02
1.914988999999999927e-02
1.896124999999999894e-02
1.976458999999999855e-02
2.030341999999999911e-02
1.967887999999999929e-02
1.735195999999999961e-02
1.643673999999999830e-02
