1.891326999999999939e-02
2.039354999999999987e-02
2.282496999999999998e-02
2.912166000000000060e-02
3.678055000000000213e-02
3.794559000000000126e-02
3.469789999999999680e-02
3.987568999999999836e-02
5.957566999999999724e-02
7.626632999999999329e-02
7.541554000000000313e-02
5.494468999999999742e-02
3.481138999999999761e-02
2.580756000000000022e-02
2.338938999999999949e-02
4.420928999999999831e-02
6.595489000000000213e-02
9.947432000000000496e-02
1.676036700000000101e-01
1.983515899999999943e-01
2.008336900000000091e-01
1.650284099999999865e-01
1.310918299999999925e-01
7.371247999999999689e-02
4.208462000000000314e-02
2.641019000000000005e-02
2.231583999999999998e-02
2.269612000000000018e-02
3.470176999999999984e-02
4.366914999999999686e-02
4.551257999999999693e-02
5.974776999999999866e-02
6.183989000000000152e-02
6.243819999999999926e-02
5.258946999999999927e-02
2.787175999999999890e-02
2.296470999999999929e-02
2.373087999999999934e-02
2.728712000000000151e-02
2.938663000000000039e-02
2.740669000000000091e-02
2.766982000000000122e-02
2.922925999999999996e-02
2.354950999999999919e-02
1.959173999999999985e-02
2.021560999999999844e-02
2.103661999999999893e-02
2.069116999999999831e-02
2.032489999999999991e-02
2.127547999999999939e-02
2.360088999999999937e-02
2.745370000000000102e-02
2.769191000000000014e-02
2.644708000000000128e-02
2.567712000000000119e-02
2.388950000000000101e-02
2.324178000000000008e-02
2.051096000000000169e-02
1.859912999999999844e-02
2.219217000000000065e-02
2.704447000000000101e-02
3.047195999999999932e-02
2.772020999999999860e-02
1.846806000000000142e-02
