2.018466000000000010e-02
2.191281000000000131e-02
2.079069000000000056e-02
1.822030999999999998e-02
1.899669000000000010e-02
1.966296000000000016e-02
2.068535999999999986e-02
2.001266000000000156e-02
1.911455999999999919e-02
1.893927999999999931e-02
1.831241999999999939e-02
1.874862999999999877e-02
1.948897000000000129e-02
2.176521000000000011e-02
2.106502999999999848e-02
2.112477000000000105e-02
1.940682999999999991e-02
2.021415000000000017e-02
2.058219999999999841e-02
2.305656999999999845e-02
2.150876999999999997e-02
1.934842999999999980e-02
2.469058000000000017e-02
2.730834000000000039e-02
2.734164000000000039e-02
3.046116000000000101e-02
2.376419000000000101e-02
1.935604000000000144e-02
1.890858999999999943e-02
2.134122999999999923e-02
2.441437999999999942e-02
3.112807000000000074e-02
3.216284999999999977e-02
3.271210000000000090e-02
4.016252000000000016e-02
3.857627999999999752e-02
3.471475000000000255e-02
3.008417999999999856e-02
2.068818999999999866e-02
2.222145999999999844e-02
3.703717000000000120e-02
6.642858999999999570e-02
9.618145999999999640e-02
1.101183599999999985e-01
1.126110099999999975e-01
1.048587299999999972e-01
9.679794999999999372e-02
7.951919000000000348e-02
5.290223000000000148e-02
2.858727000000000143e-02
2.275891999999999846e-02
2.179193999999999923e-02
1.963399000000000047e-02
2.695176999999999989e-02
3.585792000000000146e-02
3.478254000000000068e-02
3.427307000000000270e-02
3.385404999999999665e-02
3.942691000000000251e-02
4.534409999999999830e-02
3.992655999999999983e-02
3.207445999999999908e-02
2.444643999999999984e-02
1.827718999999999872e-02
