2.878553000000000014e-02
3.078774999999999915e-02
2.722002999999999923e-02
2.602880999999999945e-02
2.419411000000000131e-02
2.112143999999999827e-02
1.870787999999999965e-02
2.136537000000000158e-02
2.476625999999999828e-02
3.159167999999999699e-02
2.823428999999999869e-02
2.370038000000000006e-02
2.075292000000000109e-02
2.489243000000000011e-02
2.499470999999999984e-02
2.325935999999999976e-02
3.069384000000000001e-02
2.560006000000000087e-02
2.247688999999999937e-02
1.968241999999999908e-02
2.716963000000000017e-02
2.992873000000000061e-02
2.490799999999999959e-02
2.401570999999999914e-02
2.099341999999999875e-02
2.262255999999999989e-02
2.985675000000000134e-02
3.647915000000000185e-02
2.922020000000000173e-02
3.308465000000000017e-02
3.088308000000000025e-02
3.310992000000000102e-02
3.450323999999999752e-02
3.183282999999999946e-02
2.520545000000000077e-02
2.833313999999999971e-02
3.360019000000000200e-02
4.257255000000000067e-02
3.964908000000000321e-02
3.026935999999999863e-02
3.600695999999999758e-02
4.974640000000000312e-02
5.422356999999999871e-02
6.368343999999999394e-02
5.347348999999999852e-02
3.079051999999999831e-02
2.737904999999999853e-02
5.093352000000000296e-02
9.094011000000000455e-02
1.461221600000000009e-01
1.677450699999999961e-01
1.949454499999999924e-01
2.216429600000000000e-01
2.221397900000000036e-01
1.508755699999999866e-01
1.288185099999999972e-01
8.504130999999999496e-02
5.285287999999999792e-02
3.927251999999999826e-02
2.796181000000000014e-02
2.171889000000000111e-02
2.271238999999999897e-02
2.255499999999999866e-02
1.858587000000000086e-02
