1.671715000000000007e-02
1.904120000000000118e-02
2.386355999999999894e-02
2.757439000000000071e-02
3.332240000000000202e-02
2.672021999999999939e-02
1.939120000000000080e-02
1.969055999999999931e-02
2.026332000000000133e-02
2.066161000000000039e-02
2.313681999999999891e-02
2.264439000000000035e-02
2.042963999999999891e-02
1.837795000000000054e-02
1.980250999999999886e-02
2.270124999999999921e-02
2.089150000000000035e-02
2.077798000000000145e-02
2.054517999999999969e-02
2.500756000000000159e-02
3.427352000000000176e-02
3.444172000000000206e-02
2.882352999999999998e-02
2.372321000000000152e-02
2.000708000000000000e-02
2.118578999999999948e-02
2.938897999999999858e-02
2.895862000000000089e-02
2.469450000000000117e-02
2.785916000000000087e-02
3.130843999999999988e-02
4.058496000000000326e-02
3.668234000000000078e-02
2.591776000000000149e-02
2.187860000000000152e-02
2.287950999999999874e-02
3.432605999999999852e-02
6.828465000000000229e-02
1.044446799999999981e-01
1.137759599999999954e-01
1.251701299999999906e-01
1.276784099999999922e-01
1.019845199999999952e-01
6.790770000000000139e-02
4.381894000000000067e-02
2.713772999999999880e-02
2.087821000000000121e-02
1.955451000000000064e-02
1.975528999999999827e-02
2.245257999999999976e-02
2.671832999999999847e-02
3.562490000000000101e-02
4.506444999999999895e-02
4.666947999999999930e-02
5.263929999999999998e-02
5.383079000000000336e-02
3.685771999999999660e-02
2.567875000000000019e-02
2.202712000000000073e-02
1.937389999999999946e-02
1.957207999999999865e-02
2.288041999999999854e-02
2.183018999999999932e-02
1.756357999999999878e-02
