1.999632999999999966e-02
2.100064000000000097e-02
1.933667999999999845e-02
2.018744999999999915e-02
2.232744999999999869e-02
2.133540999999999910e-02
2.053295000000000120e-02
2.070086999999999969e-02
1.989114999999999980e-02
1.983361000000000152e-02
2.187400000000000108e-02
2.497013000000000010e-02
2.994720000000000021e-02
2.783278999999999961e-02
2.252086999999999839e-02
2.235264000000000001e-02
2.106434000000000084e-02
2.080163000000000151e-02
2.222181000000000156e-02
2.037976999999999844e-02
1.938439999999999955e-02
2.242272000000000015e-02
2.442822000000000049e-02
2.710388000000000033e-02
2.967227000000000059e-02
2.780439999999999995e-02
3.025923999999999975e-02
3.200606000000000284e-02
3.646408000000000288e-02
3.389994000000000340e-02
2.497573000000000154e-02
2.013852000000000003e-02
2.418779000000000068e-02
2.818787000000000029e-02
3.120213000000000153e-02
3.206781999999999688e-02
3.046764000000000069e-02
3.401455999999999924e-02
4.378378000000000131e-02
4.878939999999999666e-02
4.570736999999999717e-02
2.711244999999999974e-02
2.144247999999999987e-02
3.290705000000000019e-02
5.405642000000000086e-02
9.174791999999999670e-02
1.191336999999999952e-01
1.382627899999999965e-01
1.247332899999999967e-01
1.133028700000000000e-01
1.113158100000000011e-01
8.733042000000000582e-02
6.713346000000000591e-02
4.524634000000000295e-02
2.622615999999999836e-02
2.388217000000000118e-02
2.154162000000000091e-02
2.261940000000000131e-02
2.370111000000000093e-02
2.966074999999999962e-02
3.073408000000000043e-02
3.097716999999999832e-02
2.508403999999999842e-02
1.919509999999999966e-02
