1.650909999999999878e-02
1.868502000000000010e-02
2.032501000000000099e-02
2.611399999999999832e-02
3.293557999999999902e-02
3.607275000000000065e-02
3.938184000000000129e-02
4.171629000000000309e-02
4.076123999999999720e-02
4.220466999999999969e-02
3.792282000000000292e-02
3.018217999999999943e-02
2.616111999999999951e-02
2.184447000000000125e-02
1.941740999999999953e-02
1.843689000000000092e-02
1.813901000000000055e-02
1.834312999999999916e-02
1.905603999999999978e-02
2.024538000000000032e-02
2.139471000000000081e-02
2.277989000000000056e-02
2.144661999999999957e-02
2.089796999999999835e-02
2.047343999999999900e-02
1.997521999999999839e-02
1.919438999999999867e-02
1.901421999999999835e-02
1.902492999999999893e-02
1.861544999999999866e-02
1.827308000000000057e-02
1.830417000000000155e-02
1.830098999999999962e-02
1.830307999999999935e-02
1.785530999999999924e-02
1.805999999999999966e-02
1.864239999999999994e-02
1.913917999999999869e-02
1.882850000000000149e-02
1.740389000000000172e-02
1.741064999999999974e-02
1.851542999999999939e-02
1.921909999999999938e-02
1.919210999999999834e-02
1.810447000000000098e-02
1.795216000000000173e-02
1.809217000000000117e-02
1.799063999999999872e-02
1.910105999999999957e-02
1.953950000000000131e-02
1.902318999999999885e-02
1.800743999999999956e-02
1.770729000000000053e-02
1.891454999999999873e-02
1.935040000000000024e-02
1.997010000000000104e-02
1.880236999999999881e-02
1.758480000000000112e-02
1.779019999999999907e-02
1.767132000000000078e-02
1.778551999999999911e-02
1.970842999999999900e-02
1.833142999999999925e-02
1.590186999999999851e-02
