2.325788999999999981e-02
2.312459999999999863e-02
1.905435999999999935e-02
2.053044999999999870e-02
2.342243999999999923e-02
2.625745999999999983e-02
2.789196999999999857e-02
2.562319000000000055e-02
2.079577000000000161e-02
2.262721999999999997e-02
2.227049999999999863e-02
2.129137999999999864e-02
2.601409000000000013e-02
3.008206000000000074e-02
2.443394999999999942e-02
2.309633999999999993e-02
3.107603000000000101e-02
3.698705000000000048e-02
3.400366999999999973e-02
3.337949999999999945e-02
2.613332999999999975e-02
2.355327000000000115e-02
2.771180000000000171e-02
3.405988000000000071e-02
3.164812999999999654e-02
3.511365999999999793e-02
4.375972000000000195e-02
5.860194999999999987e-02
5.401939000000000046e-02
5.414986000000000105e-02
3.555751000000000051e-02
2.678171999999999844e-02
3.812146000000000284e-02
6.449939000000000366e-02
9.957225999999999577e-02
1.768354299999999879e-01
2.130519300000000005e-01
2.772769600000000167e-01
2.310897600000000052e-01
1.538817899999999905e-01
9.778686999999999796e-02
5.653178999999999843e-02
3.884901000000000326e-02
2.915873000000000076e-02
2.305139999999999967e-02
2.578369000000000147e-02
3.548575999999999814e-02
3.615157000000000093e-02
5.159812999999999900e-02
6.347379999999999689e-02
7.795359999999999789e-02
6.844086000000000614e-02
5.406162999999999941e-02
3.923908999999999730e-02
3.181913000000000102e-02
3.042639000000000107e-02
3.426440000000000041e-02
3.266253000000000212e-02
2.633651999999999868e-02
3.081820999999999866e-02
3.419052999999999676e-02
4.255111999999999783e-02
3.554732000000000031e-02
2.001235000000000167e-02
