1.712665999999999841e-02
1.867989000000000108e-02
1.903068000000000121e-02
2.045912999999999898e-02
2.160497000000000112e-02
2.292320000000000121e-02
2.241925999999999988e-02
2.305687000000000014e-02
2.005888999999999936e-02
1.814419999999999922e-02
1.759925000000000031e-02
1.859562999999999841e-02
1.975903999999999855e-02
2.215301000000000076e-02
2.255218999999999974e-02
2.337627000000000108e-02
2.253807000000000033e-02
2.251241999999999827e-02
2.622880000000000003e-02
2.865478000000000122e-02
2.633697999999999942e-02
1.970382999999999857e-02
2.033663999999999958e-02
2.610644000000000159e-02
3.729356999999999811e-02
4.953253999999999990e-02
5.646763999999999950e-02
6.266853999999999481e-02
6.084433000000000202e-02
4.293146999999999935e-02
3.512466000000000199e-02
2.928147999999999862e-02
2.284941000000000055e-02
1.893078000000000122e-02
1.891610999999999987e-02
1.895917000000000088e-02
2.068489000000000091e-02
2.363343000000000041e-02
2.333388999999999949e-02
2.461914000000000116e-02
2.383777000000000118e-02
2.350206999999999991e-02
2.190185000000000048e-02
1.867852000000000054e-02
1.800701999999999858e-02
1.835478000000000109e-02
1.902952999999999936e-02
1.902401000000000092e-02
1.867030999999999899e-02
1.972956999999999836e-02
1.923769999999999994e-02
1.845986000000000155e-02
1.905191999999999997e-02
1.964973999999999887e-02
1.817459000000000088e-02
1.835018999999999886e-02
1.789589999999999931e-02
1.845178999999999916e-02
1.911677999999999988e-02
1.879279999999999839e-02
1.918134000000000158e-02
1.874790999999999958e-02
1.734687000000000034e-02
1.618593999999999936e-02
