1.702878000000000031e-02
1.899220999999999895e-02
2.222365999999999925e-02
2.462732000000000115e-02
2.787009999999999835e-02
2.621590000000000031e-02
1.999692999999999957e-02
1.939671000000000103e-02
1.930155999999999886e-02
1.986856999999999859e-02
2.242832999999999979e-02
2.243016000000000107e-02
2.084824999999999873e-02
1.881597000000000131e-02
1.946758999999999989e-02
2.060207000000000011e-02
2.044046000000000057e-02
1.983321000000000042e-02
2.071016999999999997e-02
2.374613999999999892e-02
3.007434999999999969e-02
2.929135999999999893e-02
3.125991999999999660e-02
2.611725999999999978e-02
2.090929999999999872e-02
2.054239000000000065e-02
2.356342999999999979e-02
2.388685999999999934e-02
2.512413000000000146e-02
2.302973000000000173e-02
2.666390999999999900e-02
3.576001000000000180e-02
3.764920000000000072e-02
2.699522000000000033e-02
2.573001999999999928e-02
2.185225999999999835e-02
1.994208000000000092e-02
3.354432000000000247e-02
4.820877999999999969e-02
5.892805999999999739e-02
8.240445999999999882e-02
9.540977000000000485e-02
9.927729999999999888e-02
9.598452999999999846e-02
6.861330999999999680e-02
4.792836999999999792e-02
3.297681000000000223e-02
2.461790999999999979e-02
1.979908000000000015e-02
2.082037000000000124e-02
2.186075999999999991e-02
2.595333999999999836e-02
3.597422000000000120e-02
4.291827000000000142e-02
6.171700000000000103e-02
6.284328000000000136e-02
4.961333999999999883e-02
3.792360000000000175e-02
3.025399999999999964e-02
2.407259999999999955e-02
2.056563999999999962e-02
2.102611999999999884e-02
1.932833000000000120e-02
1.698434999999999875e-02
