2.684968999999999897e-02
3.596127999999999825e-02
4.458671000000000162e-02
4.999080000000000190e-02
4.164111999999999675e-02
3.503473000000000004e-02
4.130657000000000079e-02
2.708759999999999987e-02
2.879309000000000035e-02
2.734239000000000114e-02
2.532447000000000170e-02
1.988476000000000132e-02
1.881578000000000070e-02
1.896725000000000147e-02
1.921606000000000009e-02
1.913774999999999851e-02
2.001667000000000030e-02
2.077762000000000012e-02
2.041977000000000028e-02
2.073826000000000142e-02
2.201658000000000087e-02
2.041698999999999944e-02
1.829195999999999947e-02
1.806496000000000143e-02
1.813990000000000047e-02
1.820830000000000018e-02
1.825581999999999899e-02
1.900332000000000063e-02
1.862849000000000102e-02
1.824778999999999984e-02
1.750395000000000076e-02
1.758459000000000064e-02
1.785983999999999836e-02
1.799954999999999958e-02
1.767385000000000136e-02
1.774575000000000111e-02
1.788589999999999972e-02
1.850701999999999903e-02
1.921540999999999874e-02
1.955700000000000147e-02
1.904416000000000095e-02
1.951837000000000016e-02
1.861689000000000052e-02
1.889505000000000004e-02
2.018661999999999887e-02
2.063970999999999861e-02
1.983632000000000103e-02
1.833869000000000124e-02
1.814618999999999954e-02
1.787321999999999869e-02
1.881261999999999865e-02
1.921348999999999974e-02
1.994896999999999990e-02
2.039720999999999895e-02
2.007414999999999894e-02
1.885921999999999946e-02
1.916036999999999949e-02
2.161886000000000016e-02
1.982801999999999829e-02
1.948228999999999933e-02
1.893165999999999946e-02
1.841796000000000058e-02
1.734076999999999841e-02
1.639590000000000145e-02
