2.074530999999999945e-02
2.158403000000000058e-02
1.979538000000000131e-02
2.439391000000000129e-02
3.298101999999999978e-02
3.054954000000000003e-02
2.871388000000000065e-02
3.649870999999999671e-02
4.917177999999999827e-02
6.355893999999999433e-02
7.203848000000000196e-02
5.375732999999999900e-02
3.638351000000000085e-02
2.325477999999999920e-02
2.324384999999999993e-02
4.569175000000000320e-02
5.448610000000000259e-02
8.889434000000000224e-02
1.420647899999999964e-01
1.738304499999999975e-01
1.735624400000000123e-01
1.532514399999999888e-01
1.107954200000000056e-01
6.520929999999999782e-02
3.780406000000000044e-02
2.478156000000000109e-02
2.115208999999999839e-02
2.125849999999999962e-02
3.211024999999999990e-02
3.967613999999999863e-02
4.149183000000000038e-02
5.138569999999999943e-02
5.648140000000000105e-02
5.707961000000000285e-02
4.181375999999999843e-02
2.762873999999999886e-02
2.248827999999999938e-02
2.351386999999999922e-02
2.594451000000000049e-02
2.852659000000000097e-02
2.646454000000000167e-02
2.728854000000000002e-02
2.796188999999999966e-02
2.218633000000000063e-02
1.928095999999999977e-02
1.934260000000000146e-02
2.091751000000000027e-02
2.133873999999999840e-02
2.090979999999999922e-02
2.064447999999999978e-02
2.260724000000000067e-02
2.568791000000000130e-02
2.755049000000000040e-02
2.616788999999999921e-02
2.515828000000000161e-02
2.389430000000000026e-02
2.258160999999999849e-02
1.960318000000000130e-02
1.865286000000000027e-02
2.096920000000000034e-02
2.472780999999999937e-02
2.873908999999999839e-02
2.382468999999999906e-02
1.850825999999999860e-02
