2.524548999999999890e-02
2.903141000000000055e-02
2.082047999999999885e-02
2.064749000000000098e-02
2.169538000000000022e-02
2.282408000000000006e-02
2.275330000000000061e-02
2.474056000000000172e-02
2.406095000000000109e-02
2.025771000000000169e-02
2.059077999999999950e-02
2.793808000000000055e-02
3.470159999999999911e-02
3.310641999999999752e-02
2.743222000000000022e-02
2.033866999999999967e-02
1.918295000000000070e-02
2.012034999999999865e-02
2.895137999999999878e-02
2.443738000000000160e-02
2.074277999999999886e-02
2.233343999999999954e-02
2.491656000000000079e-02
3.093510000000000010e-02
3.578086999999999934e-02
3.001656000000000116e-02
2.645845999999999962e-02
2.941169000000000075e-02
4.044658999999999754e-02
4.879900000000000210e-02
3.637496999999999953e-02
1.954815999999999845e-02
2.099708000000000130e-02
2.775868999999999906e-02
3.219326000000000132e-02
3.681551000000000268e-02
3.588911999999999658e-02
3.308881000000000322e-02
4.700623999999999775e-02
5.869946999999999665e-02
6.306227000000000360e-02
4.533597000000000321e-02
2.871539999999999856e-02
3.246990999999999766e-02
6.975333999999999701e-02
1.289046399999999870e-01
1.793332800000000116e-01
2.146773200000000048e-01
2.043388200000000043e-01
1.787494000000000027e-01
1.944875100000000023e-01
1.517672100000000135e-01
1.106577700000000025e-01
7.166197000000000539e-02
3.561045000000000182e-02
2.660558000000000020e-02
2.325516999999999862e-02
2.544008999999999854e-02
2.783079999999999929e-02
3.260920999999999959e-02
3.898821000000000231e-02
4.440447000000000144e-02
3.508792000000000161e-02
2.139513999999999999e-02
