3.040665999999999855e-02
3.026119999999999852e-02
2.224341000000000165e-02
2.105301000000000047e-02
2.649108999999999839e-02
3.052024999999999877e-02
2.726256000000000165e-02
2.735454000000000011e-02
3.708013999999999755e-02
4.522895999999999861e-02
5.147265000000000174e-02
5.629942000000000280e-02
5.011067000000000299e-02
4.161495999999999945e-02
2.982144999999999935e-02
2.402053999999999995e-02
2.775802000000000130e-02
5.245636000000000049e-02
1.090201100000000034e-01
1.555438199999999993e-01
1.857553600000000082e-01
2.018855200000000127e-01
1.666791400000000034e-01
1.197455199999999942e-01
7.505053000000000418e-02
4.591760999999999759e-02
2.920837999999999907e-02
2.186973999999999863e-02
2.941324000000000022e-02
3.198468000000000144e-02
3.676568999999999671e-02
4.923609999999999792e-02
5.237382000000000148e-02
7.148996000000000517e-02
6.130925999999999737e-02
4.323170999999999958e-02
3.625707000000000235e-02
2.969155999999999879e-02
2.623862000000000069e-02
2.869500999999999996e-02
3.056605999999999906e-02
3.213470999999999689e-02
2.915741000000000166e-02
2.163767000000000121e-02
1.980581999999999829e-02
2.184718000000000077e-02
2.169298999999999880e-02
1.938849999999999948e-02
2.102091000000000029e-02
2.217621999999999996e-02
2.557374000000000105e-02
2.402286000000000005e-02
2.119153000000000009e-02
2.104487999999999845e-02
2.269169000000000047e-02
2.465691000000000063e-02
2.458965999999999930e-02
2.540945000000000009e-02
2.686397999999999911e-02
2.326564000000000063e-02
2.137050999999999881e-02
2.473043000000000116e-02
2.300071000000000060e-02
1.894705000000000000e-02
