1.735501000000000058e-02
1.886873999999999843e-02
1.809138999999999886e-02
1.772827000000000083e-02
1.793981999999999868e-02
2.024812999999999960e-02
2.178149000000000057e-02
2.209662999999999905e-02
2.139570000000000013e-02
1.958586000000000008e-02
1.881785000000000055e-02
1.823984000000000022e-02
1.883007999999999904e-02
1.930648999999999907e-02
2.160981999999999834e-02
2.106045999999999960e-02
1.906232999999999886e-02
1.855456999999999940e-02
1.936480999999999966e-02
1.974824999999999844e-02
2.082225000000000048e-02
2.167720999999999884e-02
2.073064000000000157e-02
1.991075000000000136e-02
2.114707999999999866e-02
2.115826999999999986e-02
2.086622999999999950e-02
2.024364999999999845e-02
1.924150000000000166e-02
1.828447999999999879e-02
1.971865000000000076e-02
2.043611999999999859e-02
1.982220999999999983e-02
2.014960999999999836e-02
2.181736000000000092e-02
2.107745999999999925e-02
2.182589999999999877e-02
2.167113999999999846e-02
1.981963999999999948e-02
1.871959000000000123e-02
1.886267999999999972e-02
1.998526000000000122e-02
2.288801000000000030e-02
2.417503000000000013e-02
2.336490999999999915e-02
2.592035999999999993e-02
3.324732999999999855e-02
3.153569999999999984e-02
2.710604000000000138e-02
2.307145000000000029e-02
2.165558999999999887e-02
2.354567000000000118e-02
2.756849999999999926e-02
4.789651000000000325e-02
5.654863999999999724e-02
6.132446999999999898e-02
7.119280000000000053e-02
7.508575000000000665e-02
7.473066000000000431e-02
6.609192999999999318e-02
5.218629999999999797e-02
3.987214000000000036e-02
2.780484999999999901e-02
1.746038000000000104e-02
