2.051367999999999941e-02
2.442100000000000173e-02
2.655315999999999926e-02
2.394359999999999891e-02
2.673315000000000066e-02
2.528572000000000111e-02
2.228799999999999878e-02
2.582100999999999841e-02
2.315007999999999996e-02
2.058520999999999962e-02
1.996672000000000030e-02
1.901910000000000059e-02
2.359914000000000109e-02
2.519949999999999968e-02
3.312679999999999791e-02
4.098779999999999785e-02
3.912957000000000241e-02
4.024662999999999852e-02
3.655068999999999679e-02
3.463589000000000251e-02
2.757023999999999933e-02
2.145147000000000026e-02
1.939538999999999846e-02
1.874320000000000153e-02
1.859324999999999867e-02
1.951810000000000003e-02
2.124505000000000143e-02
2.081840999999999900e-02
2.150461000000000039e-02
2.594288000000000149e-02
2.305192000000000005e-02
2.322942999999999883e-02
2.228441000000000102e-02
1.934003999999999932e-02
1.981671999999999947e-02
1.954762999999999987e-02
1.982182000000000041e-02
1.903604000000000060e-02
1.920834999999999904e-02
1.875123999999999888e-02
1.911273999999999959e-02
1.888449000000000030e-02
1.851517999999999914e-02
1.863203000000000081e-02
1.934108000000000008e-02
1.949667999999999887e-02
1.876939999999999859e-02
1.873220000000000093e-02
1.853607999999999992e-02
2.038910000000000028e-02
2.131894999999999971e-02
2.165778999999999968e-02
2.102104000000000125e-02
2.017862999999999948e-02
1.902883000000000005e-02
1.909158999999999856e-02
1.855501999999999846e-02
2.061908999999999964e-02
2.095684000000000088e-02
1.994902000000000133e-02
2.034416000000000002e-02
2.032952999999999844e-02
1.845199999999999965e-02
1.742907999999999957e-02
