1.884047000000000152e-02
2.227758000000000169e-02
2.416690000000000157e-02
3.233144000000000295e-02
4.212931000000000314e-02
3.758095999999999659e-02
3.318097999999999881e-02
4.070112000000000035e-02
5.634531999999999735e-02
7.762278999999999707e-02
8.052703999999999418e-02
5.043294999999999723e-02
3.511709999999999832e-02
2.453359000000000095e-02
2.753620999999999847e-02
5.209940999999999878e-02
7.367653000000000396e-02
1.175674300000000005e-01
1.630040600000000062e-01
1.983836999999999962e-01
1.906412399999999896e-01
1.656328699999999876e-01
1.218245800000000018e-01
6.968030999999999531e-02
4.049520000000000203e-02
2.387088000000000057e-02
2.080020000000000133e-02
2.163926999999999864e-02
3.878654000000000129e-02
4.645778999999999881e-02
4.702424000000000187e-02
5.951126999999999806e-02
6.620349999999999846e-02
6.397630999999999457e-02
5.194635999999999698e-02
2.875335999999999864e-02
2.397016999999999898e-02
2.459580999999999920e-02
2.860986000000000085e-02
2.918870000000000145e-02
2.710900999999999936e-02
2.877758000000000052e-02
2.850306000000000020e-02
2.260378999999999861e-02
1.971391000000000115e-02
1.990729999999999930e-02
2.088635999999999965e-02
2.157436999999999896e-02
2.071438999999999919e-02
2.106082000000000093e-02
2.367249000000000089e-02
2.670062000000000130e-02
2.780952000000000077e-02
2.699357000000000145e-02
2.506260999999999906e-02
2.413527999999999854e-02
2.340431000000000109e-02
2.074909000000000128e-02
1.948263999999999899e-02
2.196342999999999906e-02
2.619596999999999898e-02
3.026211999999999999e-02
2.835908999999999999e-02
1.882249000000000075e-02
