3.892549000000000009e-02
4.362600999999999979e-02
2.791236000000000064e-02
2.499308000000000085e-02
2.624117000000000116e-02
2.868348999999999899e-02
3.097669999999999937e-02
3.582612999999999770e-02
4.736988000000000310e-02
2.895423000000000094e-02
2.760651999999999898e-02
3.565110999999999974e-02
6.235567999999999667e-02
6.507127000000000050e-02
4.338402999999999704e-02
2.177016000000000021e-02
2.063061999999999882e-02
2.592208000000000012e-02
4.650369000000000030e-02
4.108122000000000162e-02
2.711515000000000106e-02
3.368764999999999954e-02
3.344267000000000073e-02
5.871401999999999871e-02
5.548659000000000230e-02
4.259828000000000225e-02
3.026968999999999840e-02
4.109490999999999838e-02
7.132080000000000364e-02
1.068450900000000037e-01
6.293551999999999480e-02
2.385210000000000108e-02
2.289845000000000075e-02
2.872521000000000102e-02
5.021673000000000109e-02
5.377102000000000270e-02
5.360598999999999920e-02
5.588958000000000120e-02
6.455286000000000357e-02
9.784858999999999918e-02
9.958875999999999840e-02
7.104744000000000337e-02
3.452538000000000135e-02
3.560390000000000083e-02
6.393582999999999905e-02
1.566702000000000095e-01
1.793491200000000008e-01
2.261221099999999873e-01
2.331811199999999917e-01
2.134711999999999998e-01
2.205672999999999939e-01
1.959649800000000108e-01
1.384968900000000114e-01
8.775872999999999313e-02
5.363957999999999920e-02
3.326130000000000059e-02
2.275666999999999968e-02
2.280824999999999866e-02
2.537982000000000085e-02
2.567387000000000141e-02
2.702910999999999855e-02
3.135744000000000031e-02
2.635778000000000079e-02
1.972501999999999936e-02
