1.676715999999999970e-02
2.119851000000000027e-02
2.248108999999999871e-02
2.269492000000000037e-02
2.130525999999999948e-02
2.203886999999999860e-02
1.908554999999999974e-02
1.864646999999999832e-02
2.061808000000000043e-02
2.308398000000000047e-02
2.417907999999999863e-02
2.184927999999999870e-02
1.934191999999999856e-02
2.010920000000000069e-02
2.038498000000000046e-02
2.216096999999999859e-02
2.639549999999999882e-02
2.410148999999999972e-02
1.998992000000000130e-02
1.906911000000000023e-02
2.108888999999999903e-02
2.423078000000000037e-02
2.354888999999999941e-02
1.965690000000000145e-02
1.866005000000000094e-02
2.012076000000000142e-02
2.292463999999999960e-02
2.669904999999999848e-02
2.288412999999999906e-02
2.343376000000000139e-02
2.579501999999999837e-02
2.804448000000000010e-02
2.973883000000000082e-02
2.923790999999999890e-02
2.406863999999999879e-02
2.193760999999999975e-02
2.864059000000000049e-02
3.705092000000000108e-02
3.278534999999999783e-02
2.608774000000000162e-02
2.675786000000000137e-02
2.999057999999999932e-02
3.766305999999999821e-02
4.405226999999999754e-02
3.543687000000000226e-02
2.510630999999999974e-02
2.280072000000000002e-02
2.779968999999999843e-02
4.076061000000000267e-02
9.697153999999999496e-02
1.198310900000000012e-01
1.248293500000000056e-01
1.380182799999999932e-01
1.564157899999999990e-01
1.406533399999999878e-01
1.072156999999999971e-01
8.001956999999999820e-02
6.445713000000000137e-02
4.740323999999999927e-02
3.534427999999999875e-02
2.594439999999999941e-02
2.244080999999999854e-02
2.080171999999999924e-02
1.890274000000000121e-02
