1.986550000000000121e-02
3.405471999999999666e-02
3.804202000000000278e-02
3.521958000000000033e-02
4.512320999999999693e-02
4.377107999999999693e-02
2.774961000000000094e-02
2.032047999999999841e-02
2.620298000000000072e-02
3.171981000000000106e-02
5.071413000000000310e-02
8.744287000000000587e-02
1.109344300000000005e-01
1.211394100000000029e-01
1.217139700000000047e-01
1.214379299999999995e-01
1.128266099999999938e-01
6.685145000000000670e-02
3.677783999999999914e-02
2.461676000000000142e-02
2.125967000000000134e-02
2.066381999999999941e-02
2.122643000000000099e-02
2.395699000000000092e-02
2.847347000000000072e-02
3.090472999999999831e-02
4.041058000000000150e-02
4.286559000000000202e-02
3.402582999999999996e-02
3.137589999999999824e-02
2.596922000000000119e-02
2.333116000000000009e-02
2.873117000000000032e-02
2.788540999999999936e-02
2.621735000000000038e-02
2.652347999999999859e-02
2.272998000000000032e-02
2.006325000000000122e-02
2.202317999999999984e-02
2.157699999999999896e-02
1.964876999999999943e-02
1.898961000000000052e-02
1.992680000000000146e-02
2.033480999999999830e-02
2.006569000000000061e-02
1.889613000000000056e-02
2.042435000000000084e-02
2.478520000000000029e-02
2.569491000000000136e-02
2.519106999999999943e-02
2.188889000000000112e-02
1.925773000000000068e-02
1.951858000000000065e-02
2.262110999999999983e-02
2.188468000000000011e-02
2.208281000000000133e-02
2.239881000000000164e-02
1.944861999999999980e-02
1.817861000000000130e-02
2.256634999999999891e-02
2.311925000000000091e-02
2.244869000000000031e-02
2.003941000000000056e-02
1.696564999999999879e-02
