2.252807000000000073e-02
3.133509000000000294e-02
4.176847000000000198e-02
4.042922000000000182e-02
4.256286000000000097e-02
4.106533999999999879e-02
3.745889000000000163e-02
2.744807999999999970e-02
2.227954999999999866e-02
2.158105000000000093e-02
2.000980000000000120e-02
1.892370000000000163e-02
1.859279000000000140e-02
2.120889999999999928e-02
2.180224000000000051e-02
2.197657000000000083e-02
2.353401000000000104e-02
2.656381000000000020e-02
2.418344999999999870e-02
2.095920000000000075e-02
2.104438999999999962e-02
1.912055000000000005e-02
1.834072999999999953e-02
1.880437999999999901e-02
1.893979000000000149e-02
1.968086000000000141e-02
1.837659000000000167e-02
1.834469000000000030e-02
1.867546999999999957e-02
1.880071999999999993e-02
1.829433000000000101e-02
1.826606000000000063e-02
1.908332999999999904e-02
1.850589000000000053e-02
1.819356000000000098e-02
1.818610000000000018e-02
1.820536999999999850e-02
1.853882000000000099e-02
1.864183000000000159e-02
1.822166999999999884e-02
1.802621999999999905e-02
1.858933000000000113e-02
1.832840000000000164e-02
1.839214000000000127e-02
1.877732000000000012e-02
1.900779000000000010e-02
1.803284999999999957e-02
1.833569000000000171e-02
1.803242999999999860e-02
1.855889000000000150e-02
1.848297000000000134e-02
1.887511999999999870e-02
1.915491000000000069e-02
1.875065000000000065e-02
1.885488000000000094e-02
1.865937000000000151e-02
1.908491999999999827e-02
1.945380999999999846e-02
1.913685000000000039e-02
1.878387999999999933e-02
1.792356000000000157e-02
1.818534999999999943e-02
1.693433999999999912e-02
1.640381000000000131e-02
