2.291222999999999871e-02
2.324951999999999921e-02
1.921449999999999894e-02
1.977156000000000052e-02
2.278225000000000042e-02
2.366062000000000026e-02
2.115761000000000031e-02
2.167360999999999940e-02
2.149037000000000169e-02
1.989169999999999827e-02
2.006532000000000107e-02
2.372892999999999877e-02
3.084531000000000078e-02
3.120318000000000050e-02
2.368769000000000083e-02
2.107136000000000078e-02
2.027794999999999945e-02
2.127273999999999832e-02
2.599026000000000114e-02
2.202760999999999955e-02
1.914822000000000052e-02
2.109781000000000156e-02
2.389718000000000050e-02
2.830693000000000098e-02
2.994872999999999980e-02
2.239338999999999913e-02
2.558140999999999887e-02
3.007792000000000104e-02
3.677393999999999802e-02
3.981459999999999860e-02
2.549283000000000105e-02
1.986800000000000024e-02
1.910330000000000014e-02
2.347097000000000072e-02
3.563610999999999862e-02
3.984685000000000310e-02
3.413970000000000199e-02
3.217330000000000190e-02
3.489653000000000199e-02
3.936542999999999987e-02
4.654550999999999827e-02
3.590640999999999972e-02
2.491445000000000118e-02
2.334125000000000089e-02
2.793071999999999916e-02
4.553771999999999681e-02
8.878656000000000048e-02
1.344125899999999985e-01
1.460933799999999949e-01
1.440680000000000016e-01
1.086611400000000033e-01
9.672748999999999930e-02
8.852261000000000157e-02
7.280436999999999326e-02
4.203389999999999904e-02
2.481066999999999995e-02
2.184480999999999923e-02
2.136087000000000055e-02
2.466302999999999898e-02
2.254292000000000101e-02
2.386082999999999954e-02
2.513864999999999850e-02
2.048944999999999933e-02
1.796437000000000034e-02
