1.657702999999999954e-02
1.967334999999999917e-02
2.540772999999999990e-02
3.556240000000000095e-02
4.018212000000000172e-02
4.440415000000000334e-02
4.673494999999999733e-02
4.544905999999999946e-02
4.297499999999999931e-02
4.464362000000000191e-02
3.577719000000000038e-02
2.967739000000000141e-02
2.553566999999999990e-02
2.060622000000000148e-02
1.868825000000000000e-02
1.909591000000000066e-02
2.096384000000000095e-02
2.156736000000000070e-02
2.252952999999999900e-02
2.521639000000000172e-02
3.018325999999999995e-02
3.074783000000000030e-02
2.702977999999999978e-02
2.565827000000000038e-02
2.401071999999999929e-02
2.336521999999999905e-02
2.201147999999999993e-02
2.196230999999999878e-02
2.338457000000000036e-02
2.304354000000000124e-02
2.057903000000000163e-02
2.176074999999999884e-02
2.049870000000000164e-02
2.132679000000000172e-02
1.963327999999999948e-02
2.035208000000000156e-02
2.183358999999999994e-02
2.386871000000000131e-02
2.013666999999999888e-02
1.866541000000000033e-02
1.857454000000000049e-02
2.255984000000000114e-02
2.339801000000000034e-02
2.225865000000000135e-02
1.960367999999999833e-02
1.914715999999999987e-02
1.921702000000000132e-02
1.907334000000000113e-02
2.290839999999999890e-02
2.190620000000000067e-02
2.032905999999999949e-02
1.872663999999999926e-02
1.828758999999999940e-02
1.944596000000000172e-02
2.071626000000000023e-02
2.146833999999999895e-02
2.024166999999999980e-02
1.810457000000000038e-02
1.799960000000000102e-02
1.856259000000000034e-02
1.875165999999999986e-02
2.074319999999999983e-02
1.928068000000000143e-02
1.639192999999999900e-02
