2.739994000000000110e-02
3.571835000000000288e-02
2.508613000000000162e-02
2.250069999999999848e-02
2.254694999999999963e-02
2.623779999999999862e-02
2.568888000000000074e-02
2.990022000000000166e-02
3.571919999999999956e-02
3.889829999999999677e-02
4.826164000000000148e-02
5.031191000000000135e-02
4.902474999999999888e-02
4.365027999999999964e-02
3.233733999999999914e-02
2.214315000000000033e-02
2.354256000000000057e-02
4.400865000000000332e-02
8.663492000000000415e-02
1.244258800000000026e-01
1.636075399999999958e-01
1.766741000000000006e-01
1.390726100000000132e-01
1.103981700000000038e-01
7.598222999999999783e-02
5.264208000000000082e-02
3.570882000000000223e-02
2.706940000000000041e-02
2.607711999999999877e-02
2.662443999999999922e-02
2.776179000000000147e-02
4.199776999999999677e-02
4.949789000000000272e-02
5.627203000000000066e-02
5.515781000000000156e-02
3.904019999999999713e-02
3.523247999999999658e-02
2.892319000000000140e-02
2.497084000000000109e-02
2.659952000000000150e-02
2.634486000000000119e-02
2.752715999999999844e-02
2.711171000000000067e-02
2.078264999999999973e-02
1.970834000000000127e-02
2.088780000000000150e-02
2.072357999999999839e-02
1.886064999999999964e-02
2.068835000000000118e-02
2.187911000000000022e-02
2.454150000000000081e-02
2.400872000000000075e-02
2.011438000000000115e-02
2.040449000000000082e-02
2.150936000000000167e-02
2.415240999999999916e-02
2.309121999999999911e-02
2.341431999999999888e-02
2.664841999999999905e-02
2.313774999999999860e-02
2.044357000000000119e-02
2.319111000000000089e-02
2.124217000000000119e-02
1.836542000000000036e-02
