2.805846000000000035e-02
4.187636000000000136e-02
3.052517999999999898e-02
2.679838999999999832e-02
2.360653999999999877e-02
2.107631000000000088e-02
2.273800000000000127e-02
3.485031000000000240e-02
5.087455999999999923e-02
7.209767999999999732e-02
7.857761000000000606e-02
8.553756999999999333e-02
8.485729999999999662e-02
7.235885000000000233e-02
6.276189999999999547e-02
5.074027999999999872e-02
3.349318999999999907e-02
2.509851000000000096e-02
2.191072000000000158e-02
2.016460999999999948e-02
1.964857999999999882e-02
2.148200999999999930e-02
2.592291000000000040e-02
3.112327999999999970e-02
3.711252000000000301e-02
3.762008000000000019e-02
2.947347000000000161e-02
2.488813999999999957e-02
2.103802000000000103e-02
2.028150000000000092e-02
2.176973999999999923e-02
2.130533000000000080e-02
2.446003999999999887e-02
2.414397999999999891e-02
2.543735000000000093e-02
2.399609000000000117e-02
2.036699000000000148e-02
1.983002000000000029e-02
1.959402999999999839e-02
1.928534000000000151e-02
1.956474000000000060e-02
1.937708999999999959e-02
1.848411000000000151e-02
1.888137999999999969e-02
1.973936000000000093e-02
1.977111000000000146e-02
2.192937999999999832e-02
2.356665000000000149e-02
2.168861000000000053e-02
2.033099000000000017e-02
1.911266999999999827e-02
1.909896000000000163e-02
2.085704000000000030e-02
2.175043999999999936e-02
1.988306000000000101e-02
1.943138999999999977e-02
1.869207999999999981e-02
1.918482000000000173e-02
1.969958000000000126e-02
2.058439000000000102e-02
2.112009999999999929e-02
2.033259999999999929e-02
1.867055000000000103e-02
1.652324999999999974e-02
