2.503464999999999857e-02
3.492166000000000020e-02
4.016085999999999961e-02
4.714564999999999728e-02
4.411802000000000085e-02
3.637685999999999698e-02
2.972288999999999834e-02
2.227799999999999919e-02
2.338304999999999897e-02
2.562806000000000112e-02
2.569371000000000155e-02
2.657906999999999978e-02
2.912767000000000134e-02
4.554584999999999884e-02
5.455440999999999763e-02
5.813321999999999934e-02
6.045703999999999662e-02
5.302670999999999774e-02
3.812109000000000331e-02
3.212373999999999785e-02
3.338163000000000241e-02
8.072553999999999841e-02
1.259044400000000063e-01
1.607538199999999917e-01
2.185712300000000052e-01
2.411138300000000012e-01
1.983541699999999963e-01
1.656823600000000007e-01
1.175338300000000058e-01
6.321438000000000057e-02
3.451457000000000136e-02
2.322729000000000113e-02
2.512175999999999992e-02
2.649980999999999864e-02
3.454708000000000084e-02
3.624130999999999880e-02
4.450520000000000170e-02
6.188438999999999746e-02
5.788843999999999934e-02
3.988773000000000318e-02
3.150706999999999813e-02
2.507935999999999846e-02
2.258939999999999906e-02
2.671486000000000000e-02
3.123004999999999878e-02
2.825108999999999954e-02
2.449718999999999855e-02
2.903582999999999859e-02
2.733301000000000133e-02
2.396399000000000098e-02
2.031687999999999897e-02
1.999269000000000046e-02
2.085992000000000055e-02
2.916890000000000108e-02
3.343540999999999874e-02
3.019900000000000015e-02
2.178802999999999990e-02
2.388455999999999912e-02
2.568248999999999879e-02
2.724715999999999944e-02
2.871835000000000013e-02
3.343398999999999677e-02
3.174865999999999799e-02
1.912101999999999899e-02
