1.887339000000000030e-02
1.961917999999999995e-02
1.966719999999999927e-02
2.015213999999999894e-02
2.025011000000000172e-02
1.936931000000000069e-02
1.864236999999999839e-02
1.935306999999999999e-02
2.138953000000000035e-02
2.106517000000000112e-02
2.077108000000000079e-02
2.122430999999999970e-02
1.948288000000000103e-02
1.858475999999999878e-02
2.051392999999999966e-02
2.316719000000000070e-02
2.315914000000000167e-02
2.063384000000000051e-02
1.913921999999999846e-02
1.893846000000000071e-02
2.221630999999999953e-02
2.719347000000000084e-02
2.629482000000000000e-02
2.150718999999999895e-02
1.901131000000000001e-02
2.003788000000000097e-02
2.122221999999999997e-02
2.226705000000000004e-02
2.177079999999999987e-02
1.896820999999999924e-02
1.861167999999999850e-02
1.968616000000000116e-02
2.068224000000000104e-02
2.055515000000000120e-02
1.921517999999999837e-02
1.949595999999999968e-02
2.152313999999999963e-02
2.346068999999999932e-02
2.236263999999999960e-02
1.982944999999999847e-02
1.924075999999999911e-02
1.927759999999999890e-02
2.122974999999999862e-02
2.336581000000000075e-02
2.447904000000000052e-02
2.435280999999999904e-02
2.635532000000000152e-02
2.610675000000000148e-02
2.532376000000000071e-02
2.404815000000000078e-02
2.514730000000000090e-02
2.573523000000000130e-02
2.289058999999999885e-02
3.173350999999999950e-02
3.651242999999999850e-02
4.329323000000000199e-02
5.432167999999999719e-02
6.731191999999999731e-02
7.802135000000000320e-02
7.887286999999999770e-02
8.006038999999999517e-02
4.300062999999999802e-02
3.064737666666666679e-02
1.829412333333333557e-02
