1.784604999999999872e-02
2.018823000000000145e-02
2.152754000000000126e-02
2.353068000000000173e-02
2.491594000000000100e-02
2.236486000000000030e-02
2.051557999999999854e-02
1.928192999999999921e-02
2.060199999999999879e-02
2.405474999999999974e-02
2.855656000000000166e-02
2.931444000000000064e-02
3.183745000000000325e-02
3.120384000000000005e-02
2.593697000000000016e-02
2.711788000000000046e-02
2.467708000000000054e-02
2.087939000000000114e-02
2.275873999999999953e-02
2.409160000000000121e-02
2.047043000000000126e-02
2.671025999999999956e-02
2.999401999999999971e-02
3.424989999999999979e-02
3.879379000000000161e-02
4.030973999999999668e-02
5.068613999999999759e-02
4.569633000000000028e-02
4.581753000000000214e-02
4.302307999999999827e-02
2.826835000000000112e-02
2.427860999999999908e-02
3.740882000000000235e-02
4.421946000000000210e-02
5.003943000000000280e-02
4.660067999999999849e-02
4.779730000000000090e-02
6.394181999999999644e-02
7.419212000000000029e-02
8.043580999999999648e-02
6.042861000000000066e-02
4.378531000000000090e-02
6.649144999999999361e-02
1.002126400000000056e-01
1.647189099999999962e-01
2.334464499999999998e-01
2.685936700000000066e-01
2.683264899999999731e-01
2.188287700000000058e-01
1.594872599999999918e-01
1.581872000000000000e-01
1.008351900000000051e-01
6.170098999999999723e-02
4.258664999999999673e-02
1.905224000000000154e-02
2.297661999999999968e-02
2.478680000000000119e-02
3.264577999999999924e-02
3.703031999999999851e-02
6.391895999999999689e-02
5.631946000000000174e-02
5.627726000000000256e-02
3.571628000000000303e-02
2.065871000000000027e-02
