3.602357999999999949e-02
7.310437999999999659e-02
7.420818999999999332e-02
7.680417999999999967e-02
6.510024000000000366e-02
6.542494000000000087e-02
4.938515999999999739e-02
3.769854999999999734e-02
2.740112000000000103e-02
2.479382999999999934e-02
2.327026999999999915e-02
2.040422999999999890e-02
2.194062000000000096e-02
2.538516000000000036e-02
2.833901000000000128e-02
2.894147999999999860e-02
3.220913000000000248e-02
3.860418000000000183e-02
2.944118999999999903e-02
2.549647000000000024e-02
2.186286000000000132e-02
2.010823000000000124e-02
1.902681000000000164e-02
2.033236000000000071e-02
2.179557999999999843e-02
2.113413999999999918e-02
1.894660999999999915e-02
1.897636000000000114e-02
1.974468999999999877e-02
2.009371000000000074e-02
1.983707999999999999e-02
1.999302999999999844e-02
1.933100999999999917e-02
1.845574999999999993e-02
1.802087000000000133e-02
1.777068000000000050e-02
1.837509000000000017e-02
2.031967000000000148e-02
2.165871000000000116e-02
1.987128999999999979e-02
1.800538000000000138e-02
2.043566000000000132e-02
2.237986000000000142e-02
2.350477000000000122e-02
2.322973999999999872e-02
1.915671999999999861e-02
1.855259000000000075e-02
1.951815000000000147e-02
2.016416999999999862e-02
1.971803000000000097e-02
1.938683000000000073e-02
1.927432000000000104e-02
1.850908000000000067e-02
1.862756999999999954e-02
1.908481000000000066e-02
1.905532999999999880e-02
2.049130999999999869e-02
1.973128999999999855e-02
1.949069999999999969e-02
1.861140000000000017e-02
1.931309999999999971e-02
1.984235999999999986e-02
1.887739999999999904e-02
1.683828000000000061e-02
