1.885455999999999938e-02
2.045082000000000150e-02
1.958466000000000026e-02
2.105649000000000062e-02
2.200596999999999970e-02
2.041748999999999994e-02
2.088819999999999913e-02
2.302649000000000015e-02
2.784963999999999842e-02
2.386365999999999835e-02
2.188386000000000151e-02
2.083644999999999942e-02
1.894090999999999830e-02
1.917067000000000077e-02
2.243318000000000048e-02
2.467756999999999937e-02
2.278231999999999827e-02
1.830669999999999867e-02
1.854099999999999845e-02
1.815811000000000161e-02
2.333408999999999830e-02
2.667573000000000166e-02
2.420158000000000031e-02
2.068454000000000126e-02
1.907928000000000054e-02
2.130871000000000154e-02
2.447608000000000075e-02
2.302473999999999840e-02
2.100099999999999884e-02
1.943140999999999965e-02
1.909477000000000049e-02
2.128876999999999853e-02
2.406642999999999977e-02
2.100435000000000149e-02
1.999249999999999985e-02
2.033263000000000084e-02
2.427282000000000051e-02
2.379540999999999948e-02
2.266139000000000001e-02
1.968465000000000145e-02
1.876428000000000124e-02
2.038297000000000025e-02
2.312857999999999928e-02
2.708794999999999953e-02
2.564125000000000085e-02
2.325999999999999943e-02
2.781041999999999889e-02
2.518164999999999987e-02
2.784729000000000024e-02
2.691903000000000004e-02
2.507424999999999932e-02
2.348269000000000051e-02
2.228863999999999845e-02
3.270856999999999931e-02
4.229179999999999745e-02
5.134770000000000306e-02
7.267965999999999316e-02
8.467428000000000454e-02
7.564933000000000074e-02
1.039984999999999937e-01
6.840438999999999548e-02
7.285234000000000154e-02
4.688525999999999805e-02
1.758049999999999891e-02
