7.969436000000000575e-02
1.358902899999999969e-01
1.558248799999999989e-01
1.483719599999999972e-01
1.378147799999999978e-01
1.262207200000000085e-01
9.322131999999999641e-02
5.868128000000000233e-02
4.112442999999999654e-02
4.020756999999999803e-02
3.480504000000000236e-02
2.601884000000000141e-02
2.949803000000000147e-02
3.118541000000000021e-02
3.958223999999999770e-02
4.727946999999999705e-02
5.579714000000000201e-02
6.192116000000000287e-02
4.733135000000000120e-02
3.415971000000000285e-02
3.060302999999999982e-02
2.536145999999999887e-02
2.381994999999999946e-02
2.427578999999999848e-02
2.622002999999999834e-02
2.403341000000000158e-02
2.038285999999999917e-02
2.160161000000000026e-02
2.394999000000000086e-02
2.195354999999999876e-02
2.132755999999999888e-02
2.312602000000000060e-02
2.105049000000000156e-02
2.133459000000000050e-02
2.023774000000000059e-02
2.003320000000000101e-02
2.003353999999999899e-02
2.247404999999999889e-02
2.442302000000000015e-02
2.163220000000000073e-02
2.044369999999999868e-02
2.233171000000000114e-02
2.561650999999999859e-02
2.861957000000000043e-02
2.763989999999999850e-02
2.232092999999999924e-02
1.912811000000000025e-02
2.056637000000000048e-02
2.213590000000000002e-02
2.147179999999999922e-02
2.204139000000000098e-02
2.113285000000000163e-02
1.977570999999999843e-02
2.024799999999999864e-02
2.267154000000000044e-02
2.331431999999999949e-02
2.421618000000000034e-02
2.341723000000000068e-02
2.307932000000000039e-02
1.884892000000000165e-02
2.130750000000000005e-02
2.116258999999999849e-02
1.892363999999999852e-02
1.777702000000000102e-02
