2.834860000000000158e-02
3.599580000000000141e-02
2.883720000000000033e-02
2.229420000000000013e-02
3.196459000000000106e-02
3.283205000000000151e-02
3.428254000000000024e-02
2.758967000000000017e-02
2.536474000000000020e-02
1.985858999999999888e-02
2.119019999999999931e-02
2.677608999999999892e-02
2.636519000000000015e-02
2.693734000000000059e-02
2.943747000000000030e-02
2.041066000000000061e-02
2.333591999999999958e-02
2.913721999999999840e-02
4.092819000000000318e-02
2.966041999999999984e-02
3.219645000000000146e-02
2.792423000000000127e-02
4.668230999999999770e-02
4.514846000000000137e-02
3.662612999999999980e-02
4.333381000000000038e-02
2.843609000000000067e-02
2.241140000000000146e-02
2.368137000000000020e-02
3.224251000000000200e-02
4.212027000000000132e-02
5.529640999999999723e-02
5.170228999999999797e-02
5.067096000000000100e-02
5.566668000000000310e-02
4.438753000000000143e-02
3.805785999999999891e-02
3.153708999999999679e-02
3.631949000000000288e-02
4.969906999999999797e-02
9.071684000000000692e-02
1.522300400000000109e-01
1.556190399999999863e-01
1.833930900000000086e-01
1.733967800000000004e-01
1.137649000000000021e-01
9.358270000000000477e-02
7.231223000000000511e-02
4.271040999999999727e-02
2.234391000000000155e-02
2.042572999999999958e-02
2.202397999999999856e-02
2.473333999999999949e-02
3.364083999999999824e-02
5.413894000000000345e-02
5.637356999999999785e-02
4.677698000000000272e-02
4.186299999999999744e-02
4.198716999999999727e-02
4.497357999999999911e-02
3.830540000000000334e-02
2.807480999999999866e-02
2.228667000000000148e-02
1.796257000000000062e-02
