2.883327999999999933e-02
3.423840000000000217e-02
3.015624999999999903e-02
2.672035000000000035e-02
2.373756999999999950e-02
2.234848999999999863e-02
1.990917999999999854e-02
1.845186000000000048e-02
1.795054999999999915e-02
1.840618000000000115e-02
1.892440999999999915e-02
1.844381999999999966e-02
2.020769999999999858e-02
2.335372999999999963e-02
2.370852000000000029e-02
2.252956999999999876e-02
2.114931999999999923e-02
2.040495999999999976e-02
1.941386999999999974e-02
1.852200000000000027e-02
1.847545000000000090e-02
1.855889999999999970e-02
1.781262999999999944e-02
1.778715999999999978e-02
1.832046000000000022e-02
1.842285999999999924e-02
1.852509999999999921e-02
1.812828999999999829e-02
1.797019000000000047e-02
1.804715000000000139e-02
1.815270999999999899e-02
1.788736999999999966e-02
1.763390999999999917e-02
1.801844999999999836e-02
1.780752999999999850e-02
1.795853000000000033e-02
1.812338999999999964e-02
1.794509000000000035e-02
1.781811999999999979e-02
1.792138000000000064e-02
1.778102000000000155e-02
1.779822000000000001e-02
1.770568999999999962e-02
1.778824999999999851e-02
1.779698000000000044e-02
1.815521000000000149e-02
1.830773000000000122e-02
1.818907000000000163e-02
1.747891000000000028e-02
1.740736999999999840e-02
1.769331000000000029e-02
1.771106000000000069e-02
1.734095000000000081e-02
1.828938000000000091e-02
1.783165000000000097e-02
1.775639999999999857e-02
1.797021999999999856e-02
1.784940000000000138e-02
1.732910000000000006e-02
1.789280000000000037e-02
1.775200000000000042e-02
1.784358999999999945e-02
1.674609999999999987e-02
1.586465000000000097e-02
