1.727804999999999966e-02
1.851753000000000079e-02
1.872081000000000092e-02
2.152058000000000096e-02
2.109029999999999933e-02
2.074420000000000083e-02
2.013668000000000055e-02
1.936451999999999965e-02
1.812623999999999833e-02
2.190763000000000085e-02
2.106948999999999975e-02
1.902198000000000083e-02
2.086384999999999976e-02
2.145336999999999938e-02
2.099374999999999852e-02
2.171750000000000069e-02
2.531506999999999855e-02
2.498391999999999974e-02
2.139914000000000052e-02
1.927119999999999875e-02
1.843617999999999993e-02
2.117600000000000038e-02
2.448049000000000058e-02
2.441259000000000137e-02
2.166948999999999959e-02
2.443123000000000170e-02
3.080213000000000048e-02
3.459916999999999854e-02
3.058823999999999918e-02
2.608287000000000105e-02
2.028711000000000056e-02
1.891612999999999975e-02
2.947986000000000009e-02
4.063404000000000321e-02
5.275453000000000087e-02
7.205282000000000353e-02
7.634523000000000004e-02
7.832368000000000663e-02
6.709444999999999992e-02
4.343281999999999698e-02
2.794730999999999951e-02
2.136129000000000153e-02
2.012693000000000121e-02
2.020954999999999974e-02
1.968819999999999945e-02
2.129659000000000066e-02
2.506355999999999862e-02
2.380372000000000043e-02
2.692951000000000025e-02
3.001880999999999994e-02
3.176472000000000323e-02
2.950382000000000005e-02
2.381683000000000064e-02
2.208206000000000058e-02
2.338911999999999936e-02
2.318287999999999946e-02
2.379670000000000049e-02
2.452083999999999861e-02
2.146162000000000070e-02
2.228476000000000068e-02
2.402053999999999995e-02
2.581260000000000152e-02
2.306986999999999927e-02
1.665008999999999934e-02
