1.741043000000000104e-02
1.917456999999999842e-02
1.819031000000000120e-02
1.800041000000000141e-02
1.824923000000000170e-02
1.991843999999999906e-02
2.077760999999999844e-02
2.298093000000000011e-02
2.300539000000000056e-02
2.019674999999999943e-02
1.905524999999999927e-02
1.841885000000000050e-02
1.911875000000000033e-02
1.939623999999999862e-02
2.169106000000000159e-02
2.176161000000000068e-02
1.965512000000000162e-02
1.814740999999999924e-02
1.873558000000000168e-02
1.993181000000000119e-02
2.210501999999999953e-02
2.472109000000000112e-02
2.446616000000000068e-02
1.978229000000000098e-02
2.087821000000000121e-02
2.400709999999999997e-02
2.463194000000000147e-02
2.278718000000000063e-02
1.992930000000000049e-02
1.890067999999999956e-02
2.014501000000000139e-02
2.125352000000000144e-02
2.212831000000000173e-02
2.265483000000000080e-02
2.500397000000000036e-02
2.381631000000000026e-02
2.601163000000000086e-02
2.531848000000000085e-02
2.262551999999999966e-02
2.097533999999999857e-02
2.080187999999999829e-02
2.406383999999999954e-02
2.886528999999999831e-02
3.122139999999999985e-02
3.010954999999999881e-02
3.121345999999999843e-02
4.380968999999999836e-02
4.704656000000000116e-02
3.820992000000000138e-02
2.967351000000000016e-02
2.435866999999999893e-02
2.615800000000000070e-02
3.263226000000000321e-02
5.504044000000000297e-02
9.109393999999999825e-02
1.026618299999999956e-01
1.260592500000000116e-01
1.289261999999999908e-01
1.379260900000000012e-01
1.133479800000000010e-01
1.027474800000000021e-01
7.901009999999999978e-02
4.139680999999999916e-02
1.899850999999999970e-02
