1.718288999999999928e-02
1.837982000000000157e-02
1.791587999999999861e-02
1.902902999999999886e-02
1.936227999999999907e-02
1.887118000000000129e-02
1.761071999999999985e-02
1.811342999999999981e-02
1.940990999999999897e-02
1.972143999999999980e-02
2.062432000000000154e-02
2.105602000000000168e-02
1.896244999999999875e-02
1.852320000000000008e-02
1.898052000000000072e-02
1.985848000000000127e-02
1.941094000000000153e-02
1.897077999999999959e-02
1.959899999999999837e-02
1.967164999999999886e-02
1.955315999999999999e-02
2.273812999999999876e-02
2.220014000000000015e-02
1.963530999999999957e-02
1.966779999999999917e-02
1.941860000000000114e-02
1.946921000000000068e-02
2.028457999999999997e-02
2.059261000000000078e-02
1.945472999999999994e-02
1.809751000000000068e-02
2.016452999999999995e-02
2.026334999999999942e-02
1.927705999999999864e-02
1.871224999999999972e-02
1.897114999999999913e-02
2.368757000000000154e-02
2.623514000000000054e-02
2.374367000000000144e-02
2.135652999999999857e-02
1.960150999999999907e-02
1.870279000000000039e-02
2.008470000000000047e-02
2.341607000000000063e-02
2.736459999999999934e-02
2.783781000000000103e-02
3.051867999999999942e-02
2.665673000000000001e-02
2.921831999999999901e-02
3.081104000000000134e-02
3.195401999999999965e-02
2.717202999999999979e-02
2.190123000000000070e-02
2.637996000000000091e-02
3.405252999999999752e-02
4.467567000000000066e-02
6.243341000000000168e-02
7.362135000000000207e-02
8.795495000000000396e-02
9.487334000000000045e-02
1.004492899999999966e-01
1.082918699999999984e-01
7.487739999999999674e-02
1.807500999999999899e-02
