1.765357999999999858e-02
1.884877000000000080e-02
1.990874999999999936e-02
2.192962000000000036e-02
2.312000000000000166e-02
2.320743999999999932e-02
2.127106999999999956e-02
1.976682000000000092e-02
1.886231000000000019e-02
2.137100999999999931e-02
2.329171999999999840e-02
2.189636000000000013e-02
2.132544999999999927e-02
2.047906000000000032e-02
1.971569999999999920e-02
2.179636000000000073e-02
2.349833000000000130e-02
2.389664999999999845e-02
2.301496000000000097e-02
2.113717000000000026e-02
2.157966000000000051e-02
2.307731000000000018e-02
2.527715000000000170e-02
2.238261000000000070e-02
2.223154000000000102e-02
2.099731999999999987e-02
2.344823000000000046e-02
2.947626999999999886e-02
2.386885999999999869e-02
2.049640999999999963e-02
2.200415999999999830e-02
2.452665000000000053e-02
2.692227000000000162e-02
3.198937000000000308e-02
3.061708999999999958e-02
2.455444000000000029e-02
2.142805000000000057e-02
2.768748999999999863e-02
3.123373000000000121e-02
2.602565000000000087e-02
2.474084000000000005e-02
2.558569999999999942e-02
3.424660000000000204e-02
4.096634999999999860e-02
4.088971999999999746e-02
3.059633999999999965e-02
2.723302000000000014e-02
2.466700999999999963e-02
3.425187999999999844e-02
5.240411999999999848e-02
7.026127999999999540e-02
9.101289999999999381e-02
1.026465399999999945e-01
1.269561399999999951e-01
1.184072099999999989e-01
1.001035499999999995e-01
9.226926000000000572e-02
7.295909000000000422e-02
5.974424999999999875e-02
4.496562999999999949e-02
3.408317000000000291e-02
2.523513000000000145e-02
1.931234999999999896e-02
1.777712999999999863e-02
