1.997998000000000135e-02
2.127499000000000057e-02
2.101975999999999845e-02
2.085909999999999848e-02
1.929996000000000142e-02
1.883446000000000078e-02
1.902623000000000161e-02
1.877598999999999935e-02
1.932414000000000007e-02
2.195905000000000079e-02
2.032832000000000042e-02
2.206148999999999957e-02
2.423813000000000009e-02
3.004058999999999896e-02
3.120782000000000070e-02
2.450033999999999892e-02
1.999387999999999860e-02
1.996863999999999931e-02
2.147825999999999902e-02
2.148618999999999876e-02
2.199894999999999975e-02
2.596336999999999950e-02
3.010227999999999862e-02
2.958923000000000109e-02
3.251616999999999702e-02
3.452559999999999657e-02
3.604332999999999843e-02
2.896736999999999923e-02
2.287783999999999998e-02
3.614107999999999904e-02
6.195032999999999790e-02
8.555327000000000071e-02
1.402757299999999874e-01
1.413781199999999960e-01
1.304008399999999901e-01
1.217021600000000037e-01
9.483561000000000074e-02
6.120960000000000290e-02
3.402175000000000338e-02
2.102667000000000078e-02
2.119574000000000111e-02
2.484656999999999838e-02
2.761413000000000062e-02
2.573887999999999870e-02
2.872622999999999843e-02
3.577053000000000177e-02
4.225405000000000133e-02
3.877983000000000124e-02
2.783002999999999866e-02
2.352916999999999856e-02
2.130964999999999943e-02
2.101569999999999827e-02
1.905232000000000106e-02
2.318353000000000080e-02
2.734471000000000124e-02
2.737138999999999892e-02
2.870061999999999960e-02
3.576900999999999692e-02
3.334354999999999958e-02
2.359367999999999882e-02
2.185279999999999861e-02
2.266169999999999990e-02
1.897882999999999862e-02
1.780516999999999864e-02
