1.648142000000000010e-02
1.890951999999999911e-02
2.265899000000000038e-02
2.276306999999999983e-02
2.380681999999999937e-02
2.126021000000000161e-02
1.869969999999999966e-02
1.880460000000000118e-02
1.902600999999999945e-02
1.928863000000000105e-02
1.967906999999999990e-02
2.190537000000000040e-02
1.973944000000000046e-02
1.900222000000000022e-02
2.022062999999999985e-02
2.016704999999999887e-02
2.322582000000000119e-02
2.025839999999999932e-02
2.152582000000000106e-02
2.321596000000000076e-02
3.009534000000000167e-02
3.173174000000000133e-02
3.170332000000000011e-02
2.077063999999999994e-02
2.085154999999999995e-02
2.376889000000000085e-02
3.002871999999999833e-02
2.492650999999999895e-02
2.542528000000000149e-02
2.507478000000000137e-02
3.816963999999999774e-02
4.508302000000000143e-02
4.381813999999999848e-02
2.838194000000000133e-02
2.182840999999999948e-02
2.927518000000000134e-02
4.582441999999999765e-02
8.555393999999999499e-02
1.215202999999999978e-01
1.384936099999999892e-01
1.225042600000000037e-01
1.161236499999999949e-01
9.934874000000000482e-02
6.053172999999999887e-02
3.241505000000000081e-02
2.229139999999999941e-02
2.027991000000000169e-02
2.003544000000000158e-02
2.157656000000000157e-02
2.418112999999999860e-02
3.605384999999999840e-02
4.864753000000000133e-02
5.631168999999999758e-02
6.124165000000000164e-02
5.386105000000000059e-02
5.742859000000000158e-02
3.641101000000000060e-02
2.297605000000000133e-02
2.481001999999999860e-02
2.116078999999999877e-02
2.359355999999999953e-02
2.809810000000000085e-02
2.406111000000000014e-02
1.869492999999999849e-02
