3.201459000000000249e-02
4.113800000000000096e-02
3.599817000000000294e-02
2.812635000000000135e-02
2.387691999999999939e-02
2.102887000000000159e-02
2.110350000000000073e-02
2.295774999999999899e-02
2.695097999999999938e-02
2.655601000000000142e-02
2.587153000000000022e-02
3.213330999999999826e-02
4.347705000000000319e-02
5.287352000000000024e-02
4.998318000000000205e-02
2.942863999999999897e-02
2.279656999999999864e-02
2.305594999999999867e-02
4.091655000000000292e-02
6.590290000000000037e-02
1.069886800000000027e-01
1.308396199999999898e-01
1.379150299999999940e-01
1.182708700000000002e-01
1.098849999999999966e-01
8.720292000000000321e-02
6.380205999999999378e-02
4.162480999999999820e-02
2.625490000000000115e-02
2.184702000000000172e-02
2.536524999999999891e-02
2.716680000000000136e-02
2.796471999999999847e-02
4.338344999999999702e-02
4.805555999999999717e-02
4.162737999999999855e-02
4.553631999999999819e-02
4.372037000000000145e-02
3.574002999999999902e-02
3.086679000000000159e-02
2.982902999999999943e-02
2.946595000000000117e-02
2.483845999999999971e-02
2.303575999999999888e-02
2.487672999999999968e-02
2.490341000000000082e-02
2.223680999999999922e-02
2.095040999999999917e-02
2.084195000000000145e-02
2.312147000000000160e-02
2.816035000000000066e-02
2.429566000000000017e-02
2.049066999999999902e-02
2.012007999999999852e-02
2.078951000000000063e-02
2.201797000000000129e-02
2.373847000000000110e-02
3.044457999999999886e-02
3.456926999999999917e-02
2.611996999999999930e-02
2.018382999999999983e-02
1.964267000000000096e-02
1.823682000000000081e-02
1.715621000000000160e-02
