1.793441999999999953e-02
3.865609999999999880e-02
3.175763999999999670e-02
3.300705000000000305e-02
5.009132000000000168e-02
4.513278999999999902e-02
2.489419000000000007e-02
1.917125999999999900e-02
1.840982000000000035e-02
1.843360000000000137e-02
1.797040000000000096e-02
1.855313999999999922e-02
1.853105000000000030e-02
1.890651999999999958e-02
1.982741000000000017e-02
2.048571999999999893e-02
1.824212000000000056e-02
1.855437999999999879e-02
1.923044000000000142e-02
2.065244000000000107e-02
2.080825999999999856e-02
1.879081999999999975e-02
1.814926999999999860e-02
1.768588999999999925e-02
1.841254999999999975e-02
1.842995999999999870e-02
1.776515000000000039e-02
1.814817000000000166e-02
1.853934999999999958e-02
1.788529000000000160e-02
1.777921000000000015e-02
1.758563000000000140e-02
1.799914000000000028e-02
1.768199999999999980e-02
1.797191000000000066e-02
1.758393000000000109e-02
1.806465999999999975e-02
1.840218999999999883e-02
1.817598999999999951e-02
1.911776999999999921e-02
1.788734000000000157e-02
1.799728000000000092e-02
1.913926999999999989e-02
1.917222999999999844e-02
1.843776999999999916e-02
2.029328000000000035e-02
1.806989999999999985e-02
1.817881999999999831e-02
1.744773999999999978e-02
1.762023999999999882e-02
1.852366999999999903e-02
1.953767000000000004e-02
1.908899000000000012e-02
1.883378999999999956e-02
1.855350000000000055e-02
1.845766999999999894e-02
1.996612000000000040e-02
2.138740999999999906e-02
1.994626000000000038e-02
1.887451000000000059e-02
1.810014999999999888e-02
1.792836999999999903e-02
1.755438000000000137e-02
1.670353999999999936e-02
