2.828873999999999972e-02
4.142321999999999671e-02
5.883924000000000099e-02
6.649721999999999578e-02
8.028802000000000161e-02
8.532702999999999816e-02
7.455335999999999907e-02
5.925282999999999939e-02
4.805456000000000311e-02
4.000232000000000093e-02
3.269256999999999719e-02
2.529009000000000118e-02
2.070003000000000121e-02
1.952519000000000129e-02
1.997770000000000101e-02
1.962095000000000158e-02
2.002912999999999916e-02
2.028904000000000124e-02
2.134652000000000077e-02
2.140275999999999984e-02
2.079181999999999905e-02
2.027144999999999989e-02
1.889853999999999840e-02
1.821035000000000015e-02
1.820474999999999871e-02
1.859405000000000086e-02
1.879503000000000076e-02
1.908601000000000047e-02
2.105730999999999922e-02
1.979585000000000025e-02
1.911969999999999989e-02
1.969281999999999977e-02
1.923626000000000155e-02
1.821052000000000087e-02
1.841612000000000110e-02
1.852022000000000043e-02
1.862356999999999901e-02
1.908446999999999921e-02
2.229681000000000024e-02
2.245478000000000057e-02
2.210861000000000076e-02
2.186342999999999967e-02
2.033085000000000100e-02
1.987007000000000009e-02
2.417102999999999960e-02
2.731393000000000015e-02
2.569785999999999945e-02
2.352506000000000042e-02
2.075859999999999858e-02
1.882721999999999868e-02
1.913074999999999845e-02
2.236147999999999955e-02
2.602557000000000134e-02
3.004350999999999897e-02
2.913523999999999975e-02
2.309044999999999848e-02
2.379484999999999933e-02
2.801413999999999987e-02
2.342523999999999995e-02
2.499917999999999932e-02
2.172231000000000162e-02
2.250136000000000150e-02
2.347772000000000053e-02
1.848139999999999852e-02
