1.938693999999999834e-02
1.951384000000000105e-02
1.906093000000000023e-02
2.022269000000000150e-02
2.020591000000000054e-02
1.895045000000000063e-02
1.812242999999999840e-02
1.836598999999999871e-02
2.166474999999999998e-02
2.335871999999999948e-02
2.374042000000000166e-02
2.430587000000000025e-02
2.064343000000000081e-02
1.846487999999999949e-02
2.087456999999999854e-02
2.375319999999999862e-02
2.200107000000000104e-02
2.036256999999999998e-02
1.889127999999999988e-02
1.880965999999999888e-02
2.252221000000000084e-02
2.897889000000000020e-02
2.739010999999999876e-02
2.021422999999999970e-02
1.842550999999999911e-02
2.100486000000000020e-02
2.251210000000000017e-02
2.435924000000000075e-02
2.342844999999999997e-02
1.993841000000000016e-02
1.865539999999999907e-02
2.011999000000000079e-02
2.164454000000000031e-02
2.104011999999999896e-02
2.030500999999999834e-02
1.989277000000000059e-02
2.299763000000000154e-02
2.689973000000000017e-02
2.454173999999999939e-02
2.077267000000000002e-02
1.909757000000000121e-02
1.907994999999999830e-02
2.106975999999999988e-02
2.300508999999999887e-02
2.432327999999999921e-02
2.457283000000000037e-02
2.584735999999999978e-02
2.465594000000000119e-02
2.775940000000000005e-02
2.736987999999999921e-02
2.764430999999999833e-02
2.479053999999999980e-02
2.138759999999999967e-02
2.254371000000000153e-02
2.561891999999999989e-02
3.441326000000000107e-02
4.439930000000000265e-02
5.539414000000000143e-02
6.594268999999999825e-02
7.498008000000000450e-02
7.788734999999999409e-02
7.758967999999999421e-02
5.871401999999999871e-02
1.762417000000000150e-02
