1.900423999999999863e-02
2.006461000000000008e-02
2.133263000000000173e-02
2.561050000000000132e-02
2.792251999999999929e-02
3.360023000000000176e-02
3.235798000000000146e-02
2.969843000000000136e-02
2.338432000000000011e-02
2.148540999999999992e-02
2.379099000000000144e-02
2.637124000000000065e-02
2.867760000000000101e-02
2.466401000000000010e-02
2.325071999999999903e-02
2.349611999999999881e-02
2.827361999999999931e-02
3.159085999999999839e-02
3.478724999999999873e-02
3.084266000000000091e-02
2.585857999999999907e-02
2.825095000000000037e-02
3.678354999999999819e-02
3.180037000000000141e-02
3.376321000000000183e-02
3.239507999999999971e-02
2.946251000000000078e-02
3.743968999999999769e-02
2.931523000000000115e-02
2.407868999999999982e-02
2.686865000000000087e-02
2.799837000000000159e-02
3.193816000000000016e-02
4.594370999999999872e-02
4.701837999999999851e-02
3.474867000000000233e-02
2.475588000000000094e-02
2.898987000000000092e-02
4.217544000000000154e-02
3.573956999999999828e-02
2.925045999999999896e-02
3.551516999999999868e-02
4.753554000000000113e-02
6.977416999999999647e-02
7.667126999999999970e-02
4.800940000000000069e-02
4.845652999999999766e-02
3.726030999999999788e-02
4.410040999999999961e-02
9.422265000000000501e-02
1.242365500000000011e-01
1.684510999999999925e-01
2.017437400000000047e-01
2.558248599999999873e-01
2.562367600000000079e-01
2.029015299999999966e-01
1.785120699999999949e-01
1.522999300000000000e-01
1.218458600000000003e-01
8.800623000000000473e-02
5.481915999999999872e-02
3.693434000000000300e-02
2.442445000000000033e-02
2.194006999999999902e-02
