1.704811000000000173e-02
1.834138000000000088e-02
1.821816999999999881e-02
1.907371000000000066e-02
2.095549999999999843e-02
2.356058000000000111e-02
2.327977000000000171e-02
2.234614000000000045e-02
2.088479000000000030e-02
1.843434999999999865e-02
1.874019999999999853e-02
1.978778999999999955e-02
2.157755999999999910e-02
2.078972999999999932e-02
1.976653000000000091e-02
1.898108000000000087e-02
1.900840999999999989e-02
2.003600000000000173e-02
2.122900000000000134e-02
2.150064000000000142e-02
1.980308000000000068e-02
1.871381999999999907e-02
2.084837000000000148e-02
2.088639999999999941e-02
2.323383000000000045e-02
2.232562000000000088e-02
2.045154000000000069e-02
2.011767999999999890e-02
1.980501000000000136e-02
1.912329000000000112e-02
2.020792000000000074e-02
1.992816000000000032e-02
2.103750999999999885e-02
2.340485000000000135e-02
2.608656000000000169e-02
2.216237000000000068e-02
1.962057999999999858e-02
2.036303999999999892e-02
2.265350000000000003e-02
2.337755000000000041e-02
2.176169000000000020e-02
2.209846000000000033e-02
2.426889000000000129e-02
3.122261999999999954e-02
3.174247999999999653e-02
3.122845000000000135e-02
3.460102999999999790e-02
3.016894999999999993e-02
2.371898000000000062e-02
2.862075999999999856e-02
3.273078000000000098e-02
4.467547000000000185e-02
6.077156000000000224e-02
7.490827999999999376e-02
9.496907000000000265e-02
9.304969000000000434e-02
8.850521999999999556e-02
8.155452000000000534e-02
7.507107000000000363e-02
5.796003000000000266e-02
4.221832999999999836e-02
2.840414999999999954e-02
2.001175999999999996e-02
1.789344000000000004e-02
