1.675201000000000121e-02
1.825314000000000103e-02
1.799626000000000003e-02
1.909821999999999909e-02
2.018655000000000102e-02
2.176540999999999892e-02
2.386881999999999893e-02
2.443122000000000002e-02
2.586099999999999857e-02
2.832573999999999856e-02
2.847627999999999965e-02
2.827098999999999931e-02
2.671184999999999879e-02
2.276974000000000012e-02
2.006404000000000173e-02
1.961904000000000078e-02
1.951135000000000022e-02
1.826180000000000164e-02
1.838868999999999920e-02
1.958172000000000038e-02
2.091515999999999861e-02
2.294583000000000039e-02
2.303211999999999968e-02
2.414138000000000048e-02
2.536269000000000023e-02
2.537319999999999853e-02
2.089119000000000045e-02
1.940882999999999844e-02
1.974864000000000133e-02
2.030600000000000113e-02
1.932501000000000010e-02
1.929095000000000115e-02
1.913143000000000135e-02
1.940746000000000138e-02
1.954308999999999907e-02
1.896281999999999829e-02
1.922004000000000074e-02
1.959935000000000149e-02
1.922290999999999930e-02
1.872243000000000171e-02
1.805404000000000037e-02
1.914551999999999921e-02
1.990998999999999894e-02
1.924342999999999887e-02
1.959303000000000086e-02
1.864839999999999900e-02
1.839137000000000063e-02
1.813170999999999880e-02
1.827606999999999843e-02
1.902871000000000076e-02
1.953349000000000057e-02
1.885289999999999883e-02
1.812791000000000055e-02
1.858773000000000022e-02
1.913033000000000095e-02
1.852671999999999999e-02
1.822185000000000124e-02
1.811182000000000070e-02
1.889230000000000076e-02
1.825975000000000167e-02
1.865694000000000033e-02
1.831442999999999960e-02
1.796346999999999874e-02
1.586554000000000089e-02
