1.726238000000000078e-02
2.077907999999999838e-02
2.238659999999999956e-02
2.233403999999999945e-02
2.472123000000000029e-02
2.110520999999999925e-02
2.049741000000000063e-02
2.055148000000000044e-02
2.186569000000000013e-02
2.177571000000000020e-02
2.422300000000000147e-02
2.482434999999999850e-02
2.334616999999999942e-02
2.245124000000000078e-02
2.088993999999999920e-02
2.609076999999999924e-02
2.351396000000000042e-02
2.103284999999999877e-02
2.330165999999999835e-02
2.457853000000000121e-02
2.648926999999999879e-02
3.249397999999999870e-02
2.740191999999999975e-02
2.670611000000000165e-02
2.509638999999999967e-02
2.069829999999999934e-02
1.961796999999999846e-02
2.729385999999999965e-02
3.585337999999999720e-02
3.868043000000000176e-02
4.218981000000000120e-02
4.125137000000000248e-02
3.927855999999999709e-02
3.224707000000000268e-02
2.719939000000000037e-02
2.269954000000000069e-02
1.962331000000000145e-02
1.884260000000000101e-02
1.864301000000000152e-02
1.881458000000000089e-02
1.871679999999999872e-02
1.964547999999999989e-02
2.094470999999999833e-02
2.203944999999999863e-02
2.223450000000000079e-02
2.127234000000000069e-02
2.185491999999999990e-02
2.134631999999999849e-02
1.951823000000000100e-02
1.896385999999999905e-02
1.914518000000000122e-02
1.927202999999999902e-02
1.936712000000000156e-02
1.981091000000000102e-02
2.049785000000000149e-02
2.206711000000000089e-02
2.137429000000000065e-02
2.044243999999999922e-02
2.112148999999999971e-02
2.121767999999999918e-02
2.001870999999999859e-02
2.123618999999999854e-02
1.818366999999999900e-02
1.688477999999999854e-02
