1.523679000000000006e-02
1.907046000000000088e-02
1.832668000000000144e-02
1.890802999999999928e-02
2.093004000000000045e-02
2.776291999999999996e-02
2.121017999999999862e-02
1.824831000000000022e-02
1.837514999999999982e-02
1.758271999999999960e-02
1.813197999999999893e-02
1.970788000000000054e-02
1.947942000000000076e-02
1.853186000000000069e-02
1.900471000000000105e-02
1.816473000000000046e-02
1.893798999999999830e-02
1.863075999999999968e-02
2.009413000000000171e-02
1.887499000000000121e-02
2.038840999999999917e-02
2.159223000000000045e-02
2.118052000000000129e-02
2.729836000000000068e-02
2.195503999999999858e-02
2.141801000000000121e-02
1.962103999999999931e-02
2.033035000000000050e-02
1.947097999999999884e-02
2.070309000000000038e-02
2.354480999999999935e-02
2.433443999999999885e-02
2.624533000000000074e-02
2.397418000000000118e-02
2.471541000000000016e-02
2.213885000000000158e-02
2.319672000000000053e-02
2.209182999999999980e-02
3.111790999999999863e-02
4.373621999999999926e-02
2.977331999999999895e-02
5.717139000000000248e-02
1.035707700000000064e-01
5.569220999999999894e-02
9.647206999999999311e-02
6.556483999999999923e-02
2.912558999999999981e-02
2.379298999999999997e-02
2.647220000000000129e-02
2.064952999999999927e-02
2.118543000000000162e-02
2.044353000000000142e-02
1.899108000000000046e-02
2.315601999999999938e-02
4.570131000000000193e-02
4.280499000000000109e-02
3.536972000000000033e-02
4.697392000000000234e-02
4.170630000000000170e-02
3.625342000000000148e-02
3.402760999999999980e-02
2.417833999999999955e-02
1.917289000000000146e-02
1.595198999999999923e-02
