1.820155999999999857e-02
1.908195999999999851e-02
1.887772999999999882e-02
2.081705999999999834e-02
2.394266999999999923e-02
2.156121999999999900e-02
1.893366000000000146e-02
1.871683000000000027e-02
1.938770000000000077e-02
2.076135999999999954e-02
2.177346999999999963e-02
2.335339000000000165e-02
2.691400999999999863e-02
2.511000999999999858e-02
2.193515999999999869e-02
2.213356000000000004e-02
2.101207000000000075e-02
1.979567999999999953e-02
1.980662000000000048e-02
1.974214999999999998e-02
1.820830999999999839e-02
2.012761000000000064e-02
2.209906999999999844e-02
2.324450000000000127e-02
2.668683000000000166e-02
2.459286000000000111e-02
2.366559000000000024e-02
2.445195999999999828e-02
2.765814000000000120e-02
2.934739999999999918e-02
2.145903000000000047e-02
1.922905999999999921e-02
2.155755000000000171e-02
2.218105000000000077e-02
2.202051000000000008e-02
2.333601999999999899e-02
2.599111999999999950e-02
3.136407000000000084e-02
3.703677999999999831e-02
4.053401999999999700e-02
3.596196000000000115e-02
2.869110999999999884e-02
2.298959999999999892e-02
2.512721000000000052e-02
3.760372000000000020e-02
6.849887000000000337e-02
8.412421999999999955e-02
9.828119000000000438e-02
1.010044499999999956e-01
8.993508000000000058e-02
9.424759000000000608e-02
7.266641000000000072e-02
5.221293999999999935e-02
3.756401999999999658e-02
2.248852999999999963e-02
2.070819999999999952e-02
1.932499000000000022e-02
2.131651999999999852e-02
2.406269999999999937e-02
2.370848999999999873e-02
3.152309999999999834e-02
2.923049999999999954e-02
2.047310000000000102e-02
1.752756000000000106e-02
