2.812838999999999964e-02
4.365436999999999790e-02
5.642152999999999752e-02
5.963087999999999722e-02
6.138094999999999662e-02
5.790891000000000094e-02
4.906930000000000319e-02
3.634652000000000022e-02
3.034326999999999858e-02
2.959049000000000054e-02
2.280586000000000071e-02
1.992804999999999924e-02
2.000920000000000129e-02
1.976815000000000169e-02
2.396312999999999915e-02
2.332895999999999928e-02
2.785516000000000034e-02
3.124723999999999904e-02
2.679940000000000100e-02
2.598013999999999879e-02
2.584095000000000142e-02
2.167424000000000087e-02
2.135969000000000062e-02
2.051501999999999840e-02
2.004049000000000108e-02
1.946492999999999834e-02
1.877126999999999962e-02
1.984562999999999952e-02
1.969637999999999944e-02
2.031171999999999839e-02
1.854112000000000121e-02
1.884873999999999925e-02
1.920271999999999951e-02
1.813725999999999880e-02
1.822340999999999892e-02
1.795116000000000073e-02
1.856589999999999976e-02
1.911695999999999881e-02
1.917554000000000133e-02
1.891183000000000100e-02
1.865230000000000013e-02
1.863046999999999967e-02
1.905157999999999852e-02
1.926249999999999837e-02
1.957060999999999870e-02
1.899549000000000029e-02
1.868378999999999873e-02
1.833894000000000149e-02
1.840701999999999963e-02
1.830187999999999954e-02
1.859175999999999884e-02
1.833823999999999871e-02
1.822812999999999864e-02
1.861515000000000045e-02
1.828665000000000151e-02
1.838833000000000134e-02
1.806492999999999988e-02
1.832835999999999840e-02
1.834409000000000040e-02
1.791799000000000169e-02
1.789380000000000137e-02
1.804878999999999858e-02
1.792805000000000093e-02
1.555262999999999958e-02
