1.740954999999999933e-02
1.861724000000000018e-02
1.879062999999999914e-02
1.987190000000000137e-02
2.019135000000000027e-02
1.893757000000000079e-02
1.748484000000000149e-02
1.782782000000000117e-02
1.918071000000000012e-02
2.061980999999999883e-02
2.147846999999999951e-02
2.225378999999999899e-02
2.043903000000000039e-02
1.872682999999999987e-02
1.961641000000000079e-02
2.066402999999999990e-02
1.959674999999999959e-02
1.963078999999999866e-02
1.998791000000000109e-02
1.947047999999999834e-02
2.115821999999999842e-02
2.464865000000000111e-02
2.316748999999999892e-02
1.998501000000000097e-02
1.924160999999999927e-02
1.987931999999999894e-02
2.010065999999999936e-02
2.154201999999999853e-02
2.214922000000000071e-02
2.016911000000000051e-02
1.836424000000000042e-02
1.866343000000000169e-02
2.008973999999999829e-02
1.957184999999999828e-02
1.966245999999999966e-02
1.955447999999999908e-02
2.229928999999999939e-02
2.531780000000000141e-02
2.367527999999999994e-02
2.162740000000000148e-02
2.019653000000000073e-02
1.892782999999999966e-02
1.950336000000000083e-02
2.077912999999999982e-02
2.332974999999999979e-02
2.515486000000000111e-02
2.639570999999999931e-02
2.627002000000000156e-02
2.943352000000000121e-02
3.143292999999999782e-02
3.198738999999999749e-02
2.932306000000000148e-02
2.427951000000000067e-02
2.328639999999999877e-02
2.374998000000000040e-02
3.194686000000000053e-02
4.638041999999999859e-02
6.044299000000000199e-02
7.638841999999999854e-02
7.987434000000000200e-02
8.897497999999999518e-02
9.259456000000000631e-02
6.220177999999999818e-02
1.740175000000000055e-02
