3.246891999999999834e-02
3.903415999999999830e-02
4.770639000000000129e-02
2.964728999999999975e-02
2.465656999999999918e-02
2.355140000000000011e-02
2.045017000000000015e-02
2.483772999999999884e-02
3.179967999999999684e-02
3.137671999999999684e-02
2.682864000000000082e-02
3.314610999999999946e-02
4.545380999999999727e-02
5.476082000000000172e-02
4.599311999999999845e-02
3.256399000000000099e-02
2.475174000000000124e-02
2.394927000000000167e-02
3.709359000000000267e-02
5.761132000000000059e-02
1.124980800000000003e-01
1.521004900000000049e-01
1.757421799999999978e-01
1.518285600000000013e-01
1.301381000000000066e-01
1.023906499999999997e-01
6.636701000000000406e-02
3.906151000000000068e-02
2.464134000000000116e-02
2.528537000000000146e-02
3.230709999999999832e-02
3.235347000000000223e-02
3.193551000000000029e-02
4.365437999999999957e-02
4.690187999999999996e-02
4.602878999999999998e-02
4.652169999999999916e-02
4.535288999999999987e-02
3.350496000000000030e-02
2.730925000000000019e-02
2.728954000000000102e-02
2.506256000000000109e-02
2.315224999999999922e-02
2.169571000000000000e-02
2.548283999999999966e-02
2.670439999999999967e-02
2.343895000000000006e-02
2.240974000000000091e-02
2.123159000000000157e-02
2.271292999999999923e-02
2.687385000000000121e-02
2.672126999999999836e-02
2.211580000000000143e-02
1.964538999999999869e-02
1.954352999999999993e-02
2.051212999999999995e-02
2.255124000000000017e-02
2.804368999999999959e-02
3.482528000000000012e-02
3.260058999999999874e-02
2.139368000000000172e-02
1.964783000000000154e-02
1.829006999999999855e-02
1.765566999999999831e-02
