1.923423999999999967e-02
2.275322999999999929e-02
2.530804999999999860e-02
2.832161000000000053e-02
3.016233000000000108e-02
2.913477999999999901e-02
2.272503000000000023e-02
1.984961000000000017e-02
2.012763000000000052e-02
2.816845999999999933e-02
3.157018000000000324e-02
2.866149999999999948e-02
2.183772000000000144e-02
2.008795000000000025e-02
2.021248999999999962e-02
2.753270000000000023e-02
3.107346000000000066e-02
2.881538000000000155e-02
2.496945000000000067e-02
2.382116999999999915e-02
2.426576999999999901e-02
2.862131000000000050e-02
2.865362000000000117e-02
2.145885999999999974e-02
1.982333999999999832e-02
2.118822999999999887e-02
2.678996000000000155e-02
3.298906000000000061e-02
2.619671000000000152e-02
2.190794000000000075e-02
2.587375000000000091e-02
2.871554999999999941e-02
3.373642999999999781e-02
3.629626999999999853e-02
3.265259000000000217e-02
2.656881999999999994e-02
2.924285999999999899e-02
3.772397000000000250e-02
3.937154999999999822e-02
3.339533000000000085e-02
2.791110999999999939e-02
3.025376999999999927e-02
4.083753999999999856e-02
5.334607999999999711e-02
4.214209000000000011e-02
2.865062000000000164e-02
2.174958000000000100e-02
2.502677000000000027e-02
5.876183000000000101e-02
1.097410800000000047e-01
1.487947000000000020e-01
1.653926099999999955e-01
1.916070099999999943e-01
2.150856600000000118e-01
2.066514799999999985e-01
1.580560400000000087e-01
1.209389000000000020e-01
9.523666999999999550e-02
7.615674000000000055e-02
5.070332000000000311e-02
3.451097000000000192e-02
2.793175999999999992e-02
2.196009999999999976e-02
1.993870000000000017e-02
