1.725772999999999890e-02
2.085914000000000171e-02
2.198688999999999852e-02
2.544530000000000056e-02
2.481741000000000155e-02
2.092580000000000134e-02
2.012463999999999920e-02
1.829858999999999999e-02
1.835979999999999904e-02
1.928426000000000098e-02
1.940247999999999973e-02
1.918647999999999881e-02
1.933104999999999893e-02
2.180214000000000110e-02
2.467532999999999879e-02
2.474085999999999994e-02
2.411707999999999907e-02
2.304449000000000081e-02
2.087661000000000031e-02
1.895174000000000164e-02
1.988233999999999835e-02
2.426566999999999960e-02
3.176918000000000103e-02
3.758378999999999887e-02
4.690516000000000130e-02
5.067026000000000169e-02
4.785992000000000024e-02
4.348094000000000264e-02
3.536958999999999936e-02
2.500930000000000167e-02
1.967651000000000122e-02
1.952968999999999886e-02
1.992149000000000003e-02
1.918030999999999903e-02
2.243300999999999976e-02
2.249500999999999931e-02
2.514225999999999961e-02
3.158426999999999762e-02
2.834692999999999935e-02
2.333876000000000006e-02
2.094992000000000035e-02
1.926156000000000049e-02
1.917326999999999920e-02
1.916906000000000165e-02
1.956706000000000070e-02
1.921615999999999949e-02
1.880389000000000019e-02
1.954927999999999874e-02
1.934577999999999992e-02
1.858179000000000081e-02
1.786760000000000084e-02
1.744062000000000043e-02
1.788856000000000127e-02
1.907065000000000149e-02
2.012337000000000153e-02
1.911238999999999993e-02
1.810339000000000045e-02
1.795133999999999966e-02
1.850660000000000152e-02
1.849672000000000122e-02
1.931692000000000131e-02
2.031741000000000102e-02
1.834538000000000141e-02
1.602189000000000044e-02
