1.653359000000000079e-02
1.970262000000000055e-02
2.127157999999999827e-02
2.826735999999999832e-02
3.022414000000000003e-02
2.674730000000000163e-02
2.513626999999999875e-02
2.119334000000000148e-02
2.024414000000000075e-02
3.390623999999999721e-02
3.900860999999999912e-02
2.784860000000000113e-02
2.882950000000000096e-02
3.461689999999999906e-02
3.998182000000000125e-02
3.962621000000000199e-02
4.834809000000000329e-02
4.735517999999999672e-02
3.281756000000000256e-02
2.438024999999999914e-02
2.053844000000000156e-02
2.775700000000000042e-02
5.426828999999999681e-02
3.921411000000000341e-02
3.800139999999999768e-02
4.363849000000000200e-02
8.004484000000000599e-02
1.002046899999999990e-01
7.842121000000000508e-02
6.019327000000000011e-02
2.483625999999999889e-02
3.056100000000000136e-02
1.094315099999999957e-01
1.732234199999999891e-01
2.196872800000000125e-01
3.098262500000000252e-01
3.359265300000000010e-01
3.030205699999999891e-01
2.436615500000000045e-01
1.362278299999999942e-01
7.109100999999999615e-02
3.588043999999999956e-02
2.712900999999999854e-02
2.897784999999999944e-02
3.267644000000000104e-02
4.651041000000000203e-02
5.960077999999999904e-02
5.994345999999999702e-02
6.272563000000000444e-02
6.953929999999999834e-02
7.713920000000000499e-02
5.588171000000000110e-02
3.448185000000000139e-02
3.128896999999999928e-02
3.253020000000000217e-02
3.480401999999999801e-02
4.139657000000000059e-02
4.301896000000000192e-02
3.038750999999999952e-02
3.266655000000000253e-02
3.675740000000000257e-02
3.447489000000000109e-02
3.262274999999999897e-02
1.908879999999999952e-02
