3.745599000000000151e-02
3.672883999999999871e-02
2.730153000000000094e-02
2.663495000000000099e-02
2.074511000000000063e-02
1.884045999999999985e-02
2.170089000000000046e-02
2.724040000000000142e-02
3.068430000000000116e-02
3.254568000000000044e-02
2.468748000000000123e-02
2.421811000000000103e-02
3.550832999999999767e-02
3.764527000000000151e-02
3.688762000000000291e-02
2.068750000000000103e-02
2.431697999999999846e-02
2.493607999999999936e-02
3.079807000000000031e-02
2.251527000000000042e-02
2.707025999999999877e-02
3.006601999999999886e-02
2.606990000000000002e-02
3.828622000000000275e-02
3.961760000000000281e-02
3.459628000000000009e-02
2.890643999999999852e-02
3.516819999999999669e-02
4.818602000000000302e-02
7.747399000000000646e-02
5.717661000000000271e-02
3.537661999999999751e-02
3.158670999999999701e-02
2.988611000000000045e-02
3.484683999999999698e-02
5.068231000000000125e-02
6.481080000000000174e-02
6.009711000000000219e-02
5.828102000000000282e-02
7.637613000000000041e-02
1.037700399999999940e-01
9.377916000000000030e-02
6.993021000000000653e-02
4.358783000000000102e-02
4.554985999999999757e-02
1.098757199999999962e-01
1.500984399999999996e-01
2.298248599999999919e-01
2.770450700000000044e-01
3.225188600000000183e-01
3.225860899999999920e-01
2.759488500000000233e-01
2.213619599999999965e-01
1.470508600000000055e-01
9.070216000000000389e-02
5.557424999999999865e-02
2.554914000000000143e-02
2.385500000000000120e-02
2.139842999999999953e-02
2.231810000000000044e-02
2.409489000000000075e-02
2.647288000000000072e-02
2.469947999999999935e-02
1.904366000000000045e-02
