1.758732000000000004e-02
1.984707999999999958e-02
2.010065000000000116e-02
2.215862000000000040e-02
2.381789000000000128e-02
2.458306000000000033e-02
2.191034999999999858e-02
2.011133000000000018e-02
1.889634000000000105e-02
1.847282000000000091e-02
1.875055000000000124e-02
2.356967999999999910e-02
3.075605000000000006e-02
3.553917000000000187e-02
4.091140000000000054e-02
4.793589999999999657e-02
4.283242000000000299e-02
3.683547000000000210e-02
3.145912000000000014e-02
2.514699999999999921e-02
2.082387999999999947e-02
1.915419000000000149e-02
1.835074000000000080e-02
1.885105000000000114e-02
1.916723000000000038e-02
2.071573000000000164e-02
2.265701999999999994e-02
2.309931000000000137e-02
2.371619000000000158e-02
2.492101999999999859e-02
2.238303000000000167e-02
1.992439999999999836e-02
1.931253000000000136e-02
1.914507000000000014e-02
1.868966000000000030e-02
1.968962999999999963e-02
2.040325999999999945e-02
1.812481999999999982e-02
1.855843999999999896e-02
1.899162999999999893e-02
1.877720999999999904e-02
1.801004000000000146e-02
1.759374000000000007e-02
1.797750999999999863e-02
1.814363999999999907e-02
1.782854999999999857e-02
1.816728000000000093e-02
1.857871999999999996e-02
1.862151999999999905e-02
1.911300000000000152e-02
1.904650999999999914e-02
1.815017000000000019e-02
1.771930000000000033e-02
1.811897999999999981e-02
1.840512000000000051e-02
1.877091999999999997e-02
1.872240999999999836e-02
1.828648999999999900e-02
1.809927000000000064e-02
1.802799000000000068e-02
1.746435000000000001e-02
1.784478999999999926e-02
1.721048999999999843e-02
1.614037999999999931e-02
