2.193275999999999906e-02
2.539457000000000172e-02
2.433275000000000021e-02
2.385260999999999978e-02
2.320985000000000062e-02
2.272891999999999968e-02
2.029370000000000132e-02
1.999257000000000117e-02
2.438227999999999923e-02
2.778954999999999967e-02
2.662619999999999917e-02
2.235923000000000077e-02
1.997153999999999943e-02
2.175534000000000148e-02
2.298269999999999827e-02
2.767821000000000170e-02
3.278183999999999959e-02
2.880728999999999929e-02
2.235697999999999852e-02
1.987560999999999842e-02
2.200320999999999874e-02
2.434700999999999879e-02
2.389929000000000012e-02
2.183210999999999832e-02
2.016425000000000162e-02
2.228050999999999990e-02
2.747861999999999874e-02
2.995017000000000165e-02
2.496274999999999883e-02
2.587019000000000124e-02
3.136168999999999762e-02
3.261175999999999658e-02
3.292397999999999852e-02
3.133930000000000049e-02
2.469963999999999840e-02
2.737625000000000128e-02
3.715804999999999803e-02
5.189861999999999947e-02
4.845816000000000012e-02
3.335595999999999700e-02
3.625623000000000040e-02
4.166595000000000021e-02
4.626750999999999781e-02
5.321407000000000220e-02
3.827291000000000026e-02
2.589597000000000079e-02
2.961984999999999965e-02
5.218015000000000153e-02
9.495159000000000238e-02
1.666221499999999967e-01
2.039604200000000034e-01
2.038714299999999924e-01
2.176462600000000081e-01
2.245041399999999909e-01
1.867691700000000121e-01
1.324741799999999969e-01
9.278268000000000626e-02
7.503313999999999817e-02
5.038398000000000182e-02
3.387764000000000053e-02
3.017016999999999963e-02
2.882646999999999987e-02
2.437554000000000110e-02
2.027988000000000013e-02
