2.310306000000000165e-02
2.527217000000000005e-02
2.131985999999999951e-02
2.142830000000000082e-02
2.705727000000000132e-02
2.860756000000000063e-02
2.608521000000000103e-02
2.795279999999999987e-02
3.929744000000000292e-02
5.435265999999999709e-02
5.653003000000000194e-02
4.941364000000000173e-02
3.841595999999999900e-02
2.857929000000000025e-02
2.208606000000000111e-02
2.885826000000000016e-02
3.913026000000000004e-02
6.483492000000000421e-02
1.170757300000000029e-01
1.510019499999999959e-01
1.629160500000000067e-01
1.450064199999999970e-01
1.114143400000000006e-01
7.753619000000000483e-02
4.600187000000000026e-02
2.886959000000000053e-02
2.235132000000000091e-02
2.107521000000000047e-02
2.906672000000000075e-02
3.266548999999999842e-02
3.756069000000000074e-02
4.996206000000000258e-02
5.146805000000000130e-02
5.597963000000000244e-02
4.603822999999999943e-02
2.984890000000000113e-02
2.557730999999999894e-02
2.407712000000000047e-02
2.441569999999999852e-02
2.684633999999999979e-02
2.547986000000000001e-02
2.634478999999999987e-02
2.750123000000000151e-02
2.156508000000000036e-02
1.897922000000000151e-02
1.929950000000000068e-02
2.040089999999999959e-02
1.974303999999999990e-02
2.017882999999999830e-02
1.990093999999999891e-02
2.216473999999999875e-02
2.452781999999999879e-02
2.266316999999999984e-02
2.192629000000000106e-02
2.266663000000000011e-02
2.370167999999999928e-02
2.266610000000000152e-02
2.035839999999999872e-02
2.016027999999999917e-02
2.100967999999999933e-02
2.252103999999999911e-02
2.556983000000000172e-02
2.217621999999999996e-02
1.834565999999999975e-02
