2.558565999999999965e-02
3.427050000000000235e-02
2.974204999999999904e-02
2.662731999999999946e-02
2.728573000000000109e-02
2.777873999999999968e-02
2.435353000000000170e-02
2.489496999999999891e-02
2.728730000000000044e-02
2.719562999999999842e-02
3.050999999999999893e-02
3.796386999999999678e-02
4.734421999999999936e-02
5.528427000000000341e-02
4.692616000000000148e-02
3.147565000000000085e-02
2.383052999999999907e-02
2.935797000000000059e-02
5.262253000000000069e-02
8.162107999999999863e-02
1.229420600000000058e-01
1.410789299999999913e-01
1.356911500000000104e-01
1.077013899999999941e-01
9.372297000000000267e-02
7.979326999999999948e-02
4.964553000000000021e-02
3.271867999999999999e-02
2.483600000000000044e-02
2.260138000000000078e-02
2.635496999999999840e-02
3.360848999999999781e-02
3.786997000000000280e-02
4.734564000000000134e-02
5.556905000000000178e-02
4.751365999999999923e-02
4.476203000000000126e-02
3.730507999999999741e-02
3.019712000000000091e-02
2.877905999999999867e-02
2.909052000000000165e-02
2.891215000000000104e-02
2.603298000000000070e-02
2.173463000000000131e-02
2.272893999999999956e-02
2.360401000000000166e-02
2.158407000000000034e-02
2.013969999999999996e-02
2.104599000000000053e-02
2.169031000000000084e-02
2.350862000000000090e-02
2.483818000000000137e-02
2.091221000000000052e-02
1.922395000000000007e-02
2.003127999999999853e-02
2.126698000000000130e-02
2.220511000000000013e-02
2.495868999999999865e-02
2.856039999999999968e-02
2.378817000000000084e-02
1.965093000000000048e-02
1.961353999999999875e-02
1.946457000000000048e-02
1.794743000000000033e-02
