1.744216000000000169e-02
1.919563999999999993e-02
1.968125000000000083e-02
2.147941999999999907e-02
2.348365999999999995e-02
2.641893000000000019e-02
2.802075999999999872e-02
3.086525000000000032e-02
2.458857000000000056e-02
2.038465999999999889e-02
2.078812999999999842e-02
2.071591999999999878e-02
2.682058999999999832e-02
2.625372000000000122e-02
2.229599999999999985e-02
2.109344999999999970e-02
1.972565000000000082e-02
2.241906999999999928e-02
2.449677000000000104e-02
2.539374999999999966e-02
2.157767999999999839e-02
1.902045000000000124e-02
2.172612999999999975e-02
2.376554000000000166e-02
2.559515999999999875e-02
2.555465999999999988e-02
2.404881000000000033e-02
2.191674999999999873e-02
1.969869000000000134e-02
2.041406999999999944e-02
2.124374000000000054e-02
2.000479999999999967e-02
2.217447999999999989e-02
2.590670000000000125e-02
3.216491999999999962e-02
2.756598000000000034e-02
2.099285000000000040e-02
2.200326999999999839e-02
2.615858000000000072e-02
2.865699999999999845e-02
2.386477000000000043e-02
2.575014000000000122e-02
3.054337000000000024e-02
4.162090000000000234e-02
3.844927000000000067e-02
3.411386999999999753e-02
3.750860999999999779e-02
2.983076000000000130e-02
2.443820000000000020e-02
5.022719999999999962e-02
6.080435000000000006e-02
8.024554000000000409e-02
1.190166200000000035e-01
1.564091900000000035e-01
1.652058499999999874e-01
1.393862399999999946e-01
1.339743399999999973e-01
1.168518399999999985e-01
1.103500599999999998e-01
7.378355999999999804e-02
4.523110000000000325e-02
3.332128000000000173e-02
2.347965999999999942e-02
1.904830999999999885e-02
