3.102653000000000008e-02
7.508288000000000462e-02
1.044175700000000012e-01
1.100237399999999949e-01
1.076085799999999953e-01
1.184822900000000040e-01
9.288240999999999858e-02
6.804055999999999993e-02
4.842967000000000105e-02
4.265036999999999995e-02
3.203650999999999721e-02
2.324951000000000101e-02
2.224693999999999977e-02
2.519704000000000041e-02
2.889117000000000074e-02
3.098151999999999850e-02
3.796888999999999820e-02
4.809075000000000155e-02
4.078977000000000297e-02
3.398261000000000337e-02
2.909890000000000046e-02
2.371784999999999866e-02
2.101982000000000156e-02
2.167666999999999858e-02
2.254675000000000082e-02
2.109168999999999974e-02
2.042470000000000049e-02
2.097086000000000089e-02
2.336869999999999920e-02
2.215958000000000164e-02
1.997335999999999903e-02
1.982915000000000025e-02
1.955275000000000069e-02
1.957135000000000125e-02
1.953877000000000044e-02
1.943624999999999867e-02
1.925550999999999999e-02
2.050062000000000065e-02
2.314253999999999964e-02
2.184225999999999876e-02
2.081838000000000091e-02
2.077009999999999967e-02
2.133198000000000039e-02
2.395094000000000042e-02
2.299065999999999957e-02
2.275740000000000055e-02
2.111524000000000040e-02
1.953256999999999910e-02
1.942504999999999926e-02
2.043802000000000119e-02
2.155957000000000012e-02
2.103162999999999908e-02
2.112670000000000173e-02
1.998940000000000092e-02
1.985042999999999877e-02
2.074621000000000104e-02
2.251473000000000016e-02
2.438355000000000036e-02
2.305052999999999963e-02
2.000787000000000052e-02
1.842324000000000045e-02
1.817747999999999933e-02
1.781523999999999955e-02
1.777845000000000120e-02
