1.740799000000000166e-02
1.925531999999999938e-02
1.818801000000000098e-02
1.788709999999999953e-02
1.987105999999999942e-02
2.371128999999999945e-02
2.572465999999999989e-02
2.811570000000000041e-02
2.561859999999999832e-02
2.015725000000000156e-02
1.808215999999999990e-02
1.890589000000000158e-02
2.126310000000000006e-02
2.266289000000000151e-02
2.271719000000000169e-02
2.192942999999999976e-02
1.896170999999999968e-02
1.921443000000000109e-02
2.274152000000000118e-02
2.399938999999999892e-02
2.307158000000000125e-02
2.131805000000000158e-02
2.251664000000000096e-02
2.144503000000000034e-02
2.365507000000000026e-02
2.585424999999999876e-02
2.325841999999999840e-02
2.062512999999999846e-02
1.914857000000000017e-02
1.920258000000000034e-02
2.100018999999999844e-02
2.106115999999999891e-02
2.147601999999999844e-02
2.392137999999999903e-02
2.742266000000000148e-02
2.595781999999999951e-02
2.206220000000000056e-02
2.161501999999999868e-02
2.146264000000000158e-02
2.162265000000000020e-02
2.122935000000000100e-02
2.216316000000000119e-02
2.411510000000000042e-02
2.716821000000000166e-02
2.797770000000000118e-02
3.096820000000000128e-02
4.188243999999999995e-02
4.009253000000000122e-02
2.956678999999999904e-02
2.413343999999999906e-02
2.133008000000000126e-02
2.610223999999999878e-02
3.711644000000000054e-02
6.442275999999999558e-02
8.125011000000000039e-02
8.788305000000000422e-02
9.359494999999999620e-02
9.681359999999999966e-02
1.009308000000000011e-01
8.031091999999999398e-02
6.336762999999999424e-02
5.193421000000000148e-02
3.176414000000000321e-02
1.768971999999999906e-02
