2.339000999999999927e-02
2.512048999999999879e-02
2.212967999999999880e-02
2.317562999999999915e-02
1.954335999999999920e-02
1.946381000000000153e-02
2.045425999999999842e-02
2.116766000000000134e-02
2.011107000000000172e-02
2.337339000000000083e-02
2.433344000000000132e-02
2.317454999999999862e-02
3.074667999999999846e-02
3.484832000000000207e-02
3.932109000000000298e-02
3.369366000000000028e-02
2.249639000000000152e-02
2.174869999999999928e-02
2.400613000000000052e-02
2.519271999999999831e-02
2.559256999999999851e-02
3.384739999999999971e-02
3.423641999999999658e-02
3.313506000000000090e-02
3.918719999999999842e-02
4.170574999999999977e-02
4.871194999999999692e-02
4.425010000000000054e-02
2.330770999999999885e-02
3.161691999999999975e-02
4.747704999999999981e-02
6.774845999999999646e-02
1.060274799999999934e-01
1.302486700000000108e-01
1.250339599999999995e-01
1.394601299999999877e-01
1.144339600000000012e-01
8.384263999999999606e-02
4.865906999999999871e-02
2.737252000000000088e-02
2.003848999999999908e-02
2.363080999999999862e-02
2.473196000000000075e-02
2.345279999999999934e-02
3.347544000000000214e-02
4.408639999999999781e-02
5.406831000000000137e-02
4.704035000000000161e-02
3.385541999999999718e-02
3.004199999999999926e-02
2.862081000000000000e-02
2.550026999999999849e-02
2.201749000000000067e-02
2.583492999999999901e-02
2.656475000000000156e-02
2.874940000000000134e-02
3.131711999999999690e-02
3.995135999999999826e-02
3.358275000000000149e-02
2.569901000000000130e-02
2.907929000000000069e-02
2.629561999999999872e-02
1.903898000000000049e-02
1.771630999999999900e-02
