3.715298000000000211e-02
4.189603000000000077e-02
2.529210000000000139e-02
2.124459999999999890e-02
3.365607999999999794e-02
3.671660000000000201e-02
3.290284999999999738e-02
3.473567999999999795e-02
4.979129999999999667e-02
6.652217000000000546e-02
7.014423000000000186e-02
8.326675000000000049e-02
7.704864000000000157e-02
5.547008999999999967e-02
3.948118999999999934e-02
2.658167999999999989e-02
2.948281000000000165e-02
6.568488000000000104e-02
1.480643899999999902e-01
2.503509500000000165e-01
2.648698400000000230e-01
2.949898799999999821e-01
2.070028800000000002e-01
1.597142699999999915e-01
1.016675100000000026e-01
6.404063000000000117e-02
3.874314999999999704e-02
2.653451000000000073e-02
2.958066000000000167e-02
3.768143000000000187e-02
4.481729999999999742e-02
6.094614000000000281e-02
6.592663999999999469e-02
8.873327000000000297e-02
9.152256999999999754e-02
5.117369000000000084e-02
4.285130999999999662e-02
3.528047000000000127e-02
2.987878000000000062e-02
3.696627000000000246e-02
3.490802999999999962e-02
3.818636999999999726e-02
3.403521999999999798e-02
2.414306000000000091e-02
2.020042999999999839e-02
2.150795000000000137e-02
2.301610999999999935e-02
2.207036000000000067e-02
2.404264999999999874e-02
2.568348999999999979e-02
2.932144000000000070e-02
2.838738999999999846e-02
2.341609000000000052e-02
2.375470999999999833e-02
2.491838000000000039e-02
2.695358000000000129e-02
2.752707000000000070e-02
2.437622999999999873e-02
2.995497999999999911e-02
2.591697999999999918e-02
2.236285000000000009e-02
2.979296000000000028e-02
2.705435999999999952e-02
1.976953999999999864e-02
