1.813058999999999851e-02
1.838371000000000102e-02
1.803230000000000111e-02
1.808136000000000118e-02
1.838957000000000092e-02
1.862043000000000031e-02
1.885565999999999978e-02
1.862132999999999844e-02
1.847812999999999886e-02
1.856765000000000151e-02
1.864595999999999962e-02
1.821711000000000164e-02
2.221232999999999888e-02
2.543609999999999968e-02
2.306988000000000094e-02
2.068980999999999945e-02
1.844907999999999965e-02
1.934015999999999860e-02
1.990665999999999963e-02
2.156896000000000160e-02
2.181405999999999970e-02
1.926040000000000044e-02
2.575159999999999949e-02
2.402562000000000100e-02
3.401637999999999884e-02
2.847418000000000171e-02
2.082260999999999834e-02
1.915539000000000130e-02
2.558018999999999918e-02
4.370902000000000120e-02
7.932063999999999782e-02
7.905500000000000027e-02
8.038357999999999615e-02
5.372131000000000128e-02
7.278060000000000085e-02
5.295687999999999784e-02
4.349182000000000048e-02
2.696126000000000078e-02
2.138893999999999865e-02
1.930621000000000073e-02
2.084253999999999968e-02
2.381414000000000100e-02
3.109258000000000161e-02
2.905541999999999847e-02
3.119558000000000053e-02
2.862881000000000106e-02
3.128158000000000327e-02
3.026935999999999863e-02
2.152940000000000062e-02
1.911455000000000098e-02
1.898100999999999955e-02
1.921696999999999989e-02
1.984075000000000075e-02
2.190653999999999865e-02
2.222491000000000050e-02
2.218041999999999930e-02
2.330754999999999980e-02
2.467385999999999885e-02
2.434965000000000046e-02
2.032650000000000082e-02
1.980501999999999957e-02
2.081250000000000114e-02
1.822255000000000055e-02
1.697921000000000152e-02
