2.053665000000000004e-02
2.186045000000000002e-02
2.135721000000000147e-02
2.108151000000000122e-02
2.141490000000000060e-02
2.089453999999999964e-02
2.150619000000000142e-02
2.587516999999999942e-02
2.716529000000000166e-02
2.908646000000000148e-02
2.547436000000000145e-02
2.285623000000000168e-02
2.059725999999999918e-02
1.907783000000000048e-02
2.649297000000000110e-02
2.935542999999999833e-02
2.541855999999999977e-02
2.102704999999999852e-02
1.953823000000000018e-02
1.930903999999999954e-02
3.040166999999999869e-02
3.797731000000000023e-02
3.216443000000000080e-02
2.231446000000000124e-02
2.107115000000000030e-02
2.636288000000000173e-02
2.960372000000000003e-02
2.908031000000000157e-02
2.518435000000000118e-02
2.033706999999999876e-02
2.127512000000000153e-02
2.485692000000000110e-02
2.762807000000000110e-02
2.576327000000000131e-02
2.949047999999999947e-02
2.817634000000000111e-02
3.615068999999999921e-02
3.569797000000000248e-02
2.971818000000000029e-02
2.132428999999999922e-02
2.089898000000000103e-02
2.630060999999999857e-02
3.688322000000000128e-02
4.301188000000000233e-02
3.980890000000000123e-02
3.886408000000000224e-02
5.531998999999999944e-02
5.592762999999999901e-02
5.631993999999999889e-02
4.602036000000000321e-02
3.573608000000000340e-02
3.351642999999999983e-02
3.303517999999999732e-02
8.381761999999999546e-02
1.199889299999999936e-01
1.665166800000000003e-01
2.002416599999999880e-01
2.287475200000000097e-01
2.323081499999999910e-01
2.112997799999999926e-01
1.671052399999999882e-01
1.495516699999999977e-01
6.013741000000000225e-02
2.101673000000000083e-02
