2.333951999999999902e-02
3.046764000000000069e-02
3.197559999999999986e-02
4.117085000000000189e-02
4.617994999999999739e-02
5.742143000000000247e-02
5.593792999999999682e-02
3.877023000000000275e-02
2.710380000000000081e-02
2.136826000000000003e-02
2.373487000000000166e-02
4.730615999999999988e-02
8.056563999999999393e-02
1.136438099999999979e-01
1.480927599999999900e-01
1.591743499999999922e-01
1.523743999999999932e-01
1.271469299999999913e-01
8.882692999999999839e-02
5.931244000000000099e-02
3.807446999999999915e-02
2.468826999999999827e-02
2.129100000000000090e-02
2.358203999999999856e-02
2.628838000000000008e-02
2.856455000000000105e-02
4.018744999999999956e-02
4.626323000000000241e-02
4.899898999999999921e-02
5.185570999999999930e-02
3.991439000000000098e-02
2.792696999999999888e-02
2.464059999999999861e-02
2.421977000000000158e-02
2.885466999999999893e-02
3.037807000000000007e-02
2.435736000000000151e-02
2.047341000000000091e-02
2.074915999999999913e-02
2.284237999999999894e-02
2.234538000000000149e-02
1.980252000000000054e-02
1.923497999999999875e-02
1.982849000000000070e-02
1.955466999999999969e-02
1.942330000000000098e-02
2.162831000000000128e-02
2.225550000000000098e-02
2.552120999999999904e-02
2.900954999999999853e-02
2.742423000000000083e-02
2.368299000000000099e-02
2.020158999999999844e-02
2.051158999999999968e-02
2.104790999999999954e-02
2.488131999999999844e-02
2.450458000000000150e-02
2.356352000000000099e-02
2.270830000000000071e-02
2.041012000000000035e-02
1.872580999999999898e-02
2.088026999999999939e-02
2.208471000000000045e-02
1.757128999999999983e-02
