1.705952000000000163e-02
1.951158000000000059e-02
2.189763000000000126e-02
2.686157000000000128e-02
2.762583000000000052e-02
2.881103999999999957e-02
2.417706000000000022e-02
2.822527000000000022e-02
3.283057000000000336e-02
4.087376999999999677e-02
3.736674000000000245e-02
2.715350000000000055e-02
2.110070000000000001e-02
1.946290000000000173e-02
2.452042999999999931e-02
3.514168000000000153e-02
4.660642000000000257e-02
6.390835000000000266e-02
7.509717000000000475e-02
8.274523000000000295e-02
9.303485999999999700e-02
7.038563000000000458e-02
5.180768000000000179e-02
3.370896999999999782e-02
2.378382000000000066e-02
2.040161999999999878e-02
1.914236999999999883e-02
1.987883999999999832e-02
2.251173000000000063e-02
2.613062999999999844e-02
2.752046000000000006e-02
3.607608999999999816e-02
3.743649999999999756e-02
3.609682000000000168e-02
3.345560999999999674e-02
2.344314999999999941e-02
2.172881999999999938e-02
2.279605999999999993e-02
2.354962999999999848e-02
2.192252999999999910e-02
2.165185999999999847e-02
2.358713999999999950e-02
2.268612000000000059e-02
2.161189000000000165e-02
1.914891999999999983e-02
1.889464000000000074e-02
1.913418000000000063e-02
1.892751000000000156e-02
1.931621000000000032e-02
1.988213000000000133e-02
1.990393000000000023e-02
2.142258000000000009e-02
2.268181000000000017e-02
2.207198999999999967e-02
2.253408999999999968e-02
2.180506000000000111e-02
2.150878000000000165e-02
1.921776000000000040e-02
1.885691000000000103e-02
2.018046999999999896e-02
2.122954000000000160e-02
2.367479999999999932e-02
2.155137000000000025e-02
1.759590999999999933e-02
