2.069456000000000073e-02
2.080881999999999871e-02
1.946430000000000035e-02
2.549676000000000026e-02
3.576731999999999828e-02
3.110705000000000067e-02
2.717982000000000037e-02
3.757482999999999657e-02
5.227305000000000146e-02
6.445881000000000527e-02
6.926135999999999404e-02
5.304811999999999722e-02
3.460098000000000340e-02
2.491631000000000054e-02
2.729362000000000107e-02
4.798927000000000054e-02
6.333060999999999552e-02
1.016043600000000047e-01
1.501772100000000054e-01
1.771786099999999864e-01
1.816357799999999967e-01
1.719677699999999920e-01
1.240174500000000013e-01
8.059064999999999979e-02
3.764580000000000010e-02
2.622860999999999942e-02
2.338791000000000134e-02
2.467756000000000116e-02
3.151174000000000336e-02
3.780035000000000339e-02
4.114907000000000287e-02
5.308216000000000323e-02
5.439248000000000000e-02
5.697699999999999987e-02
4.003853000000000273e-02
2.699555999999999831e-02
2.389758999999999980e-02
2.497771999999999840e-02
2.569468999999999920e-02
2.673524000000000039e-02
2.620311000000000168e-02
2.603909999999999905e-02
2.816192000000000001e-02
2.477199999999999888e-02
2.020976000000000022e-02
1.983410000000000034e-02
2.187133999999999953e-02
2.108105000000000048e-02
2.054134000000000168e-02
2.100729000000000138e-02
2.296546000000000004e-02
2.553108000000000113e-02
2.629897000000000137e-02
2.697570999999999997e-02
2.661745000000000083e-02
2.531527999999999903e-02
2.302225000000000105e-02
1.981957000000000163e-02
1.961072999999999983e-02
2.051102999999999954e-02
2.566521999999999901e-02
2.823530999999999958e-02
2.566513000000000128e-02
1.842670999999999892e-02
