1.802546000000000009e-02
1.951634000000000008e-02
2.076547999999999936e-02
2.286223999999999895e-02
2.133764000000000147e-02
1.948431999999999942e-02
1.896658000000000024e-02
1.939592999999999873e-02
1.910146999999999887e-02
2.009663999999999895e-02
1.985425000000000037e-02
1.875941999999999887e-02
1.842401000000000108e-02
1.861499000000000140e-02
2.098621000000000167e-02
2.202822000000000113e-02
1.853107000000000018e-02
1.856551999999999855e-02
2.099091000000000151e-02
2.543254000000000001e-02
2.673872999999999875e-02
2.930036999999999919e-02
2.412332999999999839e-02
1.950065000000000132e-02
2.023662000000000030e-02
2.199639000000000108e-02
2.942615999999999982e-02
2.655095999999999845e-02
2.455368999999999954e-02
2.758419999999999969e-02
3.538891999999999732e-02
3.941924000000000122e-02
2.854829999999999868e-02
2.242606000000000113e-02
2.065637000000000029e-02
2.494595000000000146e-02
3.452732000000000023e-02
6.802449000000000690e-02
9.305032000000000580e-02
8.581245999999999319e-02
7.650679000000000507e-02
6.601611000000000284e-02
5.350196000000000118e-02
4.053998000000000324e-02
2.273071000000000119e-02
1.928753000000000065e-02
1.838820999999999858e-02
1.955031000000000130e-02
1.984937000000000160e-02
2.301500999999999894e-02
2.562677999999999831e-02
3.585126999999999758e-02
4.146636000000000072e-02
4.223775999999999919e-02
4.149633999999999961e-02
4.062516000000000044e-02
2.907157999999999964e-02
2.266276999999999875e-02
2.022989000000000037e-02
1.980550000000000019e-02
2.142656000000000074e-02
2.311277999999999944e-02
2.259430000000000119e-02
1.744402000000000105e-02
