1.684468000000000076e-02
2.418090999999999990e-02
2.608972000000000027e-02
3.054897999999999988e-02
3.241307000000000216e-02
2.763610999999999845e-02
3.318186000000000052e-02
4.447978999999999822e-02
4.752108000000000027e-02
6.083300999999999986e-02
5.333707000000000031e-02
3.166889999999999983e-02
2.142648000000000122e-02
2.587174000000000071e-02
5.014496000000000231e-02
7.848950000000000371e-02
1.013492700000000052e-01
1.324948099999999906e-01
1.358608000000000038e-01
1.324749400000000132e-01
1.153433199999999992e-01
8.075021000000000282e-02
4.980433000000000082e-02
3.210587000000000163e-02
1.952223999999999973e-02
1.964348999999999956e-02
2.022778999999999897e-02
2.069162000000000085e-02
2.830846000000000057e-02
4.021994000000000263e-02
4.113809000000000216e-02
4.489495000000000291e-02
4.740762999999999922e-02
4.407662999999999859e-02
3.618518999999999902e-02
2.319391000000000161e-02
2.151946999999999888e-02
2.207813999999999957e-02
2.583260000000000070e-02
2.588106999999999908e-02
2.420593000000000050e-02
2.301013000000000017e-02
2.192633000000000082e-02
2.044529999999999959e-02
2.146727000000000010e-02
2.096980999999999845e-02
2.119597000000000148e-02
1.992595999999999951e-02
1.933375999999999845e-02
2.150871000000000033e-02
2.650513999999999995e-02
2.917952000000000046e-02
2.824950000000000030e-02
2.760235000000000119e-02
2.264903999999999876e-02
2.030240999999999990e-02
1.930457000000000006e-02
2.111982000000000095e-02
1.987871000000000082e-02
2.041074999999999834e-02
2.511050999999999908e-02
2.590409000000000114e-02
2.156249999999999833e-02
1.807740999999999862e-02
