2.796213999999999991e-02
2.941776999999999934e-02
2.438668999999999906e-02
2.354275999999999938e-02
2.005449999999999941e-02
1.813191000000000108e-02
1.922516000000000155e-02
2.247920000000000126e-02
2.503680000000000141e-02
2.623046000000000058e-02
2.246064000000000047e-02
2.074698999999999988e-02
2.118864000000000164e-02
2.577546000000000004e-02
2.525294000000000150e-02
2.319005000000000025e-02
2.054546999999999971e-02
2.096881999999999913e-02
2.242303000000000004e-02
2.071274999999999852e-02
2.200836999999999932e-02
2.530088999999999949e-02
2.267436999999999925e-02
2.118466999999999920e-02
2.176731000000000152e-02
2.170916999999999986e-02
2.359065999999999941e-02
2.753332000000000002e-02
2.719685000000000158e-02
3.214170000000000221e-02
3.169174999999999770e-02
2.841644999999999935e-02
2.818241999999999969e-02
2.369769000000000042e-02
1.967816000000000010e-02
2.166695999999999900e-02
2.934217999999999896e-02
3.046588000000000074e-02
2.627735000000000140e-02
2.755248999999999893e-02
4.008326000000000250e-02
4.680627999999999872e-02
4.556672999999999973e-02
3.967774000000000301e-02
3.034825000000000023e-02
2.501056000000000112e-02
3.366672999999999888e-02
5.492115999999999665e-02
9.522524000000000266e-02
1.230190300000000014e-01
1.451475600000000088e-01
1.391439899999999952e-01
1.335956799999999944e-01
1.159366700000000056e-01
8.426662000000000041e-02
5.268828999999999874e-02
3.354047999999999752e-02
2.562731999999999857e-02
2.015706000000000095e-02
1.798019000000000006e-02
1.942489000000000021e-02
2.224809000000000161e-02
2.183718999999999938e-02
1.810339999999999866e-02
