2.114583999999999908e-02
2.144760000000000069e-02
2.017110999999999904e-02
2.105328000000000060e-02
2.248862999999999904e-02
2.314472000000000057e-02
2.197972000000000120e-02
2.146110000000000032e-02
2.186632000000000159e-02
2.067031000000000077e-02
2.286155999999999952e-02
2.511352000000000029e-02
2.981417000000000095e-02
2.709734000000000101e-02
2.329513999999999890e-02
2.379235999999999851e-02
2.100339000000000025e-02
2.053127000000000077e-02
2.445972000000000077e-02
2.254112999999999950e-02
1.914160999999999987e-02
2.178075999999999970e-02
2.501683999999999852e-02
2.794297999999999921e-02
3.215848000000000317e-02
2.836266999999999955e-02
2.845587999999999937e-02
2.970565999999999832e-02
3.667205999999999938e-02
3.684074999999999850e-02
2.715665999999999913e-02
1.955497000000000138e-02
2.257533000000000109e-02
2.655294999999999878e-02
2.968064999999999939e-02
2.933722999999999886e-02
3.178306999999999660e-02
3.949567999999999829e-02
5.080956999999999835e-02
5.213174999999999754e-02
4.829495000000000315e-02
3.360318000000000332e-02
2.985316000000000011e-02
4.571759000000000239e-02
8.119120999999999977e-02
1.278677000000000008e-01
1.587082099999999885e-01
1.892765299999999984e-01
1.559308799999999939e-01
1.355531100000000044e-01
1.298963300000000043e-01
9.480558000000000041e-02
7.123786999999999481e-02
5.357413999999999926e-02
2.302217000000000152e-02
2.295115000000000002e-02
2.479535999999999893e-02
2.643213999999999980e-02
3.207535000000000247e-02
4.161485999999999658e-02
4.420149999999999774e-02
4.376411000000000190e-02
3.832176999999999806e-02
1.978575000000000125e-02
