1.740438999999999875e-02
2.224546000000000162e-02
2.336451000000000153e-02
2.218204000000000009e-02
2.072741999999999987e-02
2.066973000000000074e-02
2.101932999999999926e-02
2.192931000000000047e-02
2.577242999999999895e-02
2.538427999999999865e-02
2.448327999999999963e-02
2.353639000000000078e-02
2.193619000000000124e-02
2.251962999999999882e-02
2.189564999999999914e-02
2.716309999999999905e-02
2.714395000000000002e-02
2.174948000000000159e-02
2.387786999999999896e-02
2.626030000000000031e-02
3.746623000000000314e-02
3.647580999999999740e-02
2.927414999999999878e-02
2.352076000000000167e-02
2.193451999999999902e-02
2.395869999999999944e-02
4.228716999999999893e-02
8.146419000000000576e-02
1.051976500000000037e-01
1.007644800000000035e-01
1.143491199999999985e-01
1.065604099999999943e-01
8.224386999999999670e-02
5.519745000000000207e-02
3.241411000000000292e-02
2.341458000000000081e-02
1.987227999999999911e-02
2.044206000000000148e-02
2.358910999999999994e-02
2.731362000000000026e-02
2.572883999999999935e-02
2.855734999999999871e-02
3.461154000000000314e-02
3.323982000000000325e-02
3.216713999999999685e-02
2.337383000000000169e-02
2.079647000000000093e-02
2.058045999999999834e-02
2.225654999999999994e-02
2.391004000000000046e-02
2.568316000000000002e-02
2.249355999999999925e-02
2.216945000000000027e-02
2.079367000000000021e-02
2.171162999999999912e-02
2.265502999999999961e-02
2.169099000000000027e-02
1.991214999999999999e-02
1.912720000000000045e-02
2.235279999999999906e-02
2.161004999999999870e-02
1.992203000000000029e-02
1.847982000000000097e-02
1.626551000000000038e-02
