1.643346000000000043e-02
1.943452000000000027e-02
2.368106999999999851e-02
3.282894000000000090e-02
4.123439000000000271e-02
4.542890000000000122e-02
4.680281000000000025e-02
4.409045000000000325e-02
4.167370000000000102e-02
4.209489999999999760e-02
3.816380999999999940e-02
2.976921999999999902e-02
2.475633000000000000e-02
2.139749999999999985e-02
1.936600000000000127e-02
1.917533999999999905e-02
1.843716000000000105e-02
1.860399000000000080e-02
1.923253999999999936e-02
2.100350999999999954e-02
2.321961999999999984e-02
2.416348000000000107e-02
2.270588999999999941e-02
2.069560000000000149e-02
2.011780999999999986e-02
1.973159000000000024e-02
1.966760999999999857e-02
1.947586000000000109e-02
2.008998000000000034e-02
1.944003999999999871e-02
1.857015000000000055e-02
1.844111000000000014e-02
1.784499999999999975e-02
1.833558999999999883e-02
1.762338000000000099e-02
1.784900999999999849e-02
1.890017999999999906e-02
1.943597999999999854e-02
1.869250999999999899e-02
1.755378999999999967e-02
1.762487000000000081e-02
1.863886000000000015e-02
1.920724000000000042e-02
1.883806000000000022e-02
1.807359999999999869e-02
1.816575000000000134e-02
1.844482000000000066e-02
1.851664000000000088e-02
1.887909000000000115e-02
1.861627999999999894e-02
1.810886000000000093e-02
1.780291999999999986e-02
1.829245999999999997e-02
1.970275999999999972e-02
1.984061999999999978e-02
1.958700999999999845e-02
1.894351000000000021e-02
1.800262000000000043e-02
1.840371000000000021e-02
1.782312999999999953e-02
1.823504000000000097e-02
1.859407000000000074e-02
1.797583999999999987e-02
1.611281000000000171e-02
