2.050845999999999919e-02
2.116192000000000073e-02
1.999292999999999904e-02
2.613508999999999971e-02
3.748720999999999998e-02
3.734528000000000153e-02
3.075498999999999941e-02
3.598246000000000083e-02
4.840529999999999833e-02
6.791366999999999543e-02
6.297866000000000575e-02
4.985784000000000049e-02
3.684231999999999785e-02
2.407509000000000038e-02
2.647249000000000130e-02
4.651402999999999788e-02
5.726056999999999675e-02
9.095090999999999593e-02
1.472052899999999886e-01
1.693796399999999980e-01
1.746127799999999952e-01
1.484808599999999923e-01
1.159813799999999950e-01
8.323753000000000402e-02
3.545592999999999662e-02
2.511472999999999831e-02
2.146893000000000065e-02
2.054676000000000072e-02
2.948742000000000030e-02
3.821233999999999742e-02
3.937424999999999953e-02
4.920752999999999933e-02
5.634340999999999655e-02
5.834356999999999738e-02
4.643325000000000230e-02
2.836730000000000154e-02
2.395906999999999898e-02
2.470471999999999946e-02
2.685036000000000020e-02
2.880415999999999879e-02
2.616554000000000102e-02
2.802307999999999882e-02
2.792398000000000102e-02
2.162040999999999963e-02
1.938743999999999884e-02
1.994840999999999975e-02
2.067559999999999884e-02
2.048604000000000050e-02
2.036067000000000085e-02
2.043746000000000104e-02
2.341410999999999840e-02
2.529460999999999862e-02
2.608316000000000107e-02
2.549111999999999906e-02
2.488628999999999841e-02
2.407762000000000097e-02
2.273164000000000087e-02
2.125847000000000153e-02
1.902034000000000016e-02
2.095748000000000055e-02
2.504388000000000100e-02
2.945375000000000076e-02
2.490157999999999955e-02
1.763624999999999915e-02
