1.829325999999999869e-02
2.062459000000000167e-02
2.064915000000000153e-02
2.068653000000000158e-02
2.060218999999999939e-02
1.966725000000000070e-02
1.913808999999999996e-02
1.839342999999999881e-02
1.759182999999999927e-02
1.812582000000000082e-02
1.857316999999999996e-02
1.802373000000000169e-02
1.788073999999999913e-02
1.805910999999999975e-02
1.834285000000000082e-02
1.880211000000000035e-02
1.862965000000000107e-02
1.879281000000000007e-02
1.840639000000000164e-02
1.817026999999999878e-02
1.810234000000000149e-02
1.763417999999999930e-02
1.767942000000000125e-02
1.760284999999999975e-02
1.726549999999999960e-02
1.799817000000000083e-02
1.796272000000000146e-02
1.774664999999999923e-02
1.764158999999999866e-02
1.761758000000000074e-02
1.773285000000000139e-02
1.771964999999999998e-02
1.741938999999999987e-02
1.780634999999999857e-02
1.757908000000000040e-02
1.758074000000000095e-02
1.770272000000000165e-02
1.798821999999999921e-02
1.800045999999999938e-02
1.771986999999999868e-02
1.731297999999999865e-02
1.762077000000000088e-02
1.787015000000000131e-02
1.799393000000000173e-02
1.801362999999999923e-02
1.756765999999999883e-02
1.772053999999999990e-02
1.763790000000000149e-02
1.736829000000000151e-02
1.761476000000000014e-02
1.786122999999999877e-02
1.735224000000000141e-02
1.765566999999999831e-02
1.795909999999999868e-02
1.802640000000000145e-02
1.788245000000000112e-02
1.773850000000000079e-02
1.798382999999999926e-02
1.752377999999999922e-02
1.766592000000000162e-02
1.787050999999999917e-02
1.780678000000000122e-02
1.707103999999999913e-02
1.542615999999999953e-02
