1.768416999999999906e-02
2.043009999999999965e-02
1.920103999999999908e-02
1.881330999999999976e-02
2.250738000000000044e-02
2.929245000000000113e-02
3.421122000000000052e-02
3.273224000000000272e-02
3.098272999999999999e-02
2.117586999999999942e-02
1.875666000000000139e-02
2.016329999999999859e-02
2.665437999999999835e-02
2.721882000000000121e-02
2.593281999999999879e-02
2.503988000000000047e-02
2.112394999999999898e-02
2.315083000000000071e-02
3.110281000000000157e-02
3.176008999999999777e-02
3.013570999999999958e-02
2.362310999999999925e-02
3.038675000000000057e-02
3.150921999999999751e-02
3.452310000000000101e-02
3.838608000000000298e-02
2.743245000000000058e-02
2.387386999999999843e-02
2.253120999999999943e-02
2.182827000000000031e-02
2.281396999999999939e-02
2.425377000000000088e-02
2.579847000000000043e-02
3.004238999999999868e-02
4.295138999999999901e-02
3.485633999999999955e-02
2.514602000000000157e-02
2.370991999999999891e-02
2.669935999999999837e-02
3.241010999999999892e-02
2.858613000000000126e-02
2.809510000000000132e-02
3.702708999999999862e-02
5.036024000000000056e-02
5.273876000000000258e-02
5.887507000000000157e-02
6.856917999999999347e-02
5.653176000000000034e-02
3.611347000000000168e-02
3.967745999999999773e-02
4.907903999999999739e-02
7.264729999999999799e-02
1.128043199999999996e-01
1.778318899999999925e-01
1.937552499999999900e-01
1.825495799999999891e-01
1.753405299999999944e-01
1.716943099999999889e-01
1.533223800000000081e-01
1.178042400000000045e-01
7.505709000000000686e-02
4.562399000000000315e-02
2.807095000000000076e-02
2.015544000000000016e-02
