1.901902000000000106e-02
2.478377999999999831e-02
2.351752000000000009e-02
2.455440999999999874e-02
2.288921999999999832e-02
2.392429999999999904e-02
2.010951000000000058e-02
1.790978999999999835e-02
2.244350999999999985e-02
2.798377000000000156e-02
3.541401000000000271e-02
4.720931999999999906e-02
6.163265999999999883e-02
6.499056999999999751e-02
5.472460999999999992e-02
5.401432999999999929e-02
4.550743000000000149e-02
3.353657000000000166e-02
2.407443999999999903e-02
1.918678000000000050e-02
1.847125000000000156e-02
1.860710000000000142e-02
1.984011000000000108e-02
2.473900999999999878e-02
2.769036000000000067e-02
3.259945999999999677e-02
3.896217999999999904e-02
3.350547999999999721e-02
2.861315999999999860e-02
2.470846999999999974e-02
2.423298000000000119e-02
2.161526000000000072e-02
2.530918999999999877e-02
2.424754000000000145e-02
2.519282999999999939e-02
2.717135999999999857e-02
2.189166999999999849e-02
1.929994000000000154e-02
2.071276000000000020e-02
2.123856000000000008e-02
1.948234999999999897e-02
1.895613000000000159e-02
1.981010999999999883e-02
2.042586999999999875e-02
1.950268000000000140e-02
1.818312999999999874e-02
2.049062999999999926e-02
2.336977999999999972e-02
2.477893000000000109e-02
2.511257999999999893e-02
2.313457999999999834e-02
1.881682000000000146e-02
1.789106999999999850e-02
2.095011000000000095e-02
2.151167000000000010e-02
2.312420999999999921e-02
2.310453000000000159e-02
1.978540999999999980e-02
1.853176999999999949e-02
1.903902999999999845e-02
1.995459999999999942e-02
2.132979000000000125e-02
2.133813000000000029e-02
1.672631999999999938e-02
