2.223113000000000172e-02
2.174057000000000073e-02
2.203739000000000045e-02
1.875767999999999880e-02
1.943191000000000015e-02
2.015395999999999854e-02
2.027036000000000115e-02
1.979523000000000046e-02
1.874077000000000034e-02
1.908945999999999907e-02
1.853023999999999991e-02
1.901152999999999871e-02
2.003038999999999861e-02
2.010535999999999920e-02
2.066832000000000044e-02
1.855464999999999892e-02
1.886561999999999961e-02
2.023677000000000115e-02
2.127145999999999898e-02
2.136205999999999869e-02
2.154831000000000107e-02
1.930186000000000054e-02
2.408899999999999930e-02
2.534039999999999904e-02
2.526395999999999850e-02
2.508635000000000032e-02
2.115314999999999904e-02
1.895472999999999950e-02
1.921461000000000002e-02
2.271580000000000127e-02
2.301355999999999888e-02
2.849598999999999882e-02
2.982672000000000101e-02
3.093885000000000038e-02
3.656939000000000023e-02
3.397771000000000124e-02
2.920883000000000160e-02
2.460044999999999940e-02
2.497423000000000004e-02
3.193573999999999719e-02
5.561823999999999935e-02
8.947146000000000265e-02
1.090282899999999999e-01
1.184820000000000040e-01
1.153802599999999984e-01
9.032869999999999788e-02
7.176804000000000516e-02
5.468370000000000175e-02
3.477182000000000189e-02
2.165989999999999929e-02
1.981424000000000032e-02
2.146193999999999880e-02
2.458337999999999843e-02
3.342511000000000093e-02
4.457168999999999714e-02
5.145219999999999655e-02
4.513310999999999712e-02
4.153115999999999752e-02
4.110620000000000246e-02
4.297804000000000207e-02
3.431193999999999911e-02
2.591169000000000111e-02
2.030919000000000127e-02
1.755790999999999949e-02
