3.768628000000000255e-02
3.936714000000000185e-02
2.633080999999999963e-02
2.203147000000000091e-02
2.314027000000000098e-02
2.637509999999999855e-02
2.568882000000000110e-02
2.673996000000000012e-02
2.950554000000000024e-02
3.574320999999999748e-02
3.891204999999999664e-02
5.243985999999999786e-02
5.131266000000000299e-02
4.854188999999999726e-02
3.115578999999999918e-02
2.396215000000000150e-02
1.929327000000000125e-02
3.704580999999999846e-02
7.436302999999999663e-02
1.053091800000000022e-01
1.544904300000000119e-01
1.621193599999999901e-01
1.502394099999999899e-01
1.091304099999999971e-01
8.642882999999999816e-02
5.484060999999999797e-02
3.647439000000000237e-02
2.522506999999999874e-02
2.461473000000000133e-02
2.391998000000000041e-02
3.052939000000000000e-02
3.637104000000000031e-02
4.104739999999999778e-02
6.221522000000000163e-02
6.046777999999999875e-02
4.493865999999999833e-02
4.091816000000000203e-02
3.470902000000000015e-02
2.733963000000000018e-02
2.736983000000000124e-02
2.838569999999999982e-02
2.825917000000000012e-02
2.520147999999999833e-02
2.088430999999999968e-02
2.042909000000000044e-02
2.191051000000000110e-02
2.035835000000000075e-02
1.929074999999999887e-02
2.055519999999999917e-02
2.183268999999999835e-02
2.683730000000000143e-02
2.398826999999999904e-02
2.018288000000000026e-02
1.977063999999999905e-02
2.125907000000000144e-02
2.352119999999999905e-02
2.332791000000000031e-02
2.688221999999999834e-02
2.850685000000000024e-02
2.359104000000000062e-02
2.007977999999999846e-02
2.210020000000000040e-02
2.064517000000000088e-02
1.841815999999999939e-02
