2.026555999999999844e-02
2.455836999999999951e-02
2.342775999999999886e-02
1.884873000000000104e-02
1.842388999999999832e-02
1.951189999999999869e-02
2.074511000000000063e-02
1.971383000000000163e-02
2.022004999999999983e-02
2.091165999999999858e-02
1.978072999999999984e-02
1.861797999999999925e-02
1.900386999999999910e-02
1.992061999999999999e-02
2.298323000000000033e-02
2.279509000000000049e-02
1.920590000000000144e-02
1.902221999999999941e-02
2.022674000000000000e-02
2.107766999999999974e-02
2.184316999999999856e-02
1.968086000000000141e-02
2.133617000000000152e-02
2.405178999999999997e-02
2.729563999999999949e-02
3.141830000000000317e-02
2.784468000000000013e-02
2.187423999999999966e-02
1.932723000000000080e-02
2.076050999999999938e-02
2.327069999999999833e-02
2.711459000000000091e-02
3.063654999999999851e-02
3.542858000000000118e-02
3.654633999999999661e-02
4.229904000000000303e-02
4.464905000000000262e-02
3.515461000000000280e-02
2.586062000000000083e-02
2.062531000000000087e-02
2.950082999999999872e-02
5.306654999999999706e-02
8.474590999999999374e-02
1.180160600000000060e-01
1.225386900000000057e-01
1.298405499999999990e-01
1.074094500000000035e-01
1.117508499999999988e-01
8.054455000000000642e-02
4.485407999999999756e-02
3.207734000000000280e-02
2.822308000000000108e-02
2.012958999999999929e-02
2.336828999999999990e-02
3.290376999999999885e-02
3.408652999999999683e-02
3.246050999999999798e-02
3.123006000000000046e-02
4.224895000000000039e-02
4.719563000000000230e-02
4.832608000000000043e-02
3.836698999999999665e-02
2.747809000000000015e-02
1.769367000000000162e-02
