3.606741000000000114e-02
6.925024000000000457e-02
7.352055000000000395e-02
6.704923999999999606e-02
5.712330999999999659e-02
5.059084999999999971e-02
4.310548000000000157e-02
2.975500000000000020e-02
2.198904999999999957e-02
2.193621000000000112e-02
2.264151000000000011e-02
2.239957000000000059e-02
2.602948000000000067e-02
2.761515999999999971e-02
3.147799999999999904e-02
3.299628000000000283e-02
3.694548999999999750e-02
3.760820000000000135e-02
2.922225999999999990e-02
2.423987999999999837e-02
2.085682999999999981e-02
2.051771999999999971e-02
1.970388000000000001e-02
1.995856999999999840e-02
2.315048999999999926e-02
2.240357000000000112e-02
1.924172000000000035e-02
1.940655999999999978e-02
1.968227000000000171e-02
1.990248000000000017e-02
2.082084999999999839e-02
2.106417000000000012e-02
2.058799999999999866e-02
1.881193999999999922e-02
1.963445000000000121e-02
1.970239000000000018e-02
2.079871999999999971e-02
2.110095000000000026e-02
2.028639000000000137e-02
1.889845000000000066e-02
1.864350000000000035e-02
2.089635000000000103e-02
2.251995999999999859e-02
2.309854999999999894e-02
2.052456000000000072e-02
1.891813999999999996e-02
1.966176000000000035e-02
2.126089999999999924e-02
2.096193000000000015e-02
1.952384000000000064e-02
1.924506999999999954e-02
1.855160000000000142e-02
1.811984000000000164e-02
1.931288999999999922e-02
1.992373999999999881e-02
1.922909999999999897e-02
1.879721999999999990e-02
1.856609999999999858e-02
1.822943000000000133e-02
1.858765000000000070e-02
1.893243000000000009e-02
1.982195000000000137e-02
1.795907000000000059e-02
1.633456999999999965e-02
