1.768946999999999881e-02
2.139686999999999839e-02
2.215751999999999999e-02
2.237638999999999947e-02
2.294430999999999901e-02
2.416853000000000057e-02
2.411933000000000132e-02
2.309995999999999924e-02
2.319602999999999943e-02
2.151174999999999962e-02
1.962968000000000005e-02
2.011806000000000011e-02
2.419796999999999920e-02
3.122027000000000135e-02
3.952657999999999866e-02
5.194143999999999844e-02
5.233966000000000313e-02
4.719873000000000124e-02
4.128698000000000090e-02
3.629322000000000104e-02
2.946657999999999916e-02
2.367437000000000014e-02
1.971641999999999839e-02
1.841631000000000171e-02
1.876415000000000027e-02
1.926925999999999986e-02
2.032710999999999893e-02
2.056070000000000120e-02
2.194286999999999974e-02
2.559934999999999988e-02
2.487537999999999902e-02
2.197239000000000136e-02
2.076147000000000062e-02
1.877474000000000157e-02
1.931317000000000103e-02
1.926577000000000151e-02
1.976067999999999922e-02
1.845689000000000010e-02
1.861261999999999986e-02
1.880984000000000128e-02
1.896333999999999867e-02
1.872116000000000058e-02
1.856444999999999970e-02
1.835488000000000050e-02
1.777435000000000126e-02
1.848400999999999864e-02
1.873003999999999988e-02
1.865465999999999999e-02
1.795884000000000022e-02
1.947170999999999971e-02
1.989118999999999957e-02
1.999681000000000028e-02
1.982791000000000067e-02
1.872532999999999836e-02
1.820746999999999990e-02
1.870911999999999922e-02
1.825293999999999875e-02
1.955586999999999950e-02
1.989337999999999870e-02
1.851689999999999933e-02
1.918633000000000144e-02
1.970790999999999862e-02
1.781999000000000083e-02
1.622093000000000146e-02
