1.948520999999999934e-02
2.989918999999999910e-02
4.490430000000000116e-02
3.919315999999999772e-02
4.162675999999999876e-02
5.539485999999999716e-02
5.072841000000000156e-02
5.028065000000000312e-02
3.931954000000000005e-02
3.274834000000000078e-02
2.462452000000000044e-02
2.782186000000000034e-02
5.944713000000000080e-02
9.711672999999999834e-02
1.231166000000000066e-01
1.695761500000000088e-01
1.712552200000000135e-01
1.477267700000000072e-01
1.198376000000000025e-01
8.969159999999999633e-02
5.691092999999999846e-02
3.565143999999999952e-02
2.342320999999999986e-02
2.179880999999999833e-02
2.195495999999999906e-02
2.520468000000000014e-02
3.117417999999999925e-02
3.699658000000000113e-02
4.486446000000000184e-02
6.144712000000000091e-02
5.260829999999999673e-02
3.973768999999999912e-02
3.102275000000000171e-02
2.505351999999999926e-02
2.923537999999999831e-02
2.983594999999999997e-02
2.606703999999999966e-02
2.028111000000000150e-02
2.152424000000000004e-02
2.376562999999999939e-02
2.245658999999999850e-02
2.085820999999999856e-02
1.917717999999999853e-02
1.871700999999999920e-02
1.974920999999999968e-02
2.082124000000000127e-02
2.250111000000000125e-02
2.177542999999999840e-02
2.149981000000000114e-02
2.847931000000000074e-02
3.150229000000000223e-02
2.645553000000000141e-02
2.340814999999999910e-02
2.081022000000000080e-02
1.934933999999999960e-02
2.097065000000000040e-02
2.289377999999999899e-02
2.515380000000000046e-02
2.583395999999999956e-02
2.184024000000000035e-02
1.877855000000000149e-02
1.994572999999999832e-02
1.862706999999999904e-02
1.844911000000000120e-02
