1.940866999999999939e-02
2.580251999999999893e-02
3.103395999999999932e-02
3.602497999999999811e-02
4.003434000000000159e-02
4.238109999999999794e-02
3.775760000000000227e-02
3.500394999999999895e-02
3.085842999999999919e-02
2.941852000000000009e-02
2.407137000000000165e-02
1.981037999999999896e-02
1.844242000000000103e-02
1.830570999999999934e-02
1.864690999999999918e-02
1.891504999999999923e-02
1.966561000000000003e-02
2.018682000000000115e-02
2.072724999999999915e-02
2.071337999999999999e-02
2.125488999999999851e-02
2.035910999999999971e-02
1.942330999999999919e-02
1.825517000000000112e-02
1.807345999999999953e-02
1.829895999999999953e-02
1.859132999999999966e-02
1.845259999999999956e-02
1.846706000000000042e-02
1.842674999999999869e-02
1.751033000000000103e-02
1.796017999999999920e-02
1.802812000000000164e-02
1.742729000000000153e-02
1.760640999999999942e-02
1.781084000000000139e-02
1.796265000000000014e-02
1.833005999999999872e-02
1.841705999999999899e-02
1.810927999999999843e-02
1.794271000000000060e-02
1.815705999999999917e-02
1.818989000000000023e-02
1.810553999999999983e-02
1.824987000000000137e-02
1.829748999999999959e-02
1.829286000000000106e-02
1.793977000000000072e-02
1.725838000000000025e-02
1.743315999999999963e-02
1.787135999999999933e-02
1.785047000000000023e-02
1.817378999999999870e-02
1.848228000000000024e-02
1.817488999999999910e-02
1.779665999999999887e-02
1.778916999999999998e-02
1.820443999999999882e-02
1.807444000000000064e-02
1.789431999999999828e-02
1.755705999999999933e-02
1.764688999999999841e-02
1.677350999999999842e-02
1.568011999999999878e-02
