1.630966999999999834e-02
1.760975000000000040e-02
1.816127999999999840e-02
1.941112000000000046e-02
2.060497000000000023e-02
2.219642000000000143e-02
2.363275000000000098e-02
2.436593000000000092e-02
2.422014000000000111e-02
2.527942999999999857e-02
2.393959000000000018e-02
2.181243000000000071e-02
2.078245000000000092e-02
1.982801000000000008e-02
1.876635999999999929e-02
1.842807999999999946e-02
1.821829999999999977e-02
1.758072999999999927e-02
1.788810999999999873e-02
1.815160999999999858e-02
1.844364999999999893e-02
1.931592000000000031e-02
1.912656999999999899e-02
1.846160999999999983e-02
1.896865999999999830e-02
1.902473999999999832e-02
1.862079000000000165e-02
1.824643999999999919e-02
1.865574000000000052e-02
1.785228000000000162e-02
1.813406999999999866e-02
1.791291000000000064e-02
1.790307000000000009e-02
1.794607000000000147e-02
1.783606000000000080e-02
1.753814999999999888e-02
1.800206999999999849e-02
1.840767000000000098e-02
1.809683999999999945e-02
1.757670999999999886e-02
1.757351000000000052e-02
1.815086000000000130e-02
1.847443000000000002e-02
1.831230999999999831e-02
1.791157999999999986e-02
1.724892999999999912e-02
1.777934999999999932e-02
1.792476000000000139e-02
1.811139999999999972e-02
1.833678999999999865e-02
1.827697000000000002e-02
1.796371999999999899e-02
1.740111000000000088e-02
1.818892999999999899e-02
1.829450999999999994e-02
1.868964999999999863e-02
1.821038999999999991e-02
1.755127000000000076e-02
1.760114999999999943e-02
1.774710999999999997e-02
1.772868999999999834e-02
1.863541999999999976e-02
1.759617999999999946e-02
1.581486000000000003e-02
