1.802547999999999997e-02
2.538713000000000081e-02
4.124773999999999802e-02
7.362306000000000406e-02
1.095245400000000036e-01
1.391144800000000126e-01
1.600946199999999930e-01
1.963140399999999952e-01
1.742340199999999895e-01
1.903567899999999979e-01
1.545296899999999973e-01
1.075835299999999967e-01
7.825554999999999317e-02
5.214774999999999966e-02
2.652534999999999962e-02
2.378769000000000022e-02
2.393564999999999929e-02
2.300585999999999950e-02
2.617140999999999912e-02
3.314444999999999891e-02
4.221562000000000231e-02
4.457892000000000104e-02
3.632099999999999912e-02
3.528184000000000181e-02
3.580789999999999668e-02
2.763801000000000105e-02
2.548597999999999836e-02
2.229383000000000059e-02
2.304638000000000173e-02
2.170290000000000066e-02
2.044299999999999937e-02
1.977867000000000167e-02
1.927829000000000001e-02
1.920474000000000139e-02
1.875144000000000116e-02
1.826173999999999853e-02
1.992000000000000021e-02
1.914133000000000154e-02
1.840862999999999874e-02
1.793979999999999880e-02
1.799668000000000101e-02
1.818426999999999891e-02
1.853174000000000141e-02
1.810969999999999941e-02
1.799386000000000041e-02
1.830398000000000094e-02
1.837576000000000140e-02
1.820367000000000166e-02
1.965599999999999986e-02
2.026634000000000074e-02
2.035789000000000001e-02
1.951251000000000027e-02
1.802395000000000039e-02
1.872445000000000012e-02
2.137218000000000104e-02
2.235178000000000165e-02
2.045303999999999872e-02
1.904109999999999830e-02
1.888346000000000122e-02
1.911113999999999868e-02
1.898820999999999842e-02
2.237060000000000090e-02
2.199088000000000084e-02
1.721692000000000014e-02
