3.157399999999999790e-02
4.145962999999999732e-02
5.062110999999999694e-02
3.883578000000000030e-02
4.799251999999999685e-02
4.093207000000000095e-02
2.452769000000000130e-02
2.208625000000000171e-02
4.193107000000000084e-02
6.646317000000000197e-02
9.297742000000000506e-02
1.152327499999999949e-01
1.594524499999999956e-01
1.433299600000000062e-01
1.280491800000000124e-01
1.153106400000000059e-01
8.784926999999999320e-02
5.483501999999999821e-02
3.178348000000000284e-02
1.962103999999999931e-02
2.079570000000000030e-02
2.176302000000000098e-02
2.356437999999999935e-02
3.033599999999999838e-02
3.932750000000000135e-02
4.377062000000000314e-02
4.298202000000000272e-02
3.995782999999999974e-02
3.208677000000000057e-02
2.548150000000000068e-02
2.316450999999999927e-02
2.379956000000000085e-02
2.775444999999999995e-02
2.979841000000000087e-02
2.684790000000000093e-02
2.819806999999999869e-02
2.374441000000000052e-02
2.125981999999999872e-02
2.054931000000000119e-02
2.120493000000000031e-02
2.064368999999999926e-02
1.983162999999999940e-02
1.975959000000000049e-02
1.975036000000000153e-02
2.005569000000000102e-02
2.081705999999999834e-02
2.267481999999999831e-02
2.691164999999999877e-02
2.509940999999999908e-02
2.406439999999999968e-02
2.094661000000000092e-02
2.142942000000000111e-02
2.197423000000000085e-02
2.418230999999999853e-02
2.472769000000000009e-02
2.075789000000000106e-02
1.954513999999999904e-02
1.946526000000000159e-02
2.048965000000000161e-02
2.522740999999999872e-02
2.649974999999999900e-02
2.391748999999999958e-02
2.054370999999999975e-02
1.768277999999999864e-02
