2.807093000000000088e-02
2.664081000000000088e-02
2.497991999999999921e-02
3.523248999999999825e-02
8.001030000000000642e-02
1.091318700000000058e-01
1.506359700000000079e-01
2.407419100000000034e-01
2.411450599999999944e-01
2.664491800000000077e-01
1.811810399999999877e-01
1.735514599999999907e-01
1.414498499999999881e-01
1.025864699999999990e-01
3.831758999999999860e-02
2.787707999999999853e-02
2.390563000000000063e-02
2.250564999999999857e-02
2.579412000000000024e-02
2.788592000000000154e-02
3.037747000000000017e-02
3.206251999999999713e-02
4.734999000000000152e-02
3.887668999999999847e-02
5.259931000000000328e-02
4.002083000000000029e-02
1.963163999999999881e-02
2.049936999999999940e-02
2.434218000000000146e-02
2.359081000000000025e-02
2.143112000000000142e-02
2.267695000000000127e-02
1.958444999999999978e-02
1.888518999999999962e-02
1.973580000000000126e-02
1.807276000000000021e-02
2.137280000000000083e-02
2.168849000000000124e-02
1.847036000000000164e-02
1.803572000000000161e-02
1.786946999999999841e-02
1.910453999999999972e-02
2.011065999999999895e-02
1.909293000000000101e-02
1.969566999999999846e-02
1.843929000000000054e-02
1.866040000000000060e-02
1.827403000000000013e-02
1.887646999999999936e-02
2.011088999999999932e-02
2.051166999999999921e-02
1.861871000000000012e-02
1.769737000000000046e-02
1.832821000000000103e-02
1.885395000000000126e-02
1.969204000000000093e-02
1.895422000000000079e-02
1.871435000000000112e-02
1.902689000000000116e-02
1.903946999999999931e-02
1.885126999999999983e-02
1.874326999999999938e-02
1.810354000000000130e-02
1.643369999999999900e-02
