1.687755000000000158e-02
1.804222999999999938e-02
1.806173999999999974e-02
1.767851999999999965e-02
1.924580000000000041e-02
2.021020000000000108e-02
2.001835000000000073e-02
2.041526999999999925e-02
1.970606999999999914e-02
1.882769000000000109e-02
1.809409000000000017e-02
1.827383000000000132e-02
1.945913999999999977e-02
1.996571000000000110e-02
1.922077000000000160e-02
1.903370000000000062e-02
1.839676000000000158e-02
1.847831999999999947e-02
1.946113000000000010e-02
2.030977999999999950e-02
1.972959999999999992e-02
1.938988000000000170e-02
1.979006999999999988e-02
1.970550000000000079e-02
2.021395000000000136e-02
2.096686999999999856e-02
1.994448000000000054e-02
1.931217000000000003e-02
1.901413000000000061e-02
1.892610999999999946e-02
1.902975000000000153e-02
1.898711999999999969e-02
1.953774000000000136e-02
2.102329000000000003e-02
2.297317999999999930e-02
2.177048999999999998e-02
1.986334000000000016e-02
1.976305000000000076e-02
2.062906000000000115e-02
2.067443000000000058e-02
2.074706000000000120e-02
2.077754000000000059e-02
2.211524000000000129e-02
2.379942999999999989e-02
2.484627000000000016e-02
2.516913000000000136e-02
2.860282000000000102e-02
2.851460999999999926e-02
2.215372999999999995e-02
2.132571999999999940e-02
2.239183000000000145e-02
2.912990999999999844e-02
3.615010999999999919e-02
4.967234999999999706e-02
5.818863999999999981e-02
6.274620999999999671e-02
6.471633000000000246e-02
6.516888999999999321e-02
6.037403000000000214e-02
4.752400999999999848e-02
3.761500999999999734e-02
2.936632999999999952e-02
2.198748999999999842e-02
1.689844999999999889e-02
