1.882477000000000109e-02
2.321725999999999998e-02
2.263524000000000092e-02
2.277366000000000112e-02
2.233154000000000042e-02
1.982568999999999998e-02
2.056925999999999893e-02
2.410479999999999914e-02
2.160776999999999837e-02
2.097450000000000009e-02
1.924593000000000137e-02
1.984833999999999904e-02
2.194298999999999902e-02
2.281247999999999956e-02
2.354817999999999842e-02
2.312648000000000134e-02
2.120746000000000089e-02
2.372700000000000156e-02
2.924857999999999972e-02
3.884003999999999929e-02
3.944658999999999666e-02
3.666305000000000258e-02
2.365880000000000066e-02
2.111154999999999976e-02
2.770602999999999955e-02
3.096834000000000045e-02
3.453791999999999973e-02
3.020520999999999970e-02
3.014367000000000088e-02
4.109191999999999706e-02
5.478072999999999970e-02
5.069723999999999758e-02
3.788108999999999921e-02
2.493217000000000003e-02
2.619362000000000079e-02
4.886623999999999829e-02
8.546402999999999639e-02
1.491075799999999896e-01
2.043587000000000042e-01
1.666059000000000012e-01
1.354118300000000108e-01
1.267233000000000109e-01
1.004555899999999974e-01
5.507201999999999931e-02
3.229789000000000271e-02
2.219546000000000019e-02
1.972627999999999882e-02
2.078566999999999915e-02
2.272665000000000102e-02
2.768171999999999994e-02
3.683353000000000321e-02
5.053577000000000069e-02
5.811249999999999749e-02
5.994597000000000120e-02
5.438524000000000136e-02
4.757008499999999807e-02
4.075493000000000171e-02
2.564866000000000021e-02
2.366292000000000048e-02
2.230129000000000139e-02
2.206160000000000065e-02
2.606748000000000051e-02
2.227461000000000024e-02
1.818331000000000114e-02
