1.776178999999999952e-02
1.929569000000000076e-02
1.857663999999999843e-02
1.801463999999999843e-02
1.914460999999999941e-02
2.190138999999999975e-02
2.458754999999999968e-02
2.543414999999999912e-02
2.504924999999999860e-02
2.108118999999999965e-02
1.896449000000000051e-02
1.844679999999999931e-02
2.080823000000000048e-02
2.202083999999999986e-02
2.330110000000000167e-02
2.211300000000000071e-02
1.889769999999999991e-02
1.968311999999999840e-02
2.254917999999999853e-02
2.526300999999999894e-02
2.283556000000000127e-02
2.139063999999999896e-02
2.279455000000000023e-02
2.301223000000000157e-02
2.736314000000000107e-02
2.879106000000000026e-02
2.224798999999999874e-02
1.996747000000000105e-02
1.823676999999999937e-02
1.977893000000000012e-02
2.120618000000000156e-02
2.122846000000000108e-02
2.149913000000000171e-02
2.739847000000000116e-02
3.367176000000000197e-02
3.113633000000000026e-02
2.457484000000000057e-02
2.342255999999999852e-02
2.426116999999999857e-02
2.722810999999999981e-02
2.652913000000000146e-02
2.950639000000000040e-02
3.413727999999999901e-02
3.786960999999999800e-02
3.849701999999999985e-02
4.673831999999999987e-02
5.507701999999999737e-02
4.944451999999999875e-02
3.125038000000000121e-02
2.501890999999999837e-02
2.465842000000000034e-02
3.950199000000000071e-02
5.431626999999999983e-02
1.068690499999999932e-01
1.189197200000000065e-01
1.265866499999999950e-01
1.301872900000000111e-01
1.402328200000000080e-01
1.379558100000000120e-01
1.130411100000000002e-01
8.980209000000000108e-02
6.971782999999999453e-02
4.096870999999999846e-02
2.047676000000000010e-02
