2.378301999999999847e-02
2.706079999999999944e-02
1.971291000000000015e-02
1.842138000000000109e-02
1.835934999999999997e-02
1.834144000000000052e-02
1.899721000000000048e-02
2.086125000000000132e-02
2.220716000000000009e-02
2.115204999999999863e-02
1.923785999999999899e-02
2.083996999999999933e-02
2.433511999999999828e-02
2.761158999999999836e-02
2.468377999999999892e-02
1.908411000000000135e-02
1.830481999999999942e-02
2.047273999999999969e-02
2.269225999999999882e-02
2.029786999999999911e-02
1.960925000000000168e-02
2.018719999999999890e-02
2.068827999999999986e-02
2.369015999999999830e-02
2.594749000000000014e-02
2.388534999999999964e-02
2.202718000000000037e-02
2.270710999999999910e-02
3.032920999999999881e-02
3.882101999999999775e-02
2.910462000000000118e-02
2.148421999999999832e-02
1.887505000000000085e-02
2.053193000000000032e-02
2.546580000000000024e-02
3.266524999999999984e-02
3.329928000000000055e-02
3.029832999999999832e-02
2.993944999999999940e-02
3.800102999999999814e-02
4.993155999999999983e-02
4.309372999999999676e-02
3.003824999999999898e-02
2.352515999999999982e-02
3.018469999999999834e-02
5.958382000000000261e-02
9.236690000000000178e-02
1.148103199999999935e-01
1.430901900000000060e-01
1.502283700000000000e-01
1.486970499999999973e-01
1.264447399999999999e-01
1.058003899999999942e-01
8.956910999999999345e-02
6.404121999999999593e-02
3.206240999999999952e-02
2.503852999999999981e-02
2.497892999999999988e-02
2.104394000000000056e-02
1.850554000000000088e-02
2.092969000000000079e-02
2.421113999999999905e-02
2.189734999999999945e-02
1.827029000000000153e-02
