2.313824999999999910e-02
2.662006999999999915e-02
1.949528000000000025e-02
1.980958999999999845e-02
1.928078999999999904e-02
2.043510000000000118e-02
2.773132999999999848e-02
4.053529000000000160e-02
5.042169999999999985e-02
5.922532999999999964e-02
5.863750999999999686e-02
5.577166000000000068e-02
5.546405000000000085e-02
4.402512000000000092e-02
3.224126000000000075e-02
2.756499999999999923e-02
2.185604999999999840e-02
1.837404999999999941e-02
1.927473999999999854e-02
1.921642999999999962e-02
1.917502000000000095e-02
2.128736999999999990e-02
2.232796000000000086e-02
2.359324999999999964e-02
2.655037999999999843e-02
2.570363999999999982e-02
2.226935999999999846e-02
1.902565000000000159e-02
1.909604000000000162e-02
1.956449000000000035e-02
1.986952999999999983e-02
1.916717999999999894e-02
1.975127000000000133e-02
1.990986000000000145e-02
2.089859999999999982e-02
1.915120000000000017e-02
1.929138000000000033e-02
1.965416000000000038e-02
1.918334999999999832e-02
1.863296000000000049e-02
1.837880999999999890e-02
1.809844999999999857e-02
1.853333000000000064e-02
1.899874000000000007e-02
1.981441000000000105e-02
1.987256000000000092e-02
1.962819000000000022e-02
1.869103000000000084e-02
1.819758999999999960e-02
1.916141000000000025e-02
2.060609000000000052e-02
2.018021000000000051e-02
1.965541999999999984e-02
1.816190999999999986e-02
1.833583000000000088e-02
1.848119000000000151e-02
1.854712000000000027e-02
1.921254999999999838e-02
1.967783000000000032e-02
1.936888999999999972e-02
1.907158000000000117e-02
1.900608000000000158e-02
1.769594000000000028e-02
1.604270000000000002e-02
