2.129862999999999895e-02
2.683023000000000005e-02
3.782541999999999849e-02
4.202187000000000283e-02
3.689475999999999867e-02
3.154407000000000044e-02
2.552853999999999887e-02
2.107474999999999973e-02
2.344664000000000123e-02
2.376572999999999880e-02
2.356393999999999850e-02
2.199587000000000070e-02
2.419512000000000052e-02
3.227412000000000336e-02
3.645821999999999952e-02
5.441885999999999945e-02
5.367708000000000201e-02
3.216010999999999870e-02
2.465320999999999832e-02
2.493367999999999973e-02
2.737693999999999891e-02
5.036368000000000095e-02
7.110661000000000065e-02
9.124801999999999913e-02
1.182158999999999988e-01
1.412682700000000013e-01
1.192714200000000030e-01
9.976643999999999790e-02
7.816383999999999832e-02
4.525776000000000104e-02
3.101775999999999839e-02
2.400038999999999992e-02
2.365994000000000083e-02
2.435060000000000002e-02
3.057701999999999989e-02
3.102796000000000026e-02
3.860103000000000145e-02
5.016117999999999966e-02
4.498262000000000094e-02
3.267549000000000148e-02
3.081160999999999969e-02
2.339543999999999999e-02
2.211176999999999934e-02
2.275877000000000108e-02
2.618194999999999897e-02
2.283547000000000007e-02
2.124902999999999861e-02
2.436262999999999970e-02
2.406791999999999959e-02
2.058779999999999985e-02
1.951220999999999858e-02
1.878302999999999917e-02
1.886318000000000022e-02
2.289897999999999934e-02
2.508474000000000120e-02
2.301473000000000060e-02
2.169673999999999908e-02
2.023174000000000153e-02
2.138817999999999969e-02
2.251014000000000140e-02
2.206332000000000085e-02
2.635532000000000152e-02
2.128613000000000033e-02
1.724370000000000069e-02
