1.822595999999999938e-02
2.298833000000000126e-02
1.960367999999999833e-02
1.865734999999999963e-02
2.474592999999999932e-02
3.006711999999999926e-02
3.720475000000000171e-02
3.909126999999999741e-02
3.169889000000000040e-02
2.219056999999999974e-02
1.899353000000000152e-02
2.124090000000000006e-02
2.926445999999999908e-02
2.770622999999999836e-02
2.829229000000000119e-02
2.683336999999999875e-02
2.194431000000000159e-02
2.543801999999999869e-02
3.553991000000000094e-02
3.274056000000000188e-02
2.863312999999999969e-02
2.575047999999999920e-02
3.071228999999999973e-02
2.819498000000000143e-02
3.143713000000000063e-02
3.626578999999999914e-02
2.773271999999999890e-02
2.428753999999999982e-02
2.242544999999999955e-02
2.293229000000000101e-02
2.791617999999999877e-02
2.216788999999999912e-02
2.905583000000000124e-02
3.728080999999999756e-02
4.229249000000000203e-02
4.176902999999999866e-02
3.075268999999999919e-02
2.679787000000000141e-02
2.816516000000000158e-02
2.948842000000000130e-02
3.107578999999999897e-02
3.229590999999999712e-02
3.640746999999999733e-02
4.133711999999999803e-02
4.560811000000000032e-02
5.074765999999999999e-02
6.514757000000000187e-02
5.203595999999999916e-02
3.322138000000000174e-02
3.039048999999999917e-02
2.911468000000000042e-02
5.645961000000000035e-02
9.167582000000000508e-02
1.834836900000000048e-01
2.291194099999999956e-01
2.262862200000000101e-01
2.313184399999999863e-01
2.224065699999999979e-01
1.897054499999999977e-01
1.509326400000000068e-01
9.901714999999999822e-02
6.169840000000000046e-02
3.326041999999999887e-02
2.031809000000000046e-02
