2.400446999999999997e-02
2.280354000000000061e-02
2.118752000000000135e-02
2.082176000000000166e-02
2.231767000000000126e-02
2.180698000000000011e-02
1.879371000000000166e-02
1.945507000000000139e-02
1.986189999999999831e-02
1.914959999999999926e-02
2.050336000000000172e-02
2.173556000000000099e-02
2.507482999999999934e-02
2.345146999999999857e-02
2.076771999999999993e-02
2.025131000000000153e-02
1.985469999999999943e-02
1.898114999999999872e-02
2.083760000000000126e-02
1.985226000000000005e-02
1.845803999999999848e-02
2.050358000000000042e-02
2.166337000000000124e-02
2.520468999999999835e-02
2.634906999999999874e-02
2.333951999999999902e-02
2.418321999999999833e-02
2.366356999999999836e-02
2.627410999999999983e-02
2.874948999999999907e-02
2.157803999999999972e-02
1.881744999999999945e-02
2.009978999999999932e-02
2.221667999999999907e-02
2.428958999999999979e-02
2.438244999999999996e-02
2.304161999999999877e-02
2.373288999999999954e-02
2.976596999999999923e-02
3.396993999999999708e-02
3.218006999999999812e-02
2.730273000000000075e-02
2.318523999999999932e-02
2.623365999999999892e-02
3.628061999999999954e-02
6.162415000000000254e-02
7.823439000000000088e-02
9.201813000000000353e-02
9.029555000000000220e-02
8.086891000000000218e-02
8.255756999999999679e-02
7.750912000000000079e-02
6.057325000000000209e-02
4.699725999999999904e-02
2.766203000000000065e-02
2.445456999999999839e-02
2.231485999999999886e-02
2.231278999999999901e-02
2.152930000000000121e-02
2.278671999999999989e-02
2.467215000000000033e-02
2.735966000000000092e-02
2.253370000000000026e-02
1.754877999999999993e-02
