1.972609999999999988e-02
2.058735000000000079e-02
2.438407999999999895e-02
2.800862999999999964e-02
3.377333999999999892e-02
3.224240999999999913e-02
2.930873999999999979e-02
2.289182000000000022e-02
2.105204000000000103e-02
2.455417999999999837e-02
2.937576999999999897e-02
2.478077999999999878e-02
2.246068000000000023e-02
2.139722000000000152e-02
1.986144000000000104e-02
2.581728000000000148e-02
3.264667000000000263e-02
3.294248999999999789e-02
2.392607999999999888e-02
2.391547000000000117e-02
2.407971000000000070e-02
2.812254999999999963e-02
3.228048000000000028e-02
2.786568000000000031e-02
2.186271999999999868e-02
2.440055000000000002e-02
2.930270000000000097e-02
3.836558999999999803e-02
2.801922999999999914e-02
2.373731999999999925e-02
2.886437000000000030e-02
2.995636999999999953e-02
3.354267999999999833e-02
4.197842999999999714e-02
3.377625000000000072e-02
2.896048000000000025e-02
2.892926999999999998e-02
3.884088000000000124e-02
3.989995000000000347e-02
3.459927000000000141e-02
3.245620999999999923e-02
3.694826999999999834e-02
5.348912000000000111e-02
7.095969000000000582e-02
5.857931999999999723e-02
3.623312000000000060e-02
2.996209999999999846e-02
3.862650000000000111e-02
6.976749000000000145e-02
1.329813499999999982e-01
1.802831000000000017e-01
1.851447099999999901e-01
2.222649200000000047e-01
2.454477399999999976e-01
2.230692999999999981e-01
1.576486699999999908e-01
1.484397899999999881e-01
9.218200000000000005e-02
7.110500000000000154e-02
4.239903999999999895e-02
3.113194999999999851e-02
2.645681999999999895e-02
2.299997999999999973e-02
2.057348000000000163e-02
