1.724938999999999986e-02
1.888220999999999997e-02
2.362171999999999883e-02
2.745500000000000024e-02
2.931189999999999837e-02
2.438668000000000086e-02
2.038370999999999933e-02
1.949462000000000070e-02
1.980907000000000154e-02
2.132372000000000087e-02
2.264249000000000123e-02
1.918181999999999873e-02
1.935009000000000035e-02
1.889450000000000157e-02
2.081513000000000113e-02
2.164935999999999944e-02
2.019576000000000010e-02
1.966056999999999874e-02
2.103148999999999991e-02
2.506128999999999996e-02
3.217045000000000321e-02
3.399279999999999663e-02
2.878547000000000050e-02
2.042698999999999904e-02
1.923170999999999908e-02
2.143066000000000068e-02
3.253406999999999827e-02
3.201574000000000086e-02
2.664303000000000157e-02
3.113646999999999943e-02
3.489152000000000226e-02
3.663041000000000214e-02
3.115986000000000103e-02
2.201693999999999873e-02
2.114964000000000080e-02
2.327192999999999970e-02
3.325928000000000218e-02
6.361218999999999901e-02
1.025344200000000011e-01
1.048066200000000031e-01
1.110490400000000016e-01
1.123049599999999953e-01
9.169815000000000604e-02
6.450707999999999442e-02
4.513223999999999708e-02
3.015214000000000089e-02
2.258910999999999905e-02
2.015954000000000010e-02
1.831473999999999949e-02
2.068630999999999942e-02
2.568876999999999966e-02
2.922941999999999901e-02
4.163643000000000205e-02
4.127257000000000148e-02
5.149812000000000139e-02
5.317067000000000321e-02
3.996692999999999774e-02
3.075786999999999966e-02
2.662507000000000068e-02
2.114306999999999992e-02
2.045088999999999935e-02
2.274413000000000129e-02
2.044935999999999976e-02
1.675565999999999861e-02
