1.666306999999999858e-02
1.817790999999999851e-02
1.862337000000000020e-02
2.102419999999999983e-02
2.392622000000000151e-02
2.579702000000000037e-02
2.497571000000000166e-02
2.392793000000000003e-02
2.062498999999999930e-02
1.890738999999999961e-02
1.962625000000000133e-02
2.028309999999999835e-02
2.299763999999999975e-02
2.250718000000000163e-02
2.050961999999999924e-02
1.932934999999999862e-02
2.005797000000000135e-02
2.222839000000000065e-02
2.386513999999999996e-02
2.563750999999999877e-02
2.214591999999999949e-02
2.156158000000000033e-02
2.425592999999999846e-02
2.291260999999999992e-02
2.496564000000000075e-02
2.450257000000000129e-02
2.261265999999999970e-02
2.338724999999999832e-02
2.164539000000000046e-02
1.940332999999999988e-02
2.105510000000000020e-02
2.126368000000000008e-02
2.474084000000000005e-02
2.958724000000000076e-02
3.629007000000000066e-02
2.530634000000000008e-02
2.014656000000000086e-02
2.243413000000000004e-02
2.923579999999999929e-02
2.949799000000000171e-02
2.766661000000000120e-02
2.702593999999999830e-02
2.942412999999999973e-02
4.060822000000000043e-02
3.721408999999999828e-02
3.503396999999999761e-02
3.955956000000000056e-02
3.859209000000000250e-02
2.558718999999999924e-02
3.242343999999999782e-02
4.535427000000000208e-02
6.025711000000000261e-02
7.905373999999999735e-02
1.030835900000000027e-01
1.290631399999999929e-01
1.181542500000000023e-01
1.145504799999999962e-01
1.055356100000000019e-01
9.643738999999999784e-02
7.046507000000000465e-02
4.978927999999999826e-02
3.507108999999999921e-02
2.221804999999999961e-02
1.853631000000000029e-02
