1.634230999999999878e-02
1.856450000000000114e-02
1.846284000000000119e-02
1.939603000000000160e-02
2.061798999999999923e-02
2.324118999999999838e-02
2.301995000000000083e-02
2.238539000000000154e-02
2.080825000000000036e-02
1.861898999999999846e-02
1.855054999999999898e-02
1.912882000000000124e-02
2.152957999999999955e-02
2.159068999999999919e-02
2.032814999999999969e-02
1.996271000000000156e-02
1.863636999999999933e-02
2.032526000000000124e-02
2.255081000000000099e-02
2.333607999999999863e-02
2.116426000000000071e-02
1.962505000000000152e-02
2.259873999999999911e-02
2.290437000000000028e-02
2.560116000000000128e-02
2.419612000000000152e-02
2.054105999999999987e-02
2.031093000000000134e-02
1.953741999999999979e-02
2.013215000000000143e-02
2.160590000000000080e-02
2.063894000000000145e-02
2.201296000000000155e-02
2.521243000000000095e-02
2.904962999999999990e-02
2.392212000000000158e-02
1.997828999999999924e-02
2.027634999999999854e-02
2.166517000000000095e-02
2.289491000000000095e-02
2.243430999999999897e-02
2.300887999999999892e-02
2.595149999999999887e-02
3.278376000000000207e-02
3.175925000000000276e-02
3.313884999999999748e-02
3.432568999999999898e-02
3.039566999999999963e-02
2.335103999999999999e-02
2.508639000000000008e-02
2.918909999999999907e-02
3.865244000000000318e-02
5.183232000000000117e-02
7.673272000000000426e-02
8.714244999999999630e-02
8.499470000000000636e-02
8.264478000000000102e-02
7.637149000000000021e-02
7.149266999999999428e-02
5.705119000000000162e-02
4.501934999999999965e-02
3.349006000000000205e-02
2.195594000000000018e-02
1.806844000000000158e-02
