2.053688999999999862e-02
2.416982000000000158e-02
2.210134000000000057e-02
1.960249000000000019e-02
1.942647000000000124e-02
2.040799999999999906e-02
2.145605000000000082e-02
2.142263000000000153e-02
2.005927000000000057e-02
1.966311000000000100e-02
1.927291999999999894e-02
1.939555000000000098e-02
2.002106000000000025e-02
2.092182000000000069e-02
2.158144000000000035e-02
2.208931999999999909e-02
1.906870000000000093e-02
2.144259999999999916e-02
1.991441000000000044e-02
2.208337999999999968e-02
1.985073000000000046e-02
1.927011000000000002e-02
2.217368999999999937e-02
2.383489000000000094e-02
2.861357000000000136e-02
3.031860999999999931e-02
2.642364999999999992e-02
2.060328999999999980e-02
1.863478000000000009e-02
2.046612000000000084e-02
2.374095999999999845e-02
3.668641999999999737e-02
2.877561000000000008e-02
3.027538000000000104e-02
4.867565000000000086e-02
3.271348999999999785e-02
2.957753999999999939e-02
2.795680999999999861e-02
2.296702999999999939e-02
2.355691999999999856e-02
2.613870000000000082e-02
7.996588000000000307e-02
1.059986299999999965e-01
8.190675999999999513e-02
1.599724299999999988e-01
8.228639999999999566e-02
1.542642700000000089e-01
1.322401599999999955e-01
8.468905999999999656e-02
4.197432999999999720e-02
2.698891999999999958e-02
2.135408000000000098e-02
2.171075999999999909e-02
1.989107999999999848e-02
3.705358999999999736e-02
4.686097000000000179e-02
4.365317999999999976e-02
4.461103999999999764e-02
5.284744999999999721e-02
6.149795000000000261e-02
6.095583999999999725e-02
4.078488000000000252e-02
2.590572000000000014e-02
1.689774999999999958e-02
