2.308187999999999906e-02
2.249697999999999976e-02
1.889812000000000089e-02
2.116573000000000065e-02
2.136595000000000161e-02
2.531123000000000053e-02
2.465826000000000129e-02
2.574275999999999995e-02
2.086427000000000073e-02
2.467414000000000066e-02
2.155813999999999994e-02
2.184722999999999873e-02
2.739271999999999888e-02
3.007784999999999972e-02
2.820434999999999956e-02
2.395136000000000140e-02
3.154197000000000251e-02
3.391032000000000074e-02
3.403704999999999925e-02
3.556752999999999998e-02
3.124431999999999904e-02
2.226840999999999890e-02
3.308976000000000278e-02
3.874661000000000077e-02
3.281014000000000153e-02
2.676345999999999933e-02
3.806509000000000281e-02
4.683001999999999998e-02
5.108771000000000145e-02
5.732476999999999712e-02
4.750680000000000180e-02
3.480712999999999863e-02
3.917530000000000318e-02
5.699039999999999662e-02
1.106696900000000011e-01
1.660309600000000052e-01
2.272076799999999952e-01
2.389830400000000077e-01
2.127338500000000021e-01
1.652674500000000102e-01
1.102915700000000054e-01
6.998306999999999445e-02
4.393824999999999814e-02
2.906999999999999862e-02
2.251600999999999950e-02
2.657659999999999884e-02
3.728704000000000046e-02
3.742633000000000071e-02
5.071151000000000131e-02
6.310462999999999489e-02
7.485139999999999849e-02
7.220973999999999449e-02
5.537529000000000062e-02
3.931773999999999686e-02
3.100409000000000151e-02
2.943416999999999908e-02
3.605243999999999810e-02
3.393184999999999951e-02
2.756789000000000114e-02
3.333239999999999814e-02
3.389899999999999858e-02
4.496482999999999730e-02
3.356659000000000032e-02
2.044083999999999832e-02
