2.107461999999999877e-02
2.097289000000000098e-02
1.869501000000000149e-02
1.948855999999999852e-02
2.019709999999999908e-02
1.984245000000000106e-02
1.941230000000000039e-02
1.882980000000000070e-02
1.854876999999999915e-02
1.890690000000000079e-02
1.865879000000000149e-02
2.071057000000000106e-02
2.203478999999999854e-02
2.412894000000000150e-02
2.292428999999999994e-02
2.075157999999999864e-02
1.861020000000000035e-02
1.949512000000000120e-02
2.031523999999999830e-02
1.942674999999999957e-02
2.140258000000000091e-02
2.133718999999999894e-02
2.463285999999999948e-02
2.158822000000000171e-02
2.710697000000000106e-02
2.590276999999999857e-02
2.177149999999999919e-02
2.020291999999999921e-02
2.205524999999999847e-02
3.004932000000000089e-02
3.667556000000000288e-02
4.086002999999999857e-02
5.056328000000000211e-02
5.676976000000000244e-02
4.879307000000000089e-02
4.930887999999999938e-02
4.685808000000000334e-02
2.731762999999999900e-02
2.286745000000000097e-02
2.051804000000000128e-02
1.967409000000000172e-02
2.089908999999999864e-02
2.466246999999999884e-02
2.568691999999999850e-02
2.843845999999999874e-02
3.440532000000000312e-02
3.542698999999999848e-02
3.197748999999999731e-02
2.568582000000000157e-02
2.044077999999999867e-02
1.983361000000000152e-02
2.194439000000000112e-02
1.969894000000000159e-02
2.241875999999999938e-02
2.429289999999999922e-02
2.435876999999999834e-02
2.583308999999999953e-02
3.018908999999999829e-02
2.596325999999999842e-02
2.301664000000000140e-02
2.094421000000000130e-02
2.090935999999999836e-02
1.816575000000000134e-02
1.687790999999999944e-02
