1.624304000000000026e-02
1.818360999999999936e-02
1.852000999999999994e-02
1.886041999999999927e-02
2.192119000000000012e-02
2.352388000000000048e-02
2.186907000000000087e-02
2.101360000000000033e-02
1.919416999999999998e-02
1.872158999999999976e-02
2.018707000000000140e-02
2.015820000000000112e-02
2.056240000000000151e-02
2.125639000000000001e-02
1.941754999999999870e-02
1.956677999999999890e-02
1.984396999999999897e-02
2.112454999999999888e-02
2.173991999999999938e-02
2.275691000000000172e-02
2.077862000000000112e-02
1.923632000000000120e-02
2.157036999999999843e-02
2.109373999999999971e-02
2.096200999999999967e-02
2.094152000000000166e-02
2.052110000000000045e-02
2.064995999999999846e-02
2.049867999999999829e-02
1.955091000000000120e-02
2.018355000000000149e-02
2.035168999999999867e-02
2.218362999999999932e-02
2.584865000000000079e-02
2.959327999999999959e-02
2.493093999999999866e-02
1.923932000000000073e-02
2.154203000000000021e-02
2.607947999999999864e-02
2.569687000000000013e-02
2.269503000000000145e-02
2.292732999999999924e-02
2.888699000000000128e-02
3.449166000000000037e-02
3.472332000000000196e-02
3.434766000000000208e-02
3.647476000000000190e-02
3.067573999999999995e-02
2.465540999999999913e-02
3.598984000000000211e-02
4.707717000000000152e-02
6.557736000000000121e-02
8.621507999999999949e-02
1.233787900000000021e-01
1.375736399999999970e-01
1.279975299999999983e-01
1.173304200000000047e-01
1.093715400000000032e-01
8.872467000000000548e-02
6.560839999999999728e-02
4.201254000000000099e-02
3.013829999999999981e-02
2.233792999999999890e-02
1.838414999999999841e-02
