1.894695000000000060e-02
2.151729000000000142e-02
1.876964000000000063e-02
2.004173000000000066e-02
1.908678000000000111e-02
1.984632000000000063e-02
2.143462999999999966e-02
2.113653000000000060e-02
2.040524000000000157e-02
1.889522000000000077e-02
1.901223000000000149e-02
1.948108000000000131e-02
2.264938999999999841e-02
2.208233999999999891e-02
2.187615999999999866e-02
1.942199000000000009e-02
2.180237999999999968e-02
2.334386000000000100e-02
2.597497000000000000e-02
3.212468999999999741e-02
3.002731000000000150e-02
2.667455999999999994e-02
2.374949999999999978e-02
1.993910999999999947e-02
2.398250999999999855e-02
2.545646000000000020e-02
2.834940000000000029e-02
3.009749000000000105e-02
3.831028999999999685e-02
3.636827000000000115e-02
3.093718999999999983e-02
2.946599000000000093e-02
2.816959999999999950e-02
2.682593000000000130e-02
3.334046000000000232e-02
6.312315000000000287e-02
8.391171000000000046e-02
1.062292900000000040e-01
1.291126300000000060e-01
9.687851999999999575e-02
7.608800999999999759e-02
5.718083000000000193e-02
4.161423000000000205e-02
2.686884999999999968e-02
1.954351000000000005e-02
1.940532000000000021e-02
2.104456999999999856e-02
2.277968000000000007e-02
2.839534999999999976e-02
3.257136000000000059e-02
4.282800999999999969e-02
4.563584999999999864e-02
4.386778999999999679e-02
3.892062999999999773e-02
3.193677000000000321e-02
2.739890000000000034e-02
2.443112999999999882e-02
2.150592000000000129e-02
2.255895999999999943e-02
2.563711999999999935e-02
2.475851000000000093e-02
3.028141000000000166e-02
2.675369999999999832e-02
1.876577000000000106e-02
