3.145575999999999928e-02
3.150382999999999656e-02
2.488301999999999875e-02
2.093491999999999922e-02
2.744386999999999868e-02
4.477039000000000019e-02
7.247683000000000597e-02
8.973071999999999993e-02
1.051937899999999954e-01
1.390306900000000123e-01
1.368180499999999966e-01
1.155802199999999974e-01
1.026529100000000000e-01
7.217814999999999648e-02
4.662573999999999885e-02
3.401545999999999736e-02
2.656609999999999874e-02
2.095972000000000113e-02
2.153296000000000029e-02
2.540080999999999936e-02
2.613087000000000049e-02
2.599022999999999958e-02
3.435934000000000210e-02
4.206225999999999715e-02
4.820420999999999734e-02
4.244801000000000130e-02
2.661766999999999952e-02
2.251753000000000088e-02
2.302330000000000002e-02
2.195617999999999875e-02
2.420686000000000018e-02
2.299133999999999900e-02
2.251732999999999860e-02
2.471123000000000069e-02
2.423281999999999867e-02
2.179893000000000108e-02
2.331224999999999964e-02
2.389702000000000146e-02
2.217080999999999913e-02
1.996107000000000090e-02
2.022372000000000059e-02
2.081805000000000114e-02
2.275075999999999835e-02
2.277824000000000168e-02
2.304379000000000149e-02
2.146819000000000158e-02
2.033066999999999860e-02
1.871951000000000170e-02
2.121902000000000163e-02
2.494851000000000013e-02
2.601815000000000030e-02
2.533561000000000146e-02
2.028117999999999935e-02
1.840775999999999871e-02
2.102526000000000048e-02
2.396229999999999888e-02
2.191939999999999861e-02
2.098113000000000061e-02
2.276569999999999983e-02
2.128530000000000005e-02
1.975553000000000031e-02
2.215989000000000153e-02
2.084141999999999939e-02
1.762396000000000101e-02
