2.061522000000000007e-02
2.304435999999999984e-02
2.435234000000000010e-02
2.837305999999999856e-02
3.410062999999999983e-02
3.523554000000000269e-02
2.832602999999999857e-02
2.192403999999999881e-02
2.330130999999999869e-02
3.056156999999999971e-02
3.443894000000000122e-02
2.909764000000000100e-02
2.310977000000000170e-02
2.287623000000000087e-02
2.311521000000000062e-02
2.990417999999999896e-02
3.777810999999999669e-02
4.337408999999999709e-02
2.849256999999999831e-02
2.368688999999999864e-02
2.752185999999999869e-02
3.547466999999999981e-02
3.640169000000000044e-02
3.060937999999999853e-02
2.321474000000000107e-02
2.465673999999999991e-02
3.594405999999999990e-02
4.429229999999999973e-02
3.497257000000000143e-02
2.622019999999999906e-02
2.843897999999999912e-02
4.323822000000000082e-02
4.028053000000000189e-02
4.532781999999999784e-02
4.053762999999999811e-02
2.725473999999999952e-02
2.927897000000000138e-02
4.783119000000000259e-02
4.146481999999999946e-02
3.301124999999999893e-02
3.231250000000000094e-02
4.473647000000000040e-02
5.917352000000000029e-02
7.213219999999999354e-02
6.332195999999999658e-02
3.790485999999999855e-02
3.016821999999999906e-02
3.304540000000000255e-02
7.096205999999999348e-02
1.159950099999999956e-01
1.454703199999999863e-01
1.813661500000000038e-01
1.896785199999999894e-01
2.163834299999999877e-01
1.812237399999999943e-01
1.384686699999999882e-01
1.114647400000000066e-01
7.898684999999999734e-02
5.615001000000000020e-02
3.577091999999999772e-02
2.483072999999999877e-02
2.552648999999999890e-02
2.152126999999999860e-02
1.940342999999999929e-02
