2.004339999999999941e-02
2.600105000000000124e-02
2.139819999999999917e-02
2.011490000000000153e-02
1.942121999999999946e-02
1.984777000000000069e-02
1.971826999999999955e-02
2.014314999999999856e-02
2.112626000000000087e-02
2.291991999999999988e-02
2.288642999999999927e-02
2.516020000000000062e-02
2.668981000000000131e-02
2.767038000000000136e-02
2.552868000000000151e-02
1.991982999999999948e-02
1.874104999999999868e-02
1.968229000000000159e-02
2.864312999999999929e-02
3.347187000000000079e-02
4.609739999999999671e-02
4.972519000000000244e-02
4.778936999999999768e-02
4.132809999999999956e-02
3.663472000000000256e-02
3.449317999999999829e-02
2.785131000000000065e-02
2.191703000000000054e-02
1.879551000000000138e-02
1.847350999999999854e-02
1.983035999999999827e-02
2.057430000000000023e-02
2.261671999999999988e-02
2.646830000000000016e-02
2.488293000000000102e-02
2.380008000000000123e-02
2.415915999999999897e-02
2.311532000000000170e-02
2.219066999999999915e-02
2.105322999999999917e-02
2.132631999999999931e-02
2.125064000000000120e-02
1.983866000000000102e-02
1.866119000000000111e-02
1.906690999999999941e-02
1.957988999999999910e-02
1.848081000000000029e-02
1.800703999999999846e-02
1.811656000000000030e-02
1.879019999999999996e-02
2.021912000000000015e-02
1.953285999999999911e-02
1.849881999999999915e-02
1.802267999999999926e-02
1.879743999999999859e-02
1.930085999999999954e-02
1.964056000000000135e-02
2.222800999999999944e-02
2.426980000000000109e-02
2.257168000000000022e-02
1.863855000000000026e-02
1.814520999999999842e-02
1.738597000000000059e-02
1.634328000000000169e-02
