1.650725000000000109e-02
1.763624000000000094e-02
1.845818000000000111e-02
1.863431999999999936e-02
1.920946999999999932e-02
2.016451999999999828e-02
1.953065999999999830e-02
1.917556000000000122e-02
1.861611999999999989e-02
1.859078999999999940e-02
1.896165000000000003e-02
1.876198000000000102e-02
1.905857999999999858e-02
1.920095999999999956e-02
1.860445000000000154e-02
1.866622999999999893e-02
1.884165999999999966e-02
1.910997999999999863e-02
1.914323000000000066e-02
1.935931999999999931e-02
1.900837000000000013e-02
1.850490000000000121e-02
1.929776000000000061e-02
1.936250999999999944e-02
1.971689999999999901e-02
1.981727000000000141e-02
1.863083000000000100e-02
1.906408000000000061e-02
1.871019000000000154e-02
1.820832999999999827e-02
1.863847999999999894e-02
1.885401000000000091e-02
1.972743999999999887e-02
2.191587000000000049e-02
2.178737999999999855e-02
2.007553999999999936e-02
1.863273000000000013e-02
1.982613000000000084e-02
2.015165999999999832e-02
2.063693999999999945e-02
1.971646000000000162e-02
1.969925000000000148e-02
2.064391999999999963e-02
2.177874000000000129e-02
2.190076999999999996e-02
2.115774000000000127e-02
2.195004000000000052e-02
2.075706999999999899e-02
1.953958999999999904e-02
2.239522000000000040e-02
2.481819000000000039e-02
2.822285999999999892e-02
3.277501000000000025e-02
3.841354999999999770e-02
4.306316000000000310e-02
3.999442999999999748e-02
3.850085999999999786e-02
3.656231000000000064e-02
3.389902000000000193e-02
2.901532000000000069e-02
2.451127000000000167e-02
2.126536000000000051e-02
1.902405000000000068e-02
1.644322000000000145e-02
