1.745485999999999913e-02
1.972563000000000094e-02
1.839046999999999904e-02
1.972176999999999958e-02
2.331418999999999853e-02
2.245557000000000109e-02
2.086968000000000156e-02
2.233084999999999931e-02
2.743962000000000137e-02
3.430902999999999731e-02
3.662127999999999911e-02
3.236946000000000268e-02
2.710803000000000171e-02
2.196499000000000021e-02
1.970130999999999966e-02
2.393715999999999899e-02
3.018395999999999926e-02
4.452268000000000198e-02
6.276218999999999548e-02
8.271824999999999317e-02
9.178226000000000440e-02
8.713168999999999775e-02
7.228403999999999385e-02
4.681716999999999823e-02
3.322372999999999993e-02
2.349841999999999903e-02
2.009574999999999903e-02
1.932485000000000105e-02
2.355377000000000165e-02
2.539305999999999855e-02
2.678973999999999939e-02
3.364008000000000276e-02
3.649601000000000234e-02
3.951997000000000149e-02
3.339425000000000032e-02
2.390128999999999865e-02
2.179920000000000121e-02
2.086732999999999991e-02
2.102307000000000134e-02
2.152688000000000171e-02
2.179315999999999892e-02
2.225411000000000056e-02
2.254215000000000038e-02
1.903824000000000141e-02
1.783662999999999915e-02
1.813056999999999863e-02
1.878932999999999992e-02
1.861321000000000156e-02
1.910627999999999979e-02
1.914408999999999902e-02
1.969513999999999987e-02
2.032267999999999922e-02
2.030743999999999952e-02
2.008350999999999886e-02
2.004221000000000127e-02
2.004426000000000124e-02
1.957822999999999855e-02
1.871124000000000051e-02
1.856199000000000043e-02
1.930443999999999910e-02
2.021902000000000074e-02
2.205129999999999937e-02
1.989451999999999887e-02
1.681159999999999946e-02
