2.615556000000000131e-02
2.629628999999999994e-02
2.217420000000000155e-02
2.019893999999999856e-02
2.225223000000000131e-02
3.519347999999999921e-02
6.130862000000000117e-02
6.884629999999999916e-02
7.587533000000000472e-02
9.004156000000000659e-02
9.354730999999999463e-02
8.534086000000000449e-02
7.906452999999999398e-02
5.236865000000000270e-02
3.129756000000000205e-02
2.462164000000000019e-02
1.912122000000000127e-02
1.854199000000000125e-02
1.894801000000000124e-02
2.195847000000000077e-02
2.051147000000000040e-02
2.201480000000000103e-02
2.432642999999999958e-02
2.934760999999999967e-02
3.017654000000000170e-02
2.808777999999999969e-02
2.292902999999999955e-02
2.015957000000000165e-02
2.036158000000000065e-02
2.073527999999999830e-02
2.087539000000000061e-02
2.022407999999999845e-02
1.917552000000000145e-02
2.059818999999999886e-02
2.157349999999999893e-02
2.109926000000000162e-02
2.039886999999999950e-02
2.204408000000000062e-02
2.098436000000000051e-02
2.003966999999999901e-02
1.960730000000000112e-02
1.949673999999999852e-02
1.969689000000000162e-02
1.959788000000000155e-02
2.035690000000000069e-02
1.974004000000000036e-02
1.975468999999999836e-02
1.859012000000000164e-02
1.989855000000000096e-02
2.175790999999999836e-02
2.417971000000000009e-02
2.296515000000000015e-02
1.985755999999999979e-02
1.904588000000000114e-02
1.993734999999999952e-02
2.379560999999999829e-02
2.120562000000000141e-02
2.086375000000000035e-02
2.243960000000000052e-02
2.115923999999999930e-02
2.072175000000000059e-02
2.223322000000000145e-02
1.887383000000000116e-02
1.734286999999999981e-02
