1.932433000000000067e-02
2.514939999999999884e-02
2.841006999999999907e-02
2.981355000000000116e-02
3.037903999999999952e-02
2.965918999999999847e-02
2.760927999999999993e-02
2.380782999999999858e-02
2.287689000000000042e-02
2.184372999999999870e-02
2.057689000000000046e-02
1.878575999999999857e-02
1.843950999999999923e-02
1.829770999999999828e-02
1.857473999999999931e-02
1.872636000000000092e-02
1.949427999999999925e-02
1.941324999999999995e-02
1.911703000000000013e-02
1.934929999999999983e-02
2.057927000000000020e-02
1.989399999999999849e-02
1.861524999999999985e-02
1.825869999999999924e-02
1.844126000000000098e-02
1.795669000000000085e-02
1.810588999999999948e-02
1.806465999999999975e-02
1.843041000000000124e-02
1.846677000000000041e-02
1.787158000000000149e-02
1.781111999999999973e-02
1.810894999999999866e-02
1.771116000000000010e-02
1.738475999999999910e-02
1.792565000000000131e-02
1.755301000000000083e-02
1.816036999999999860e-02
1.846247999999999986e-02
1.800737999999999991e-02
1.751710000000000073e-02
1.755999999999999922e-02
1.833096000000000031e-02
1.825521999999999909e-02
1.848023999999999847e-02
1.874226000000000017e-02
1.816595999999999836e-02
1.804133999999999946e-02
1.799699000000000090e-02
1.752391000000000018e-02
1.833084000000000102e-02
1.813365000000000116e-02
1.791890000000000149e-02
1.818198999999999857e-02
1.822251000000000079e-02
1.804433000000000079e-02
1.820731000000000085e-02
1.825016999999999959e-02
1.822061999999999987e-02
1.801057000000000005e-02
1.777967999999999910e-02
1.781713000000000047e-02
1.656962000000000018e-02
1.572387000000000090e-02
