1.946155000000000107e-02
2.170011999999999983e-02
2.685927000000000106e-02
3.014680999999999958e-02
3.258555999999999953e-02
2.885727999999999904e-02
2.040337999999999874e-02
2.242821999999999871e-02
2.239292000000000019e-02
2.229872000000000104e-02
2.404268000000000030e-02
2.390683999999999865e-02
2.061914000000000108e-02
1.931329999999999852e-02
2.345498000000000027e-02
2.364818999999999949e-02
2.351396000000000042e-02
2.339677999999999897e-02
2.515647000000000022e-02
3.796075000000000144e-02
4.478947999999999957e-02
4.272013999999999673e-02
2.903255000000000072e-02
2.238518999999999926e-02
2.454606000000000149e-02
2.752539000000000027e-02
3.745257999999999921e-02
3.283612000000000336e-02
2.858472000000000096e-02
3.974418999999999869e-02
4.936419000000000223e-02
6.181827000000000155e-02
4.550645999999999858e-02
2.757679000000000033e-02
2.312919999999999907e-02
3.924483000000000138e-02
7.718308999999999587e-02
1.738106799999999952e-01
1.995496700000000123e-01
1.913372600000000090e-01
1.833590300000000062e-01
1.443059100000000095e-01
1.015654400000000068e-01
6.547034000000000187e-02
3.485131000000000340e-02
2.225902000000000089e-02
2.046304999999999999e-02
2.201033000000000156e-02
2.508985000000000035e-02
3.235579000000000233e-02
4.227510000000000295e-02
5.731879000000000141e-02
6.814952999999999983e-02
6.814523000000000108e-02
5.855371999999999660e-02
5.363339999999999774e-02
3.844196999999999892e-02
2.250405000000000114e-02
2.192828000000000138e-02
2.142362999999999906e-02
2.274446000000000107e-02
3.013354000000000033e-02
2.624425000000000022e-02
1.896424999999999847e-02
