2.281429000000000096e-02
2.583565000000000167e-02
2.499099999999999933e-02
2.198427999999999841e-02
1.955072000000000060e-02
2.007002000000000091e-02
2.347364999999999868e-02
2.279638999999999971e-02
2.237190000000000012e-02
2.315108000000000096e-02
2.299980999999999901e-02
2.735187000000000035e-02
3.216912000000000244e-02
3.412595000000000212e-02
3.524514000000000119e-02
2.546131000000000089e-02
2.057737999999999928e-02
2.148241999999999860e-02
2.709142000000000147e-02
2.877648999999999832e-02
2.643366000000000118e-02
3.938889999999999753e-02
4.499852000000000019e-02
4.675761999999999974e-02
4.837721999999999856e-02
3.596955000000000291e-02
3.111716999999999955e-02
2.642306999999999989e-02
4.383627999999999830e-02
7.265981999999999996e-02
1.373415100000000000e-01
1.687437300000000084e-01
2.204196599999999895e-01
1.988717299999999966e-01
1.697632199999999925e-01
1.509094199999999886e-01
1.083124099999999979e-01
5.175658999999999815e-02
2.448998000000000147e-02
2.484870000000000134e-02
2.659778999999999963e-02
3.808628000000000013e-02
5.572498000000000035e-02
5.738240000000000007e-02
6.729340999999999795e-02
7.216324999999999823e-02
7.828841000000000272e-02
5.749548000000000159e-02
3.690986000000000267e-02
2.367773000000000100e-02
1.980720000000000050e-02
2.540875000000000078e-02
2.782640999999999934e-02
3.236615999999999799e-02
4.002946999999999755e-02
4.152153000000000094e-02
3.936023999999999773e-02
4.044178999999999830e-02
3.977011999999999908e-02
2.931602000000000166e-02
2.566076000000000121e-02
2.683734999999999940e-02
2.442060999999999885e-02
2.072600000000000137e-02
