1.863750000000000129e-02
2.348178000000000071e-02
1.933057999999999998e-02
1.951953999999999842e-02
2.161421999999999996e-02
2.763467000000000007e-02
3.428161999999999876e-02
3.637614000000000125e-02
4.058161999999999880e-02
2.874157999999999921e-02
2.061539000000000080e-02
1.893032000000000048e-02
2.400162999999999949e-02
2.673390999999999962e-02
2.937123999999999985e-02
2.708125999999999936e-02
2.280487000000000139e-02
2.157484000000000138e-02
2.711788000000000046e-02
2.899849999999999997e-02
2.924467999999999859e-02
3.355480000000000268e-02
3.084129999999999858e-02
2.723400000000000126e-02
2.831126000000000129e-02
3.268613000000000074e-02
2.638955999999999941e-02
2.225784999999999916e-02
1.990719000000000169e-02
2.131438000000000083e-02
2.279575000000000004e-02
2.324508000000000130e-02
2.607740999999999879e-02
2.728672999999999862e-02
3.287226000000000037e-02
3.230592999999999659e-02
3.153323999999999711e-02
2.733114999999999850e-02
2.232465999999999964e-02
2.295960999999999835e-02
2.658684999999999868e-02
3.189108999999999694e-02
3.424659000000000036e-02
4.153311999999999976e-02
4.326862000000000069e-02
4.867148000000000307e-02
6.816864999999999730e-02
6.739504000000000328e-02
4.832485999999999726e-02
3.440363999999999922e-02
2.832459000000000018e-02
4.417269000000000057e-02
6.442498000000000669e-02
1.294114899999999901e-01
1.924428800000000106e-01
2.239361599999999952e-01
2.768127899999999753e-01
2.820631299999999952e-01
2.822767500000000207e-01
2.223951100000000070e-01
1.570972099999999871e-01
9.735968999999999873e-02
4.296694000000000208e-02
2.241264999999999924e-02
