1.835805999999999896e-02
2.037471999999999894e-02
1.843782000000000060e-02
1.807316999999999951e-02
1.950574999999999878e-02
2.306247999999999979e-02
2.946160999999999919e-02
3.192916999999999977e-02
3.673971999999999655e-02
4.004695999999999950e-02
4.013297999999999865e-02
3.561933999999999934e-02
3.468434000000000100e-02
2.728426000000000115e-02
2.206131999999999885e-02
2.054887999999999854e-02
1.948013999999999996e-02
1.764324000000000101e-02
1.774720000000000117e-02
1.902647999999999839e-02
1.883469999999999936e-02
2.024197999999999970e-02
2.080341000000000135e-02
2.220499999999999904e-02
2.277264999999999845e-02
2.199318000000000106e-02
1.921395000000000047e-02
1.847833999999999935e-02
1.808359000000000008e-02
1.847071999999999950e-02
1.811895000000000172e-02
1.838122999999999840e-02
1.859654000000000168e-02
1.869345000000000034e-02
1.889829999999999982e-02
1.832900000000000154e-02
1.851358999999999991e-02
1.899075999999999889e-02
1.865955000000000044e-02
1.817275999999999961e-02
1.798301000000000066e-02
1.843803000000000109e-02
1.891055000000000166e-02
1.886631999999999892e-02
1.863389000000000018e-02
1.801387999999999948e-02
1.815980999999999845e-02
1.817662000000000097e-02
1.816471000000000058e-02
1.872151999999999844e-02
1.904505000000000087e-02
1.883564000000000072e-02
1.790753999999999957e-02
1.798384000000000094e-02
1.817801999999999960e-02
1.873744999999999925e-02
1.817200999999999886e-02
1.830599000000000115e-02
1.820781999999999956e-02
1.794768000000000058e-02
1.801720999999999878e-02
1.855862000000000137e-02
1.687181999999999918e-02
1.591750000000000109e-02
