1.675433999999999951e-02
2.019912000000000096e-02
2.202182999999999918e-02
1.918699000000000099e-02
2.039132000000000097e-02
1.955244000000000079e-02
1.999371999999999955e-02
2.015099000000000057e-02
2.115442000000000017e-02
1.977896000000000168e-02
2.163284000000000040e-02
1.868768999999999986e-02
1.947018999999999833e-02
1.972621000000000097e-02
2.135576999999999961e-02
1.958220999999999920e-02
2.048915000000000111e-02
1.974907999999999872e-02
1.886906000000000000e-02
2.087607000000000004e-02
2.094247000000000122e-02
2.144141000000000102e-02
2.115795999999999996e-02
2.023714000000000068e-02
1.941698999999999856e-02
2.042081999999999925e-02
2.199372999999999953e-02
2.511698999999999876e-02
2.812061000000000074e-02
2.953659999999999966e-02
3.528223999999999944e-02
3.152252999999999999e-02
2.538249999999999881e-02
2.632106999999999850e-02
1.923884999999999831e-02
1.834536000000000153e-02
1.795331000000000010e-02
1.839508000000000115e-02
1.844169999999999837e-02
1.802161000000000041e-02
1.813328999999999983e-02
1.928401999999999894e-02
1.876113000000000086e-02
1.919279000000000124e-02
1.990103999999999831e-02
1.859092999999999857e-02
1.856125999999999956e-02
1.796317999999999873e-02
1.797889000000000084e-02
1.810731999999999967e-02
1.843693999999999888e-02
1.807142000000000123e-02
1.842697999999999905e-02
1.811166999999999985e-02
1.862110999999999975e-02
1.819205000000000128e-02
1.882450000000000095e-02
1.798475000000000074e-02
1.836930000000000160e-02
1.847816000000000042e-02
1.759880000000000125e-02
1.921157000000000073e-02
1.760557000000000094e-02
1.551796000000000078e-02
