1.817871000000000070e-02
1.869180000000000147e-02
1.836865999999999846e-02
1.838416999999999829e-02
1.899469000000000157e-02
1.910378999999999897e-02
2.002407999999999966e-02
1.928952000000000097e-02
2.171849000000000002e-02
2.131283999999999956e-02
1.940930999999999906e-02
1.984903999999999835e-02
1.895468000000000153e-02
1.911238999999999993e-02
2.011581000000000133e-02
2.099917999999999924e-02
2.032654999999999879e-02
1.909873999999999947e-02
1.869994000000000170e-02
1.887402999999999997e-02
2.285977999999999968e-02
2.493191999999999978e-02
2.241798999999999875e-02
2.073687999999999920e-02
2.080937000000000064e-02
2.161042000000000171e-02
2.312405999999999837e-02
2.287310999999999858e-02
2.122689999999999994e-02
2.048787999999999998e-02
2.133550999999999850e-02
2.135630000000000167e-02
2.130015999999999854e-02
1.973054999999999948e-02
2.164150000000000101e-02
2.410922999999999886e-02
2.916283000000000070e-02
2.913268000000000107e-02
2.376580999999999833e-02
1.937809999999999880e-02
2.001245000000000107e-02
2.531715999999999828e-02
3.273681999999999981e-02
3.949587000000000236e-02
3.542353000000000168e-02
3.319434999999999747e-02
4.083852999999999789e-02
4.225301000000000057e-02
3.756970999999999922e-02
3.337149999999999839e-02
2.962019000000000110e-02
2.963618999999999976e-02
2.618886000000000130e-02
5.895664999999999933e-02
9.411374000000000128e-02
1.368523100000000048e-01
1.814405299999999888e-01
2.328935299999999875e-01
2.424092100000000138e-01
2.322910699999999884e-01
2.146273300000000051e-01
1.806946799999999964e-01
1.116740799999999950e-01
2.187706000000000026e-02
