1.946289000000000005e-02
2.744995999999999894e-02
2.931312000000000154e-02
3.152347999999999956e-02
3.977626000000000078e-02
3.729269999999999807e-02
3.377501000000000114e-02
2.595748000000000152e-02
2.235768999999999951e-02
1.967307999999999904e-02
2.570663999999999935e-02
5.065920000000000145e-02
7.641104999999999425e-02
9.343600999999999990e-02
1.078234500000000012e-01
9.849291000000000296e-02
1.065512299999999968e-01
7.789453000000000349e-02
5.429184000000000093e-02
2.914840000000000139e-02
2.347298999999999913e-02
2.082608999999999849e-02
1.892711999999999867e-02
2.413618000000000013e-02
2.574854999999999852e-02
2.862914000000000084e-02
3.465387999999999802e-02
4.277497999999999717e-02
3.533039999999999792e-02
3.856091999999999853e-02
3.136354999999999699e-02
2.600840000000000096e-02
2.400127000000000163e-02
2.464370000000000102e-02
2.628555999999999948e-02
2.858281000000000016e-02
2.420831999999999845e-02
2.007043999999999842e-02
2.013850000000000015e-02
2.439264999999999836e-02
2.343777999999999834e-02
2.027494000000000171e-02
1.907311999999999896e-02
2.018290999999999835e-02
1.925962999999999981e-02
1.920731999999999995e-02
2.140536999999999995e-02
2.208587000000000050e-02
2.261014999999999900e-02
2.913295000000000121e-02
2.589322999999999972e-02
2.361540999999999987e-02
2.005030999999999827e-02
1.990302999999999864e-02
1.999893999999999977e-02
2.120160999999999921e-02
2.381043000000000048e-02
2.353436000000000070e-02
2.531229999999999938e-02
2.117838999999999833e-02
1.828197999999999976e-02
2.066861999999999866e-02
2.078253999999999865e-02
1.889843999999999899e-02
