1.867836000000000149e-02
2.009856999999999963e-02
1.997652999999999929e-02
2.210368999999999876e-02
2.646311999999999970e-02
3.139729000000000131e-02
3.189845000000000180e-02
2.960254000000000010e-02
2.347188000000000052e-02
1.948804000000000161e-02
2.242511999999999978e-02
2.497997000000000065e-02
2.569012000000000032e-02
2.494543999999999928e-02
2.257216999999999904e-02
2.300003999999999937e-02
2.348886000000000029e-02
2.847430000000000100e-02
2.985051999999999844e-02
2.992844000000000060e-02
2.562528000000000028e-02
2.331159000000000009e-02
2.841940999999999912e-02
2.929965000000000000e-02
3.185936999999999797e-02
2.784112000000000045e-02
2.752717000000000011e-02
2.857271999999999937e-02
2.584501999999999980e-02
2.225005000000000038e-02
2.433321000000000095e-02
2.627124999999999946e-02
3.381560000000000121e-02
3.261999000000000148e-02
4.735784999999999995e-02
3.440557000000000337e-02
2.095092000000000135e-02
2.867371999999999976e-02
3.158756000000000064e-02
3.303124999999999811e-02
2.623825999999999936e-02
2.752036999999999886e-02
3.663128999999999691e-02
5.469667999999999752e-02
5.802012000000000141e-02
4.663236999999999938e-02
4.615926000000000057e-02
3.817239000000000049e-02
3.004557000000000061e-02
4.395426000000000194e-02
5.674763000000000029e-02
8.280714999999999604e-02
1.256772700000000076e-01
2.093975799999999998e-01
2.289178199999999941e-01
2.155096400000000023e-01
2.095159600000000011e-01
1.675705600000000073e-01
1.337865099999999974e-01
8.716355000000000630e-02
5.251407000000000297e-02
3.071480000000000044e-02
2.242827000000000015e-02
2.094891000000000114e-02
