9.606966000000000117e-02
1.667379700000000131e-01
1.744503799999999882e-01
1.401958299999999935e-01
1.158615600000000023e-01
8.795675999999999495e-02
5.830537000000000220e-02
3.093546000000000143e-02
2.580879000000000159e-02
2.589220000000000063e-02
2.680396000000000167e-02
3.034697000000000089e-02
3.878730999999999846e-02
4.977949000000000263e-02
6.218833000000000000e-02
5.742528000000000216e-02
5.914273999999999920e-02
5.327761999999999776e-02
3.859926999999999803e-02
2.977023000000000169e-02
2.611598000000000044e-02
2.312612000000000001e-02
2.122701999999999922e-02
2.257326999999999945e-02
2.676887000000000016e-02
2.603942000000000062e-02
2.256439999999999835e-02
2.306098999999999996e-02
2.138450999999999894e-02
2.053235000000000129e-02
2.185437999999999964e-02
2.214841999999999853e-02
1.989656000000000063e-02
1.991238999999999856e-02
2.083580000000000154e-02
2.087761999999999951e-02
2.137466000000000019e-02
2.081797999999999982e-02
2.054805000000000173e-02
1.931806999999999969e-02
1.935146999999999909e-02
2.122691000000000161e-02
2.222750999999999894e-02
2.204916000000000167e-02
2.101795000000000052e-02
1.955408000000000146e-02
1.944631999999999958e-02
2.026311000000000084e-02
1.997689999999999882e-02
1.944900999999999922e-02
1.885687999999999948e-02
1.871524999999999925e-02
1.933411000000000157e-02
1.920349999999999835e-02
1.908338999999999869e-02
1.942127999999999910e-02
1.942821999999999952e-02
1.912238999999999953e-02
1.834641999999999870e-02
1.870250000000000037e-02
1.861006000000000118e-02
1.897226000000000121e-02
1.741028000000000020e-02
1.603848000000000079e-02
