1.949069999999999969e-02
2.088430000000000147e-02
1.921288000000000162e-02
2.216947000000000015e-02
2.215672999999999948e-02
2.248477999999999935e-02
1.984448000000000115e-02
1.863499000000000058e-02
1.870323999999999945e-02
1.956342000000000150e-02
1.814378000000000171e-02
1.854816999999999924e-02
2.031488999999999864e-02
1.979793999999999998e-02
1.911840000000000067e-02
2.255164999999999947e-02
2.021915999999999991e-02
2.162692999999999907e-02
3.389585999999999988e-02
4.842172000000000143e-02
3.986249000000000042e-02
2.617560999999999846e-02
1.941512000000000099e-02
3.173882000000000092e-02
3.211246999999999713e-02
1.001564199999999960e-01
6.945102000000000220e-02
9.357224000000000097e-02
1.176120600000000044e-01
4.712742000000000320e-02
4.406472000000000167e-02
4.969988000000000183e-02
3.455011000000000193e-02
2.137087999999999835e-02
1.999449000000000018e-02
2.051439000000000040e-02
2.301347999999999935e-02
2.555870000000000017e-02
2.719906000000000060e-02
3.112594999999999945e-02
3.207020000000000010e-02
2.763946999999999932e-02
2.559124999999999941e-02
2.036489999999999828e-02
1.835952999999999891e-02
1.845565000000000053e-02
1.904453000000000049e-02
1.953235000000000041e-02
1.866055999999999965e-02
2.067582000000000100e-02
2.097345999999999933e-02
1.909338999999999828e-02
2.027394000000000071e-02
1.933479999999999921e-02
1.829027999999999904e-02
1.825989999999999905e-02
1.837070999999999843e-02
1.895000000000000157e-02
1.958477000000000134e-02
2.110205999999999887e-02
2.034932999999999881e-02
1.858034000000000074e-02
1.835074999999999901e-02
1.621384000000000020e-02
