3.951898000000000216e-02
6.850889000000000284e-02
9.827049999999999674e-02
1.224108899999999944e-01
1.399577999999999933e-01
1.549928600000000101e-01
1.419529599999999891e-01
1.126626000000000016e-01
8.146929999999999450e-02
8.410022999999999804e-02
5.189194999999999919e-02
3.360838000000000020e-02
2.534743999999999886e-02
2.265723999999999863e-02
2.677794000000000008e-02
2.575324000000000016e-02
3.672558000000000072e-02
4.931975000000000248e-02
3.788496999999999698e-02
3.892082000000000180e-02
4.106821000000000083e-02
3.711223999999999773e-02
2.997239999999999974e-02
2.348041999999999838e-02
2.171054000000000039e-02
2.133122999999999964e-02
2.253640000000000157e-02
2.340100000000000166e-02
2.865262000000000017e-02
2.521303999999999906e-02
2.017781000000000088e-02
2.003887000000000029e-02
1.937929999999999861e-02
1.890603000000000075e-02
2.019200999999999982e-02
2.062550999999999968e-02
2.046492000000000103e-02
2.108882999999999938e-02
2.325502000000000125e-02
2.344471999999999876e-02
2.325396999999999881e-02
2.170247999999999969e-02
2.080415999999999863e-02
2.136800999999999978e-02
2.529390000000000110e-02
2.342765999999999946e-02
2.268386999999999834e-02
2.029836000000000140e-02
1.887992999999999963e-02
1.856235999999999997e-02
1.929882999999999946e-02
2.179802999999999949e-02
2.418361000000000122e-02
2.307009999999999963e-02
2.188425000000000092e-02
2.029898000000000119e-02
2.271613999999999925e-02
2.540109999999999937e-02
2.371494000000000033e-02
2.198550000000000157e-02
1.953985000000000097e-02
1.888068000000000038e-02
1.823079000000000019e-02
1.752118999999999899e-02
