1.665803999999999896e-02
1.890230000000000035e-02
1.896928000000000156e-02
3.258823000000000275e-02
3.206163000000000068e-02
3.401155000000000150e-02
5.652543000000000151e-02
3.674825000000000313e-02
2.818506000000000136e-02
7.422776000000000374e-02
7.007405999999999358e-02
5.375307000000000002e-02
5.289747999999999672e-02
3.164412999999999948e-02
2.098517000000000091e-02
1.879849999999999924e-02
1.891790000000000138e-02
1.915943999999999980e-02
2.359941999999999943e-02
2.967948999999999934e-02
3.462885999999999742e-02
3.941561999999999844e-02
2.852423999999999932e-02
2.272561999999999846e-02
3.410198999999999869e-02
3.457365999999999912e-02
2.584594999999999948e-02
1.970386999999999833e-02
2.640812000000000020e-02
2.093493000000000090e-02
2.186255000000000143e-02
2.121521999999999991e-02
1.975659000000000096e-02
1.948035999999999865e-02
1.922079000000000149e-02
1.987026999999999891e-02
2.211027000000000131e-02
1.945198999999999886e-02
1.899032000000000150e-02
1.801528000000000157e-02
1.783881000000000008e-02
1.998752999999999988e-02
2.454359000000000054e-02
2.009067999999999965e-02
2.026222000000000092e-02
1.817382000000000025e-02
1.783544999999999922e-02
1.841637000000000135e-02
1.923837000000000116e-02
1.940334999999999976e-02
2.103694000000000050e-02
1.760982000000000172e-02
1.781063000000000091e-02
1.819609000000000157e-02
1.844820999999999961e-02
2.292001000000000108e-02
2.011608999999999967e-02
1.828478000000000048e-02
1.825330999999999829e-02
1.803783999999999943e-02
1.813116000000000033e-02
1.973901000000000128e-02
1.829996000000000053e-02
1.651793999999999832e-02
