2.331754000000000118e-02
3.331297999999999898e-02
2.757986999999999939e-02
2.274966999999999961e-02
3.358434999999999893e-02
3.332559000000000216e-02
2.782302999999999860e-02
2.507442000000000004e-02
2.213764999999999830e-02
2.149621999999999991e-02
2.226327999999999988e-02
2.356522999999999951e-02
2.480782000000000126e-02
2.636107000000000034e-02
2.810046000000000072e-02
2.053183999999999912e-02
2.041043999999999844e-02
2.113881000000000093e-02
2.572783000000000014e-02
2.572260000000000171e-02
2.886145999999999850e-02
2.117493999999999973e-02
3.050084000000000128e-02
3.206172000000000188e-02
3.294538999999999801e-02
3.510010000000000213e-02
2.763716000000000089e-02
1.990282000000000162e-02
1.879656000000000035e-02
2.076035999999999854e-02
2.460433999999999885e-02
3.401076000000000099e-02
3.498277999999999804e-02
4.135960000000000331e-02
5.426485000000000336e-02
5.183594999999999869e-02
4.857265999999999667e-02
3.153353999999999879e-02
2.407048999999999994e-02
2.839710000000000151e-02
5.939218999999999749e-02
1.152517900000000067e-01
1.534918700000000025e-01
1.724926699999999868e-01
1.711610699999999985e-01
1.472187600000000041e-01
1.201783800000000013e-01
9.979320999999999331e-02
6.324438999999999755e-02
3.667564999999999714e-02
2.719985000000000111e-02
2.627654999999999921e-02
2.631371999999999878e-02
3.450994999999999757e-02
4.926707000000000308e-02
5.290254999999999957e-02
4.604086999999999763e-02
4.788453000000000154e-02
5.693716000000000055e-02
6.802318999999999727e-02
5.780359999999999665e-02
4.511184000000000027e-02
2.965815000000000118e-02
1.933556999999999984e-02
