1.705858000000000027e-02
2.325732000000000146e-02
2.714640999999999929e-02
3.181678999999999757e-02
3.637763000000000108e-02
2.885203999999999894e-02
2.583649999999999836e-02
3.217404000000000097e-02
4.589540000000000286e-02
6.041778999999999900e-02
5.639525000000000093e-02
3.819854000000000305e-02
2.370198999999999917e-02
2.111783999999999883e-02
2.636905000000000152e-02
4.836527999999999661e-02
6.049111000000000071e-02
8.729014999999999691e-02
1.221210499999999949e-01
1.437046200000000051e-01
1.276035000000000086e-01
1.022203700000000048e-01
7.098667000000000171e-02
4.431207000000000201e-02
2.600821000000000036e-02
2.089807999999999943e-02
1.971184999999999951e-02
2.051584000000000046e-02
2.985352000000000144e-02
3.421517000000000308e-02
3.472080000000000305e-02
4.073866999999999766e-02
4.213457999999999787e-02
4.046697999999999962e-02
3.331504999999999883e-02
2.234061000000000033e-02
2.105192999999999995e-02
2.319204000000000057e-02
2.694024000000000071e-02
2.644337000000000076e-02
2.381244999999999890e-02
2.393984000000000043e-02
2.422010000000000135e-02
2.095819999999999975e-02
1.938484000000000040e-02
1.972008999999999915e-02
2.068224000000000104e-02
2.031316999999999845e-02
1.927339000000000135e-02
2.042077000000000128e-02
2.264195999999999917e-02
2.476992999999999903e-02
2.556324999999999917e-02
2.421335999999999974e-02
2.354890999999999929e-02
2.120458000000000065e-02
2.093818000000000068e-02
1.968307000000000043e-02
1.898058999999999857e-02
2.007074999999999831e-02
2.261463000000000015e-02
2.583594999999999989e-02
2.245619999999999908e-02
1.761245999999999992e-02
