5.047266000000000252e-02
9.133491000000000526e-02
1.010409899999999972e-01
9.643392000000000630e-02
7.612088999999999661e-02
7.006769999999999665e-02
5.096636000000000222e-02
3.185729999999999812e-02
2.462156999999999887e-02
2.259742000000000001e-02
2.177476999999999885e-02
2.094412000000000010e-02
2.369833999999999830e-02
2.453506000000000090e-02
2.765077999999999980e-02
2.786057000000000117e-02
3.652794000000000180e-02
3.843747000000000136e-02
2.929897999999999877e-02
2.407420999999999867e-02
2.109364000000000031e-02
2.059951000000000143e-02
2.079943000000000070e-02
2.142776999999999876e-02
2.320575000000000068e-02
2.197897999999999866e-02
1.962786000000000045e-02
1.930495999999999948e-02
1.972213999999999912e-02
1.979879999999999834e-02
1.952471999999999888e-02
2.012001000000000067e-02
1.930921000000000026e-02
1.835865000000000066e-02
1.900427999999999840e-02
1.874355999999999939e-02
1.925968999999999945e-02
2.023161999999999877e-02
2.066319000000000142e-02
1.864085000000000047e-02
1.794574000000000169e-02
2.107681999999999958e-02
2.274378999999999984e-02
2.412436999999999915e-02
2.126942000000000069e-02
1.887217000000000061e-02
1.948762000000000064e-02
2.079007000000000077e-02
2.032400999999999999e-02
2.029113999999999918e-02
1.910888000000000170e-02
1.868235999999999855e-02
1.836749999999999841e-02
1.881756000000000054e-02
1.946074000000000068e-02
2.058439999999999923e-02
1.962668000000000051e-02
1.905781000000000142e-02
1.889344000000000093e-02
1.807649000000000061e-02
1.945561000000000165e-02
2.012192000000000147e-02
1.803555000000000089e-02
1.662740000000000051e-02
