1.813305000000000125e-02
2.108468000000000148e-02
2.561609000000000108e-02
2.866735000000000116e-02
2.964019000000000029e-02
3.517088000000000159e-02
3.305932999999999788e-02
3.202043999999999724e-02
2.943590000000000095e-02
2.783110999999999918e-02
2.525093000000000129e-02
2.028059000000000112e-02
1.961018999999999957e-02
1.852217999999999920e-02
1.918486999999999970e-02
1.938362999999999892e-02
1.989041000000000073e-02
2.089430999999999927e-02
2.030780000000000085e-02
2.121541999999999872e-02
2.310353000000000059e-02
2.142961999999999992e-02
1.934345999999999982e-02
1.822502999999999970e-02
1.802165000000000017e-02
1.809909000000000170e-02
1.891589999999999938e-02
1.922074000000000005e-02
1.980360999999999927e-02
1.924330000000000138e-02
1.828431000000000153e-02
1.803919000000000009e-02
1.799335999999999991e-02
1.800424000000000122e-02
1.779023000000000063e-02
1.824167000000000149e-02
1.859167999999999932e-02
1.861528000000000141e-02
1.936293000000000042e-02
1.895553000000000168e-02
1.860028999999999849e-02
1.909049999999999983e-02
1.875365999999999839e-02
1.818987999999999855e-02
1.848143000000000008e-02
1.911940000000000167e-02
2.033286999999999942e-02
1.923942999999999834e-02
1.837801999999999839e-02
1.821833999999999953e-02
1.830690000000000095e-02
1.851184999999999983e-02
1.889539000000000149e-02
2.097540000000000168e-02
2.056447000000000136e-02
1.998934999999999948e-02
1.910150999999999863e-02
1.895089000000000148e-02
1.889317000000000080e-02
1.968937000000000118e-02
1.901815999999999923e-02
1.974271999999999833e-02
1.877157000000000131e-02
1.609887999999999944e-02
