1.758950000000000097e-02
2.320677999999999977e-02
6.185373999999999733e-02
1.173570099999999977e-01
1.295954400000000062e-01
1.784126500000000060e-01
2.007055399999999878e-01
1.801831999999999878e-01
1.821740299999999868e-01
1.812357300000000115e-01
1.415396899999999958e-01
9.493861000000000661e-02
6.057465000000000072e-02
4.135014000000000051e-02
2.781830999999999887e-02
2.597040000000000112e-02
2.173916000000000043e-02
2.554282000000000080e-02
3.175531000000000187e-02
4.210582000000000213e-02
5.432677000000000339e-02
5.597566000000000347e-02
4.231445999999999819e-02
3.274923999999999891e-02
2.873080999999999899e-02
2.722410000000000108e-02
2.680538000000000018e-02
2.669904000000000027e-02
2.681520999999999905e-02
2.381304000000000060e-02
2.050230999999999928e-02
1.979298999999999989e-02
1.904824000000000100e-02
1.985842000000000163e-02
1.937793999999999975e-02
1.953192999999999943e-02
2.241351000000000107e-02
2.292788999999999938e-02
2.057731000000000143e-02
1.970707000000000014e-02
1.917485999999999843e-02
2.218884999999999955e-02
2.439217999999999942e-02
2.290187000000000125e-02
2.124043999999999932e-02
2.063446000000000030e-02
2.119783000000000084e-02
2.163100999999999913e-02
2.377100000000000046e-02
2.416043000000000010e-02
2.163547000000000040e-02
1.975601999999999914e-02
1.999654000000000015e-02
2.603315000000000143e-02
2.709831999999999866e-02
2.662041000000000060e-02
2.155864999999999865e-02
1.974893000000000134e-02
1.945463999999999874e-02
2.045378000000000127e-02
2.103181999999999968e-02
2.646650999999999865e-02
2.619296000000000124e-02
1.880886000000000016e-02
