1.824769999999999864e-02
1.906657999999999964e-02
2.109474000000000071e-02
2.224446999999999883e-02
2.130227999999999983e-02
2.195978000000000166e-02
2.212669999999999915e-02
2.061862999999999890e-02
2.005329999999999960e-02
2.174422000000000160e-02
2.191386000000000028e-02
1.885302000000000158e-02
1.944678999999999852e-02
1.934421000000000057e-02
1.997834999999999889e-02
2.643424999999999941e-02
3.180754999999999694e-02
2.716085000000000027e-02
2.304087000000000149e-02
1.983972000000000166e-02
1.856085999999999847e-02
2.234639999999999890e-02
2.413633000000000098e-02
2.461899000000000032e-02
2.347664000000000001e-02
2.308974999999999916e-02
2.838246999999999992e-02
3.134130999999999723e-02
2.672216999999999995e-02
2.264479000000000145e-02
2.050033999999999884e-02
2.295488000000000042e-02
2.659703999999999888e-02
2.358214000000000143e-02
2.083294999999999939e-02
1.986343000000000136e-02
1.987283999999999926e-02
2.046767000000000031e-02
2.113417000000000073e-02
1.976375999999999827e-02
2.118694999999999953e-02
2.089463000000000084e-02
2.905701999999999938e-02
3.570833999999999814e-02
3.079203999999999969e-02
2.573896000000000170e-02
2.296045999999999851e-02
2.095935999999999980e-02
2.532283999999999924e-02
3.124854999999999994e-02
3.060531000000000015e-02
2.547036999999999912e-02
2.826156999999999975e-02
3.211586000000000302e-02
4.092524000000000162e-02
4.401225999999999750e-02
3.924567999999999807e-02
3.163175000000000014e-02
2.854136999999999993e-02
2.624726999999999963e-02
2.709647999999999918e-02
4.086688000000000126e-02
4.398333000000000104e-02
2.004014000000000142e-02
