3.042674999999999894e-02
2.778080000000000133e-02
2.038571999999999954e-02
2.470448000000000088e-02
4.250033999999999756e-02
4.474746000000000279e-02
3.484874000000000305e-02
3.807913999999999743e-02
5.703058999999999906e-02
7.738916999999999324e-02
8.514929999999999721e-02
7.489859999999999574e-02
5.794723999999999708e-02
4.021323000000000258e-02
2.714226000000000139e-02
3.021578999999999932e-02
3.709654999999999897e-02
9.424029000000000433e-02
1.856006500000000059e-01
2.655730199999999930e-01
2.991881100000000071e-01
2.563852699999999984e-01
1.989267600000000080e-01
1.369116300000000064e-01
7.341973999999999723e-02
5.431652000000000008e-02
3.169236999999999749e-02
2.329994999999999983e-02
3.225319000000000103e-02
4.601361000000000340e-02
5.073559999999999875e-02
7.300560000000000382e-02
7.973152000000000017e-02
9.248903999999999459e-02
7.223308000000000506e-02
5.127215000000000245e-02
3.799077000000000010e-02
3.185737999999999764e-02
3.215301000000000270e-02
3.699387999999999982e-02
3.731951000000000018e-02
3.645418999999999743e-02
4.001882999999999829e-02
2.602996000000000129e-02
2.060042999999999944e-02
2.113885000000000070e-02
2.160681999999999880e-02
2.164477999999999888e-02
2.435763000000000164e-02
2.362942999999999988e-02
2.695598000000000091e-02
2.879535000000000081e-02
2.612292999999999907e-02
2.512864000000000070e-02
2.689806000000000141e-02
2.869197999999999887e-02
2.758454999999999935e-02
2.278459000000000040e-02
2.307647000000000170e-02
2.577553999999999956e-02
2.698327999999999838e-02
3.461009999999999781e-02
3.081503000000000020e-02
2.062448000000000059e-02
