2.392257999999999885e-02
2.504177999999999960e-02
2.558652000000000148e-02
2.543547999999999989e-02
2.442528999999999881e-02
2.091062000000000129e-02
1.866972000000000076e-02
1.898450999999999958e-02
2.403732999999999911e-02
2.774249999999999980e-02
2.671615000000000101e-02
2.199138999999999955e-02
2.011809999999999987e-02
2.431035000000000140e-02
2.214781999999999862e-02
2.619685000000000069e-02
2.783586000000000046e-02
2.649786000000000155e-02
2.067617000000000066e-02
1.908270000000000105e-02
2.329306999999999905e-02
2.650641999999999929e-02
2.508041000000000090e-02
2.226426000000000099e-02
1.986979999999999996e-02
2.190223000000000170e-02
2.791286999999999935e-02
3.220441000000000276e-02
2.729118999999999989e-02
2.812635000000000135e-02
3.031719999999999901e-02
3.247363000000000333e-02
3.407738999999999907e-02
2.994219999999999868e-02
2.234494000000000063e-02
2.535557000000000089e-02
3.095561999999999966e-02
3.616405999999999787e-02
3.201310000000000267e-02
2.551770000000000080e-02
2.927630000000000163e-02
3.548239000000000254e-02
4.288970999999999756e-02
4.961987999999999815e-02
4.054664999999999658e-02
2.579207999999999848e-02
2.475791000000000103e-02
3.289427999999999797e-02
5.656487999999999794e-02
9.282741999999999383e-02
1.129957999999999935e-01
1.165622500000000061e-01
1.159854500000000038e-01
1.180740900000000065e-01
9.327444000000000013e-02
6.600872000000000683e-02
4.992437000000000263e-02
3.866299000000000124e-02
2.880457000000000156e-02
2.024783999999999959e-02
2.008526999999999882e-02
2.096177000000000110e-02
1.920053999999999858e-02
1.698668000000000053e-02
