1.919310999999999934e-02
2.062664000000000164e-02
1.984806000000000070e-02
2.037740000000000037e-02
2.081817000000000042e-02
2.005538000000000112e-02
2.070336999999999872e-02
2.234329999999999997e-02
2.401417999999999955e-02
2.350375000000000034e-02
2.190618999999999900e-02
2.029794000000000043e-02
1.912913000000000113e-02
1.878994000000000150e-02
2.131757000000000096e-02
2.360488000000000169e-02
2.272126000000000007e-02
1.954840000000000050e-02
1.870857000000000075e-02
1.898313000000000084e-02
2.195574000000000137e-02
2.776077999999999879e-02
2.570392999999999983e-02
2.013803999999999941e-02
1.895807999999999868e-02
2.161702999999999888e-02
2.510601999999999973e-02
2.710635999999999948e-02
2.369717000000000004e-02
1.964963000000000126e-02
2.038674000000000042e-02
2.181492999999999974e-02
2.401953999999999895e-02
2.307005000000000167e-02
2.194300999999999890e-02
2.089883000000000018e-02
2.399139999999999953e-02
2.623806999999999875e-02
2.335550999999999947e-02
1.955435999999999980e-02
1.849657999999999858e-02
1.948068999999999842e-02
2.159169999999999839e-02
2.335279999999999995e-02
2.294859999999999955e-02
2.303969000000000156e-02
2.733887000000000123e-02
2.780134999999999898e-02
2.712857000000000116e-02
2.524969000000000172e-02
2.329704999999999970e-02
2.195559999999999873e-02
2.004712000000000161e-02
2.354648000000000158e-02
3.110885000000000039e-02
4.079950000000000243e-02
5.445168999999999704e-02
6.382472999999999619e-02
6.460612000000000299e-02
6.434998999999999580e-02
5.915316999999999797e-02
5.272777000000000019e-02
3.529598999999999931e-02
1.692996999999999905e-02
