2.262795999999999905e-02
2.792406999999999875e-02
1.957276000000000155e-02
1.901815000000000103e-02
1.936699999999999880e-02
1.900558999999999929e-02
1.926175000000000109e-02
2.084948999999999830e-02
2.198854999999999907e-02
2.073880000000000168e-02
1.930397999999999836e-02
2.114771000000000012e-02
2.538191999999999879e-02
2.787890999999999980e-02
2.423461999999999839e-02
1.930886999999999881e-02
1.849326000000000095e-02
1.942113999999999993e-02
2.394080999999999987e-02
2.176559000000000133e-02
2.014598000000000083e-02
2.018497000000000000e-02
2.048979999999999899e-02
2.418160999999999922e-02
2.742993999999999988e-02
2.248042000000000096e-02
2.120603999999999892e-02
2.258237000000000091e-02
3.009625999999999968e-02
3.878258999999999873e-02
2.705360000000000056e-02
2.219727999999999979e-02
2.106399000000000118e-02
2.081850000000000020e-02
2.519387999999999836e-02
3.206341000000000052e-02
3.271965000000000290e-02
2.934921000000000058e-02
3.093747000000000164e-02
3.910240000000000243e-02
4.920465999999999729e-02
4.550383999999999679e-02
2.991415000000000046e-02
2.511539000000000132e-02
2.688277999999999848e-02
4.937695000000000278e-02
7.276079000000000574e-02
9.550467999999999458e-02
1.181707300000000016e-01
1.222641800000000001e-01
1.434589500000000017e-01
1.290324800000000049e-01
1.223032500000000022e-01
9.054879999999999873e-02
6.232954000000000272e-02
3.711994999999999878e-02
2.588309999999999916e-02
2.102056000000000063e-02
1.939099999999999852e-02
1.956857000000000041e-02
2.274591000000000113e-02
2.633858000000000033e-02
2.263284999999999950e-02
1.857674000000000131e-02
