1.743427999999999992e-02
2.080169999999999936e-02
2.379515999999999923e-02
2.809346000000000065e-02
3.015175999999999967e-02
2.814617000000000160e-02
2.102491000000000082e-02
1.895482000000000070e-02
2.102272999999999989e-02
2.398107999999999837e-02
3.332933999999999897e-02
3.046369000000000160e-02
2.791354999999999878e-02
2.832534999999999914e-02
2.758499000000000020e-02
2.992654000000000147e-02
3.307244000000000156e-02
2.290711999999999957e-02
2.216976000000000016e-02
2.197433000000000025e-02
2.062307999999999850e-02
2.803463000000000135e-02
2.998527999999999957e-02
2.676685999999999996e-02
3.591304000000000024e-02
3.513386000000000287e-02
4.248877000000000209e-02
3.834800000000000014e-02
3.738614999999999994e-02
3.199580999999999953e-02
2.560045999999999849e-02
2.638396000000000144e-02
2.874631000000000061e-02
3.541223999999999761e-02
3.735270000000000257e-02
3.679489999999999844e-02
4.396332000000000018e-02
5.713785999999999865e-02
6.233940000000000314e-02
5.945262999999999937e-02
4.037653000000000075e-02
3.544396999999999825e-02
5.711423000000000194e-02
1.154895600000000050e-01
1.393641499999999922e-01
1.972996999999999945e-01
2.005472799999999944e-01
2.424725100000000022e-01
1.702281700000000120e-01
1.086368899999999998e-01
1.094547399999999948e-01
8.077309000000000572e-02
5.251267999999999908e-02
3.175884999999999819e-02
1.930855999999999892e-02
2.521734000000000128e-02
2.920396000000000103e-02
2.714779000000000150e-02
3.435127000000000319e-02
5.005998999999999866e-02
6.069854000000000221e-02
5.520678999999999864e-02
3.894940000000000208e-02
2.043479000000000129e-02
