1.709741000000000039e-02
2.007161000000000015e-02
1.946432000000000023e-02
1.903006000000000142e-02
1.874183999999999919e-02
1.886610999999999844e-02
1.810362999999999903e-02
1.754351999999999995e-02
1.796276000000000123e-02
1.784656000000000090e-02
1.781007999999999897e-02
1.790138999999999966e-02
1.819081999999999991e-02
1.830239000000000171e-02
1.852809999999999874e-02
1.867181000000000049e-02
1.874394000000000060e-02
1.850132999999999986e-02
1.822850999999999985e-02
1.811926999999999982e-02
1.784033999999999967e-02
1.789373000000000005e-02
1.766842999999999886e-02
1.772868000000000013e-02
1.718118000000000076e-02
1.773894999999999986e-02
1.790254999999999971e-02
1.787452000000000138e-02
1.775909000000000168e-02
1.776843999999999993e-02
1.779881000000000171e-02
1.752748000000000153e-02
1.814632999999999871e-02
1.778771999999999992e-02
1.755028999999999964e-02
1.755533999999999914e-02
1.797763000000000139e-02
1.812141000000000099e-02
1.807765999999999887e-02
1.726805000000000007e-02
1.760244999999999865e-02
1.762317999999999871e-02
1.821031999999999859e-02
1.783672000000000035e-02
1.786524000000000098e-02
1.777698999999999946e-02
1.811362999999999862e-02
1.802517000000000008e-02
1.763599999999999890e-02
1.735259000000000107e-02
1.800592999999999985e-02
1.732041999999999957e-02
1.787474999999999828e-02
1.784010000000000110e-02
1.788527999999999993e-02
1.783654999999999963e-02
1.777192000000000008e-02
1.771346000000000032e-02
1.770406999999999884e-02
1.809745000000000104e-02
1.787514000000000117e-02
1.784613999999999992e-02
1.678458000000000033e-02
1.535072999999999993e-02
