1.789473000000000105e-02
1.977945000000000050e-02
2.240696000000000007e-02
2.231429999999999872e-02
2.495204000000000172e-02
2.102280000000000121e-02
2.027427000000000049e-02
2.049967999999999929e-02
1.898143000000000052e-02
1.848011999999999919e-02
1.961235000000000062e-02
1.928614000000000023e-02
2.009297000000000166e-02
2.405900999999999873e-02
2.613015000000000129e-02
3.093156999999999851e-02
3.133641999999999678e-02
2.851640000000000078e-02
2.721637999999999835e-02
2.574921000000000154e-02
2.353463999999999903e-02
3.096617999999999940e-02
3.645605999999999847e-02
4.947055000000000202e-02
6.907483000000000373e-02
9.293213999999999642e-02
9.491710999999999898e-02
8.447828999999999755e-02
7.023079000000000127e-02
3.980867999999999907e-02
2.480082000000000120e-02
2.082550999999999847e-02
2.118922999999999987e-02
2.331356999999999874e-02
3.082769000000000134e-02
3.189303999999999750e-02
3.735199000000000158e-02
4.630904999999999744e-02
4.029498000000000107e-02
3.171539000000000302e-02
2.876644999999999897e-02
2.103729999999999836e-02
1.968835000000000029e-02
2.019380999999999954e-02
2.359253000000000045e-02
2.096541999999999850e-02
2.130212999999999898e-02
2.228331000000000062e-02
2.074294000000000138e-02
1.970710000000000170e-02
1.982609000000000107e-02
1.980969999999999953e-02
1.985690000000000024e-02
2.150919000000000095e-02
2.161489999999999939e-02
2.005165000000000072e-02
1.927983000000000127e-02
1.860530000000000170e-02
1.822907000000000000e-02
1.836418000000000078e-02
1.858949999999999839e-02
2.015863000000000030e-02
1.901136999999999966e-02
1.628376999999999949e-02
