1.762164999999999912e-02
2.030188000000000131e-02
1.948946999999999832e-02
2.109621000000000066e-02
2.395100999999999827e-02
2.253735999999999934e-02
1.865609000000000017e-02
1.748546000000000128e-02
1.837671000000000096e-02
2.008833999999999967e-02
2.302815999999999891e-02
2.742583999999999994e-02
3.288336000000000037e-02
3.403207999999999928e-02
3.415823999999999944e-02
3.470672999999999814e-02
3.190764000000000100e-02
2.612737999999999866e-02
2.192855000000000151e-02
1.875881999999999897e-02
1.861097999999999919e-02
1.850562000000000040e-02
1.792293000000000011e-02
1.850674000000000069e-02
1.896832000000000032e-02
1.952972999999999862e-02
2.111013000000000125e-02
2.209291000000000033e-02
2.069145999999999833e-02
1.968113000000000154e-02
1.873688000000000090e-02
1.831984999999999864e-02
1.930930999999999967e-02
1.865560000000000135e-02
1.867034999999999875e-02
1.904519000000000004e-02
1.851277000000000131e-02
1.805752999999999872e-02
1.831549000000000024e-02
1.779278000000000109e-02
1.751631000000000021e-02
1.777712000000000042e-02
1.803642000000000092e-02
1.805939000000000155e-02
1.796765999999999988e-02
1.745676999999999993e-02
1.810801000000000077e-02
1.862505999999999884e-02
1.889535000000000173e-02
1.866233999999999948e-02
1.831670000000000173e-02
1.776101999999999889e-02
1.757840000000000097e-02
1.794994999999999924e-02
1.841581999999999941e-02
1.863932999999999909e-02
1.815519999999999981e-02
1.783892000000000116e-02
1.733501999999999960e-02
1.797862000000000071e-02
1.807809999999999973e-02
1.803944000000000034e-02
1.769336000000000172e-02
1.548574999999999952e-02
