1.715128000000000139e-02
2.002251999999999851e-02
2.065695000000000031e-02
2.110818000000000069e-02
2.681330999999999992e-02
3.341882999999999659e-02
3.257822999999999969e-02
3.085556999999999883e-02
2.464699999999999877e-02
2.057548000000000016e-02
2.021594000000000169e-02
2.322112000000000134e-02
3.058268000000000097e-02
2.827924000000000063e-02
2.705016000000000018e-02
2.438879000000000047e-02
2.492567000000000046e-02
2.795440999999999898e-02
3.411312999999999845e-02
3.700403000000000026e-02
2.855177999999999883e-02
2.586656000000000025e-02
3.512913000000000147e-02
3.105915000000000065e-02
3.446230000000000127e-02
2.835901999999999867e-02
2.526834000000000024e-02
2.551022999999999832e-02
2.260677000000000172e-02
2.034628999999999951e-02
2.146433999999999842e-02
2.265578000000000036e-02
2.899590999999999974e-02
3.943072000000000243e-02
4.776592999999999811e-02
3.276890999999999832e-02
2.085920000000000135e-02
2.428144000000000136e-02
3.582989000000000313e-02
3.967038999999999982e-02
3.470621000000000123e-02
3.541542999999999775e-02
3.900967000000000323e-02
5.515033999999999909e-02
5.048902000000000251e-02
4.740193000000000184e-02
5.093107999999999663e-02
3.765542000000000195e-02
2.578487999999999961e-02
5.452259000000000272e-02
7.346677999999999542e-02
1.181626900000000008e-01
1.543683600000000100e-01
2.195260500000000004e-01
2.329113299999999998e-01
2.069221599999999939e-01
2.056240000000000012e-01
1.864057899999999879e-01
1.520725800000000127e-01
1.128869099999999931e-01
7.962661000000000044e-02
5.038619999999999904e-02
2.883710000000000093e-02
2.070670000000000149e-02
