1.999814999999999926e-02
2.049486999999999837e-02
1.928032999999999830e-02
1.880922999999999970e-02
1.760721000000000161e-02
1.859016000000000141e-02
1.836644999999999944e-02
1.892952999999999997e-02
1.878095999999999932e-02
1.920726000000000031e-02
1.876943000000000014e-02
2.011270000000000072e-02
2.196520000000000070e-02
2.334175999999999959e-02
2.602828000000000086e-02
2.117064999999999919e-02
1.843397000000000091e-02
1.857388000000000094e-02
1.942144000000000162e-02
2.032379999999999950e-02
1.956806999999999991e-02
2.313364000000000045e-02
2.435005000000000155e-02
2.561240000000000044e-02
2.674547999999999856e-02
2.790946999999999872e-02
2.823142000000000013e-02
2.514086999999999919e-02
2.073293000000000011e-02
2.345579999999999887e-02
3.257961000000000190e-02
3.975537999999999988e-02
5.788309999999999983e-02
7.179269000000000622e-02
5.913397000000000098e-02
5.860511999999999666e-02
5.385352000000000194e-02
3.433279000000000192e-02
2.615469000000000127e-02
1.941176999999999833e-02
1.786422000000000010e-02
1.970262999999999876e-02
2.072362000000000162e-02
2.111125000000000154e-02
2.406466999999999981e-02
2.748758000000000104e-02
3.302333999999999825e-02
2.845730999999999955e-02
2.281984999999999916e-02
2.145992999999999859e-02
2.032023999999999983e-02
1.970252000000000114e-02
1.898574999999999915e-02
2.055817999999999882e-02
2.147535999999999889e-02
2.133345000000000033e-02
2.227722000000000036e-02
2.499476000000000128e-02
2.493033999999999875e-02
2.111773000000000122e-02
2.116252999999999884e-02
2.002402000000000001e-02
1.797462000000000018e-02
1.629148000000000054e-02
