4.375214000000000186e-02
6.227695999999999926e-02
8.433833999999999775e-02
8.844841999999999982e-02
9.034190000000000276e-02
8.924495000000000344e-02
6.550952999999999637e-02
4.434968999999999717e-02
3.576174000000000019e-02
3.186946000000000223e-02
2.438542999999999961e-02
2.295499999999999971e-02
2.145419999999999966e-02
2.161244999999999833e-02
2.230976999999999960e-02
2.389642999999999975e-02
2.720513999999999918e-02
3.033564999999999873e-02
2.815838999999999842e-02
2.626084000000000057e-02
2.190032999999999910e-02
2.108134999999999870e-02
2.105819000000000094e-02
1.955927000000000013e-02
1.995664000000000118e-02
1.936088000000000045e-02
1.906866999999999937e-02
1.984371999999999872e-02
1.968378000000000141e-02
1.914029999999999898e-02
1.946265000000000148e-02
1.881611999999999868e-02
1.908570999999999879e-02
1.792393000000000111e-02
1.842107000000000119e-02
1.846944000000000016e-02
1.853957999999999995e-02
1.944399999999999948e-02
2.028521000000000143e-02
1.963532999999999945e-02
1.931599999999999984e-02
1.904269000000000100e-02
1.949356000000000005e-02
1.982520000000000115e-02
2.028370000000000173e-02
2.027916000000000094e-02
1.899204000000000170e-02
1.813713000000000131e-02
1.819898000000000002e-02
1.856440000000000173e-02
1.893533000000000022e-02
1.905706000000000067e-02
1.940166999999999933e-02
1.905737999999999877e-02
1.897313999999999945e-02
1.891320999999999974e-02
1.858902000000000124e-02
1.866361999999999882e-02
1.848071000000000089e-02
1.808488000000000109e-02
1.821806999999999940e-02
1.844983999999999860e-02
1.695206999999999964e-02
1.571287999999999851e-02
