2.347685999999999870e-02
2.236791999999999947e-02
3.373827000000000076e-02
3.120208000000000009e-02
2.400033999999999848e-02
2.344511000000000164e-02
2.127847000000000072e-02
2.182939000000000060e-02
2.662559000000000106e-02
3.428091999999999945e-02
3.086768999999999971e-02
2.918758000000000116e-02
2.956639999999999963e-02
3.783750999999999781e-02
5.035157999999999995e-02
4.774414999999999909e-02
2.682460000000000053e-02
2.592285999999999896e-02
2.851240999999999845e-02
2.533822000000000157e-02
3.521098999999999757e-02
5.852637000000000117e-02
7.649830999999999992e-02
6.501869000000000398e-02
5.000907000000000269e-02
5.045419999999999766e-02
7.526739999999999819e-02
6.209996000000000266e-02
4.021082000000000128e-02
3.315215999999999996e-02
6.629425999999999375e-02
1.066067700000000035e-01
1.741967500000000113e-01
2.139724199999999965e-01
2.137409700000000023e-01
2.550518199999999847e-01
2.304385200000000078e-01
1.461868100000000004e-01
7.100752999999999926e-02
3.727576999999999974e-02
2.335117999999999916e-02
2.679963999999999957e-02
3.117433000000000010e-02
3.275386000000000269e-02
4.467302000000000078e-02
6.527784000000000364e-02
8.719939000000000162e-02
6.777107000000000270e-02
5.079618000000000327e-02
3.559607000000000049e-02
3.217633999999999772e-02
2.617003999999999858e-02
2.298916000000000154e-02
3.100355000000000125e-02
3.577361999999999903e-02
3.723429000000000322e-02
4.381341999999999876e-02
5.321138000000000257e-02
4.660022999999999943e-02
2.814933999999999839e-02
3.128696999999999728e-02
2.807841000000000156e-02
2.119969000000000020e-02
2.075025000000000133e-02
