2.107556000000000013e-02
3.167906999999999668e-02
4.065500999999999837e-02
5.965258999999999839e-02
7.227456999999999632e-02
7.958635999999999489e-02
7.491275000000000017e-02
7.020218999999999765e-02
6.493248999999999549e-02
5.813428999999999819e-02
4.477408000000000082e-02
3.314243000000000050e-02
2.654772000000000035e-02
2.198572000000000026e-02
2.132625999999999966e-02
2.226954000000000086e-02
2.240452999999999889e-02
2.194615999999999928e-02
2.166405000000000067e-02
2.344598999999999989e-02
2.581748000000000029e-02
2.487324000000000132e-02
2.228897000000000170e-02
2.061419000000000099e-02
1.975744999999999932e-02
1.984162999999999899e-02
2.063707000000000041e-02
2.064707000000000001e-02
2.087438000000000141e-02
2.025360999999999828e-02
1.942168999999999840e-02
1.941901000000000044e-02
1.871396000000000170e-02
1.842030999999999877e-02
1.875268000000000074e-02
1.886233000000000007e-02
1.972575999999999843e-02
1.942013000000000073e-02
1.955114000000000157e-02
1.936413000000000023e-02
1.860225999999999894e-02
2.103464999999999849e-02
2.150623000000000118e-02
2.001837999999999881e-02
1.878768999999999925e-02
1.908769000000000091e-02
2.048018000000000061e-02
2.028152999999999900e-02
2.090447000000000138e-02
2.012364999999999987e-02
1.909222000000000002e-02
1.879236000000000101e-02
1.956648000000000068e-02
2.307547000000000070e-02
2.290398000000000087e-02
2.163143000000000010e-02
1.974758999999999889e-02
1.912519999999999845e-02
1.866458000000000006e-02
1.980016000000000068e-02
2.054218000000000016e-02
2.207891999999999841e-02
2.145259000000000055e-02
1.689393999999999965e-02
