2.629787499999999834e-02
2.805757500000000126e-02
2.162958499999999978e-02
2.202451500000000145e-02
3.062410499999999869e-02
3.218943500000000235e-02
2.959175000000000000e-02
3.233774999999999844e-02
5.095903000000000238e-02
6.601019999999999111e-02
6.983166999999999847e-02
6.112305999999999989e-02
5.104219000000000117e-02
3.695237999999999995e-02
2.976584000000000174e-02
2.531094000000000052e-02
3.038768999999999845e-02
5.397223000000000298e-02
1.167569400000000035e-01
1.632234200000000079e-01
2.038680599999999898e-01
2.018079000000000123e-01
1.747047599999999867e-01
1.114397800000000022e-01
7.122870000000000590e-02
4.057390000000000302e-02
2.784976999999999939e-02
2.473660000000000095e-02
2.842186999999999839e-02
3.491256000000000220e-02
3.562067000000000011e-02
5.387991000000000308e-02
5.783197000000000337e-02
6.629793000000000491e-02
5.438830000000000053e-02
3.598598000000000074e-02
3.063729999999999926e-02
2.519737999999999839e-02
2.585698999999999984e-02
3.154405999999999877e-02
2.926706000000000099e-02
3.232842999999999828e-02
3.106948000000000001e-02
2.155347000000000166e-02
1.916966999999999977e-02
2.038946000000000161e-02
2.086676000000000156e-02
2.068911999999999834e-02
2.202014999999999875e-02
2.289048000000000124e-02
2.588303999999999952e-02
2.445471000000000103e-02
2.383388999999999994e-02
2.383261999999999881e-02
2.427614000000000161e-02
2.360398000000000010e-02
2.336275999999999978e-02
2.246891000000000166e-02
2.304762999999999951e-02
2.220447999999999866e-02
2.350729999999999834e-02
2.832917999999999895e-02
2.338604000000000030e-02
1.940325000000000036e-02
