1.981443999999999914e-02
2.306611000000000078e-02
2.199674000000000074e-02
2.228733000000000103e-02
3.496124999999999927e-02
2.983527000000000054e-02
2.383646000000000029e-02
2.147429000000000004e-02
1.902314999999999909e-02
1.914325999999999875e-02
2.260312000000000085e-02
2.480049000000000142e-02
2.321689999999999865e-02
2.304691999999999852e-02
2.099395999999999901e-02
2.237507999999999858e-02
2.364754999999999982e-02
2.305368000000000001e-02
2.331733999999999890e-02
2.862413000000000110e-02
3.176550999999999680e-02
3.228157000000000248e-02
3.792492000000000085e-02
3.986245000000000066e-02
2.741081000000000073e-02
2.325980999999999882e-02
2.243471999999999827e-02
2.657135000000000052e-02
2.840517000000000042e-02
3.186006000000000254e-02
3.601200999999999708e-02
4.107747999999999955e-02
4.047699999999999909e-02
3.703121999999999664e-02
3.270983000000000224e-02
3.103474999999999984e-02
2.270141000000000173e-02
3.398572999999999872e-02
5.228958000000000217e-02
7.977413999999999339e-02
1.185371999999999953e-01
1.487099100000000007e-01
1.659529999999999894e-01
1.545637199999999878e-01
1.286849200000000082e-01
8.558153999999999761e-02
5.767519000000000118e-02
3.864946999999999827e-02
2.770432999999999923e-02
2.347112000000000157e-02
2.093644999999999881e-02
2.131544999999999968e-02
2.889687999999999979e-02
3.331242000000000231e-02
6.218155000000000210e-02
6.909308999999999590e-02
5.530482999999999927e-02
4.725954000000000266e-02
4.220158999999999716e-02
3.874879999999999991e-02
3.359953999999999719e-02
2.596988999999999895e-02
2.191409999999999886e-02
1.839212000000000138e-02
