3.734134000000000064e-02
5.544099999999999723e-02
6.191945000000000088e-02
6.722073000000000631e-02
6.986035000000000161e-02
7.074452000000000518e-02
6.286487000000000325e-02
4.660208999999999879e-02
3.700670999999999822e-02
3.191002999999999895e-02
2.548177000000000081e-02
2.217664999999999914e-02
2.031267999999999962e-02
1.969871000000000122e-02
2.046245000000000008e-02
2.069485999999999895e-02
2.515314999999999912e-02
2.608925999999999953e-02
2.562025999999999887e-02
2.559553999999999996e-02
2.294732999999999842e-02
2.293026000000000092e-02
2.061783999999999839e-02
1.943734999999999907e-02
2.018183999999999950e-02
1.975061999999999998e-02
1.886399000000000062e-02
2.044684000000000085e-02
1.986169000000000129e-02
1.973164000000000168e-02
1.894074000000000105e-02
1.847321999999999853e-02
1.868927000000000088e-02
1.826979999999999923e-02
1.831769000000000105e-02
1.875556000000000098e-02
1.804928000000000088e-02
1.969790999999999903e-02
1.993531999999999943e-02
1.974959999999999910e-02
1.885252000000000108e-02
1.892026999999999945e-02
1.899618000000000140e-02
2.007350000000000106e-02
2.153243999999999991e-02
2.012498999999999885e-02
1.923410000000000050e-02
1.898062999999999834e-02
1.819890999999999870e-02
1.809258999999999867e-02
1.895774999999999891e-02
1.994471999999999912e-02
1.999708999999999862e-02
1.946596999999999911e-02
1.980070999999999914e-02
1.889035999999999840e-02
1.970604000000000106e-02
2.016557999999999892e-02
1.865154999999999938e-02
1.891394000000000061e-02
1.825747000000000134e-02
1.795255000000000115e-02
1.651354999999999837e-02
1.645115000000000119e-02
