2.122875000000000109e-02
3.096037999999999915e-02
3.292512999999999690e-02
2.802844000000000169e-02
3.168489000000000028e-02
2.499834999999999904e-02
2.195547000000000123e-02
1.981602000000000016e-02
2.401251999999999900e-02
3.048286000000000051e-02
3.185310000000000225e-02
2.749002000000000043e-02
2.410096000000000113e-02
2.298688999999999941e-02
3.293937999999999727e-02
3.962037999999999671e-02
3.202246999999999733e-02
2.073784999999999865e-02
2.199399000000000146e-02
2.292982999999999827e-02
2.569435999999999942e-02
3.023599999999999899e-02
2.883869000000000016e-02
2.511197999999999902e-02
3.870619000000000143e-02
4.227590999999999988e-02
4.490340000000000303e-02
4.048767999999999812e-02
2.984842000000000051e-02
2.407087999999999936e-02
2.844460000000000044e-02
3.365246000000000209e-02
3.916225000000000261e-02
4.121592000000000311e-02
4.418748000000000120e-02
5.682402000000000286e-02
6.886214000000000224e-02
6.698566000000000242e-02
5.014082000000000261e-02
3.087300999999999934e-02
2.816400999999999974e-02
7.216828999999999605e-02
1.100769000000000053e-01
1.591674999999999895e-01
2.000883099999999915e-01
2.364697600000000011e-01
2.230863700000000061e-01
2.060178799999999866e-01
1.557809300000000119e-01
8.665117999999999432e-02
7.230681999999999388e-02
5.096061999999999814e-02
2.738128999999999910e-02
2.929433000000000037e-02
3.584207999999999839e-02
3.872159000000000018e-02
4.111286000000000107e-02
4.714447000000000082e-02
6.459149999999999614e-02
8.772396000000000360e-02
7.735305000000000653e-02
6.091491999999999740e-02
3.627592999999999790e-02
2.157409000000000063e-02
