1.777458999999999983e-02
1.989109000000000016e-02
1.917962999999999960e-02
1.908902000000000168e-02
1.888855999999999868e-02
1.964868000000000170e-02
2.097517000000000131e-02
2.188810999999999882e-02
2.314669000000000101e-02
2.180079000000000045e-02
2.007600000000000010e-02
1.908912000000000109e-02
1.903875999999999832e-02
1.955754000000000173e-02
2.038453000000000140e-02
2.105484999999999995e-02
1.996223999999999915e-02
1.905549999999999952e-02
1.897385999999999864e-02
1.981313000000000171e-02
2.049988999999999978e-02
2.329530999999999963e-02
2.135313000000000141e-02
1.905984000000000150e-02
1.889661000000000118e-02
1.995098999999999831e-02
2.053431999999999827e-02
2.082080000000000042e-02
1.942492999999999997e-02
1.911782999999999885e-02
1.941528000000000004e-02
2.048155000000000114e-02
2.069003000000000161e-02
2.072786000000000073e-02
2.086845999999999840e-02
2.047647000000000009e-02
2.165689000000000156e-02
2.177814000000000139e-02
2.014687000000000075e-02
1.858730000000000104e-02
2.003947999999999841e-02
2.310502999999999862e-02
2.675013000000000044e-02
2.863102999999999829e-02
2.693726000000000106e-02
2.691444999999999949e-02
3.169650000000000245e-02
3.146983999999999893e-02
2.788594000000000142e-02
2.313348000000000140e-02
2.285415999999999837e-02
2.449681000000000081e-02
2.969837000000000171e-02
5.288007000000000124e-02
7.334757999999999556e-02
8.917247999999999841e-02
1.031708399999999998e-01
1.099748799999999971e-01
1.093211199999999939e-01
9.429666999999999910e-02
7.068562999999999930e-02
5.619327999999999823e-02
3.237737000000000254e-02
1.811207000000000095e-02
