1.796181000000000166e-02
2.023766000000000106e-02
2.235979999999999912e-02
2.123426000000000133e-02
2.171587000000000170e-02
2.047765000000000002e-02
1.947576999999999989e-02
1.841318000000000121e-02
1.971697000000000033e-02
2.260246999999999951e-02
2.549832000000000140e-02
2.233214000000000032e-02
2.221727999999999897e-02
2.098817000000000044e-02
2.357886999999999830e-02
2.640765999999999947e-02
2.570317999999999908e-02
1.955497000000000138e-02
1.895114000000000173e-02
1.937556000000000000e-02
1.953461999999999907e-02
2.392520000000000063e-02
2.260631999999999919e-02
2.167646999999999977e-02
2.567275000000000112e-02
2.770877000000000062e-02
3.041692000000000007e-02
2.997299999999999964e-02
2.758446000000000162e-02
2.453119999999999953e-02
2.146984999999999866e-02
2.294391999999999959e-02
2.395366000000000162e-02
2.753573000000000132e-02
3.125490999999999686e-02
3.199964999999999754e-02
3.721022999999999692e-02
4.493475999999999720e-02
4.274374000000000229e-02
3.711858999999999992e-02
3.150424000000000280e-02
2.626169000000000073e-02
3.780402000000000068e-02
5.773579999999999685e-02
8.527693000000000079e-02
1.150892699999999935e-01
1.392679699999999909e-01
1.333570000000000033e-01
1.086504499999999956e-01
8.655261000000000204e-02
7.865321999999999592e-02
6.373563000000000145e-02
3.836936999999999987e-02
2.773812999999999973e-02
2.008489000000000108e-02
2.178955000000000128e-02
2.398872000000000157e-02
2.593039999999999928e-02
3.023255999999999860e-02
3.693261999999999934e-02
4.024563999999999919e-02
3.398008999999999752e-02
2.781470000000000123e-02
1.906682000000000168e-02
