2.127760000000000068e-02
2.466439000000000131e-02
3.113683000000000076e-02
2.583084000000000074e-02
2.381656000000000051e-02
2.280058000000000085e-02
2.019115999999999966e-02
1.987973000000000171e-02
2.253188999999999886e-02
2.500211000000000100e-02
2.659569000000000169e-02
2.157490999999999923e-02
2.168435999999999975e-02
2.242457000000000131e-02
2.590802000000000035e-02
3.636501000000000317e-02
2.760028000000000134e-02
2.041445000000000065e-02
1.916411999999999977e-02
2.260834999999999928e-02
2.359916999999999918e-02
2.552050999999999972e-02
2.436628000000000058e-02
2.712188000000000099e-02
3.096259999999999984e-02
3.883611000000000008e-02
3.637201000000000323e-02
2.851924000000000126e-02
2.459251000000000145e-02
2.347124000000000085e-02
2.432607999999999993e-02
3.187794000000000044e-02
3.358955000000000274e-02
3.426134000000000124e-02
4.136457000000000328e-02
4.189245999999999942e-02
4.962930000000000119e-02
4.804636000000000323e-02
3.694764999999999855e-02
2.694635000000000086e-02
2.754064999999999985e-02
5.316735000000000211e-02
9.218611999999999640e-02
1.401156199999999963e-01
1.549493700000000029e-01
1.750463200000000052e-01
1.760345799999999961e-01
1.690459800000000123e-01
1.146751200000000054e-01
6.728879000000000110e-02
5.452614000000000072e-02
3.871166999999999664e-02
2.564367000000000035e-02
2.808799999999999839e-02
3.306876000000000260e-02
3.531191000000000191e-02
3.727033999999999903e-02
4.228339999999999876e-02
4.962430000000000313e-02
6.816518000000000577e-02
6.657646999999999871e-02
5.058270000000000127e-02
3.257199999999999679e-02
2.064766999999999991e-02
