1.982075999999999977e-02
2.563464000000000020e-02
2.509194000000000008e-02
2.314791000000000071e-02
2.218248999999999915e-02
2.077916999999999959e-02
1.916380000000000167e-02
1.978778000000000134e-02
2.752082000000000139e-02
3.611680999999999919e-02
3.996401000000000120e-02
5.153714000000000212e-02
5.677685999999999844e-02
4.973233999999999988e-02
4.292748999999999870e-02
3.931039000000000061e-02
3.233189000000000202e-02
2.575237000000000012e-02
1.990644000000000094e-02
1.857792999999999944e-02
1.842432000000000097e-02
1.881520000000000067e-02
1.907353999999999994e-02
2.201681999999999945e-02
2.353919000000000150e-02
2.570561000000000026e-02
2.485081999999999916e-02
2.522730999999999932e-02
2.139065000000000064e-02
2.032743000000000050e-02
2.037941999999999879e-02
2.047124999999999986e-02
2.227267000000000136e-02
2.138947999999999891e-02
2.118398999999999976e-02
2.155810999999999839e-02
1.988675999999999985e-02
1.903888999999999929e-02
1.855735999999999844e-02
1.835581999999999839e-02
1.809310000000000085e-02
1.801871999999999849e-02
1.830470999999999834e-02
1.799819000000000072e-02
1.791486000000000120e-02
1.842825000000000019e-02
1.893417000000000017e-02
2.014731999999999981e-02
1.978649000000000033e-02
1.935602000000000156e-02
1.825517999999999932e-02
1.777443999999999899e-02
1.878292000000000156e-02
1.939729000000000106e-02
1.952803999999999998e-02
1.938105999999999857e-02
1.861093999999999943e-02
1.809648000000000159e-02
1.751002999999999934e-02
1.889147000000000048e-02
1.916406999999999833e-02
1.941152999999999976e-02
1.810538000000000078e-02
1.610562999999999925e-02
