2.593842999999999843e-02
2.651540999999999967e-02
1.981594000000000064e-02
2.025909999999999864e-02
3.049055000000000168e-02
3.801506999999999803e-02
2.926153999999999908e-02
3.178870000000000307e-02
4.598957000000000045e-02
6.252919999999999312e-02
6.792175999999999769e-02
5.668760999999999939e-02
4.420062000000000296e-02
3.356818000000000302e-02
2.390861000000000028e-02
2.658504000000000075e-02
3.466036000000000117e-02
6.140815000000000162e-02
1.208925599999999961e-01
1.526992299999999914e-01
1.673288300000000117e-01
1.594274900000000050e-01
1.230393600000000004e-01
8.197751999999999817e-02
4.823386999999999813e-02
3.448690000000000089e-02
2.456706999999999988e-02
2.209662000000000084e-02
2.960886999999999894e-02
3.337909000000000015e-02
3.765484000000000192e-02
4.783221000000000001e-02
5.170385000000000258e-02
5.656444000000000055e-02
4.818846999999999714e-02
3.060991000000000059e-02
2.649042999999999884e-02
2.415141000000000163e-02
2.394777999999999837e-02
2.506616999999999873e-02
2.509151999999999910e-02
2.602221000000000048e-02
2.716547999999999879e-02
2.228880999999999918e-02
1.887029999999999957e-02
1.909098000000000045e-02
2.018162000000000081e-02
2.037815999999999933e-02
2.124451999999999938e-02
2.120715000000000100e-02
2.243981999999999921e-02
2.251407999999999882e-02
2.145054000000000058e-02
2.151983999999999841e-02
2.225546000000000121e-02
2.299976999999999924e-02
2.309338999999999836e-02
2.174672000000000063e-02
2.112835999999999881e-02
2.072747999999999952e-02
2.072538000000000158e-02
2.400996999999999854e-02
2.301177000000000084e-02
1.749966999999999842e-02
