2.159845000000000168e-02
4.256603999999999943e-02
4.458804000000000239e-02
4.769139000000000017e-02
7.781614000000000586e-02
7.996409000000000156e-02
4.562193999999999972e-02
3.190874999999999961e-02
2.650015999999999830e-02
2.210196000000000036e-02
3.917272000000000115e-02
8.161230999999999347e-02
1.274676499999999879e-01
1.625464399999999865e-01
1.776790000000000036e-01
1.934831100000000137e-01
1.688335699999999884e-01
1.229945000000000066e-01
7.353178000000000492e-02
3.974496000000000279e-02
3.022704999999999836e-02
2.265645000000000159e-02
2.167401999999999870e-02
2.477098000000000147e-02
3.192100999999999966e-02
3.768843000000000193e-02
5.737845999999999919e-02
5.381637000000000226e-02
4.648051999999999739e-02
4.678501999999999661e-02
3.778511999999999843e-02
2.924237000000000017e-02
3.158264999999999684e-02
3.188512999999999764e-02
3.239796999999999816e-02
3.409631999999999941e-02
2.512711000000000111e-02
2.215181999999999915e-02
2.311277999999999944e-02
2.476744999999999988e-02
2.295600000000000071e-02
2.101963999999999916e-02
2.124385999999999983e-02
2.183906000000000042e-02
2.107550999999999869e-02
1.930586000000000108e-02
2.315472999999999837e-02
2.797658999999999910e-02
3.078161000000000092e-02
3.116452999999999932e-02
2.633071000000000023e-02
2.160348000000000129e-02
2.120373999999999870e-02
2.508004999999999957e-02
2.500532999999999922e-02
2.965662000000000159e-02
2.614558000000000160e-02
2.139090999999999909e-02
2.218219000000000093e-02
2.354958999999999872e-02
2.386987999999999957e-02
2.379405999999999882e-02
2.314383000000000065e-02
1.903368000000000074e-02
