2.734864999999999866e-02
2.765362000000000028e-02
2.316179000000000154e-02
2.102651000000000173e-02
1.988271000000000135e-02
1.908873999999999987e-02
2.020131000000000010e-02
2.372532000000000113e-02
2.323247999999999980e-02
2.183803999999999954e-02
2.074410000000000143e-02
2.123475000000000015e-02
2.432170999999999986e-02
2.977333999999999883e-02
2.528748000000000107e-02
1.963447999999999929e-02
1.896259000000000139e-02
2.102940000000000018e-02
2.293747000000000147e-02
2.121398999999999854e-02
2.199498000000000078e-02
2.201662000000000063e-02
2.020086999999999924e-02
2.579176000000000038e-02
2.946957000000000049e-02
2.337882999999999975e-02
2.132695000000000077e-02
2.344585999999999892e-02
3.101001999999999925e-02
4.329725000000000240e-02
3.628260999999999986e-02
2.570947999999999983e-02
2.266284999999999827e-02
2.147434000000000148e-02
2.776264999999999983e-02
3.894687000000000149e-02
4.146004999999999829e-02
3.924252999999999769e-02
3.630834000000000145e-02
3.979771000000000003e-02
5.718171999999999838e-02
4.980438000000000226e-02
3.771321999999999869e-02
2.946036000000000141e-02
3.106714000000000003e-02
5.698543999999999832e-02
9.166050000000000586e-02
1.508435200000000087e-01
1.925314200000000087e-01
2.275484399999999907e-01
2.347536100000000014e-01
1.905059699999999967e-01
1.975871800000000011e-01
1.600764699999999985e-01
1.092930399999999941e-01
5.446300999999999920e-02
3.436013000000000261e-02
3.041707999999999912e-02
2.249316999999999983e-02
1.946420000000000095e-02
2.251382000000000036e-02
2.940889000000000003e-02
2.622415999999999983e-02
2.067217999999999833e-02
