1.684439000000000075e-02
1.818403999999999854e-02
1.841508999999999854e-02
1.888048000000000157e-02
1.931017000000000150e-02
2.001821000000000156e-02
1.982489000000000126e-02
1.925431000000000017e-02
1.876726000000000089e-02
1.841916999999999860e-02
1.857912000000000105e-02
1.884125999999999856e-02
1.950872999999999843e-02
1.915156999999999970e-02
1.903064000000000144e-02
1.891034999999999938e-02
1.846211000000000033e-02
1.872951000000000130e-02
1.915866999999999917e-02
1.968666999999999986e-02
1.887969999999999926e-02
1.879524999999999946e-02
1.926802999999999849e-02
1.911691999999999905e-02
1.975808000000000078e-02
1.972122999999999932e-02
1.912391999999999911e-02
1.949582999999999872e-02
1.929064000000000126e-02
1.883548999999999987e-02
1.890976000000000115e-02
1.880731000000000069e-02
1.990077000000000165e-02
2.050068000000000029e-02
2.159760999999999972e-02
2.040979000000000057e-02
1.840900999999999996e-02
1.914147999999999891e-02
1.980795999999999946e-02
1.980733000000000146e-02
1.898164999999999922e-02
1.958502000000000159e-02
2.052609000000000031e-02
2.219992999999999966e-02
2.261934999999999987e-02
2.276633000000000129e-02
2.315114999999999881e-02
2.118180000000000063e-02
1.960266000000000092e-02
2.214371999999999868e-02
2.402697999999999987e-02
2.945071000000000147e-02
3.397122000000000336e-02
4.282408000000000048e-02
4.482490000000000085e-02
4.209643999999999886e-02
3.956917000000000073e-02
3.790736000000000105e-02
3.463336000000000192e-02
2.796192000000000122e-02
2.381420000000000065e-02
2.085477000000000164e-02
1.781666999999999973e-02
1.638722000000000095e-02
