2.203598000000000015e-02
2.294817000000000037e-02
2.069877999999999996e-02
2.035201999999999845e-02
1.937354000000000159e-02
1.792242999999999961e-02
1.834459000000000090e-02
1.940338000000000132e-02
2.127363999999999991e-02
2.262050000000000172e-02
2.027175000000000157e-02
1.933761000000000160e-02
2.116505000000000122e-02
2.382273000000000029e-02
2.271031000000000091e-02
2.087405999999999984e-02
2.032012000000000054e-02
2.044359999999999927e-02
2.034947000000000145e-02
1.916947999999999916e-02
2.004405000000000076e-02
2.152553999999999926e-02
1.947443999999999911e-02
2.001957999999999863e-02
2.109023999999999968e-02
2.014439999999999981e-02
2.132034000000000012e-02
2.240021000000000026e-02
2.381174000000000138e-02
2.767642000000000019e-02
2.669200000000000045e-02
2.366994999999999863e-02
2.242465000000000083e-02
2.042325999999999864e-02
1.996585999999999847e-02
2.558266999999999833e-02
3.072091000000000058e-02
2.900345000000000006e-02
2.457323000000000146e-02
2.332354999999999845e-02
3.093065999999999871e-02
3.310232999999999925e-02
3.096199000000000173e-02
2.837757999999999947e-02
2.390752999999999975e-02
2.782056999999999933e-02
3.394425000000000220e-02
4.932318000000000119e-02
6.587505000000000444e-02
8.318651000000000517e-02
9.371250999999999887e-02
9.218642999999999976e-02
8.527145999999999337e-02
8.204504999999999437e-02
6.076410000000000144e-02
4.185227999999999865e-02
2.958128000000000146e-02
2.431579999999999853e-02
2.074453999999999881e-02
1.831651000000000112e-02
1.810399000000000036e-02
2.063834999999999975e-02
1.957228999999999913e-02
1.727976999999999985e-02
