3.284489000000000158e-02
4.339364999999999889e-02
4.144144000000000300e-02
3.901120000000000282e-02
2.657272000000000106e-02
2.086775000000000088e-02
1.984017999999999893e-02
2.180435000000000012e-02
3.050583000000000114e-02
2.729190999999999909e-02
2.217757000000000062e-02
2.470837000000000033e-02
3.259037000000000045e-02
4.853074999999999750e-02
5.341441000000000244e-02
4.008733999999999909e-02
3.014725999999999864e-02
2.194509000000000043e-02
2.691384999999999958e-02
3.806676999999999977e-02
6.770956999999999670e-02
1.151421200000000006e-01
1.243935000000000041e-01
1.192231700000000033e-01
1.167060399999999970e-01
1.113766000000000062e-01
7.914197000000000592e-02
5.231709999999999833e-02
2.931343999999999964e-02
2.139490999999999962e-02
2.527439999999999895e-02
2.667146999999999921e-02
2.783624000000000168e-02
3.910389999999999699e-02
4.657871000000000233e-02
4.668027999999999761e-02
5.696409000000000195e-02
6.099123000000000044e-02
4.678204999999999864e-02
3.319860000000000172e-02
3.061424999999999910e-02
3.046077000000000159e-02
2.563524999999999832e-02
2.483549000000000173e-02
3.170536000000000187e-02
2.968830000000000080e-02
2.384429999999999883e-02
2.630868000000000095e-02
2.395593999999999849e-02
2.308177000000000145e-02
3.114000000000000101e-02
2.928367000000000123e-02
2.243979000000000112e-02
2.169534999999999866e-02
2.141043000000000113e-02
2.118615000000000081e-02
2.315247999999999959e-02
3.158703000000000205e-02
3.737726000000000243e-02
3.396194000000000296e-02
2.565875000000000100e-02
2.041025999999999951e-02
1.913176999999999933e-02
1.804079999999999920e-02
