2.489552999999999905e-02
2.712594999999999937e-02
2.203248999999999833e-02
2.304787999999999976e-02
3.202080000000000204e-02
3.219133999999999884e-02
2.892168999999999990e-02
2.713812999999999989e-02
3.744193999999999994e-02
4.757775000000000198e-02
4.918637000000000009e-02
5.144975999999999716e-02
4.881736999999999882e-02
4.322787000000000157e-02
3.214232000000000200e-02
2.432573000000000027e-02
2.741692999999999908e-02
5.758724999999999955e-02
1.085933099999999984e-01
1.504809300000000127e-01
2.045660199999999873e-01
2.021050799999999925e-01
1.729045399999999955e-01
1.123953200000000069e-01
7.875567999999999458e-02
4.385481000000000101e-02
2.928037000000000001e-02
2.496353999999999934e-02
2.788122000000000170e-02
2.850532000000000066e-02
3.306952999999999976e-02
4.292966000000000143e-02
4.862757999999999664e-02
6.287613000000000230e-02
4.982108999999999843e-02
3.678178000000000003e-02
3.261403000000000219e-02
2.828902999999999973e-02
2.650519000000000139e-02
2.934290000000000162e-02
2.917186999999999905e-02
2.981433000000000000e-02
3.050610999999999948e-02
2.357621000000000022e-02
2.007669999999999941e-02
2.141339999999999910e-02
2.130316000000000154e-02
2.021368999999999944e-02
2.086500000000000160e-02
2.221290000000000070e-02
2.630820000000000033e-02
2.599140999999999951e-02
2.373936000000000102e-02
2.458689999999999834e-02
2.607088999999999934e-02
2.647727000000000067e-02
2.506177999999999878e-02
2.488484374999999985e-02
2.470790749999999744e-02
2.453097124999999851e-02
2.435403499999999610e-02
2.417709874999999717e-02
2.400016249999999823e-02
2.382322624999999583e-02
