2.937357999999999983e-02
3.496366000000000057e-02
2.512160000000000087e-02
2.284631999999999982e-02
2.745890999999999957e-02
2.993950000000000083e-02
2.800942999999999836e-02
2.942016999999999896e-02
4.157571000000000183e-02
5.425834999999999686e-02
6.115190000000000209e-02
6.566925999999999319e-02
6.308089999999999531e-02
5.305362000000000272e-02
3.565684000000000214e-02
2.328660999999999925e-02
2.306626000000000162e-02
5.241893000000000247e-02
1.052318200000000037e-01
1.530406599999999950e-01
2.050451000000000079e-01
2.031331500000000123e-01
1.733709700000000131e-01
1.326919300000000135e-01
9.256179999999999963e-02
5.528886999999999691e-02
3.615249000000000240e-02
2.402632999999999852e-02
2.690582000000000043e-02
2.957308000000000159e-02
3.784574000000000271e-02
5.360605999999999705e-02
5.847062000000000093e-02
7.804284999999999695e-02
7.559490000000000653e-02
4.973601999999999884e-02
4.182069000000000064e-02
3.347693000000000196e-02
2.941329000000000166e-02
3.308225000000000054e-02
3.408905000000000268e-02
3.556133000000000211e-02
3.476297999999999888e-02
2.438076999999999953e-02
1.948046999999999973e-02
2.292672999999999933e-02
2.317166000000000017e-02
2.178613999999999898e-02
2.410003999999999966e-02
2.584505999999999956e-02
2.842628000000000169e-02
2.823602999999999877e-02
2.301415000000000058e-02
2.211857000000000059e-02
2.377127000000000059e-02
2.715298999999999838e-02
2.735989999999999950e-02
2.681336999999999957e-02
3.096455000000000041e-02
2.725177000000000155e-02
2.249411000000000119e-02
2.470721000000000028e-02
2.255367999999999956e-02
1.872597000000000150e-02
