2.238396000000000136e-02
2.497838000000000142e-02
2.351610000000000159e-02
2.400634999999999922e-02
2.474472000000000130e-02
2.077719999999999914e-02
2.154910000000000159e-02
2.427669999999999828e-02
3.171796999999999811e-02
2.986747000000000013e-02
2.859410999999999897e-02
2.517217999999999886e-02
2.060218000000000119e-02
1.945718999999999921e-02
2.666274000000000075e-02
3.416857999999999701e-02
2.602107999999999852e-02
2.312109000000000039e-02
1.986693999999999960e-02
2.024079000000000156e-02
3.404422000000000004e-02
4.568298999999999971e-02
3.818034000000000011e-02
2.360763999999999918e-02
2.126524999999999943e-02
2.904206999999999969e-02
3.156985000000000346e-02
3.176901000000000030e-02
2.580315000000000039e-02
2.187383999999999856e-02
2.307054000000000049e-02
2.696238999999999927e-02
2.953601000000000143e-02
2.663772000000000015e-02
2.900896000000000030e-02
3.087163999999999880e-02
4.303382000000000041e-02
4.517332000000000292e-02
2.971825000000000161e-02
2.219366000000000047e-02
2.099840000000000040e-02
2.464320999999999873e-02
3.250349000000000294e-02
4.215673999999999810e-02
4.731848000000000304e-02
4.581636000000000042e-02
6.234608999999999984e-02
5.813110999999999973e-02
5.465123000000000203e-02
4.130879999999999969e-02
3.891847999999999835e-02
3.125983999999999707e-02
3.011901000000000161e-02
7.416209999999999469e-02
1.058988899999999955e-01
1.275794399999999884e-01
1.687108599999999903e-01
2.088476900000000025e-01
2.436633699999999902e-01
2.322851700000000130e-01
1.968975799999999887e-01
1.596108199999999866e-01
7.477026000000000505e-02
2.114935999999999899e-02
