1.989120000000000124e-02
2.298990999999999882e-02
2.243892000000000109e-02
2.897492000000000123e-02
2.991154000000000035e-02
2.875308999999999851e-02
2.636666999999999830e-02
2.148208000000000062e-02
2.063562999999999856e-02
2.394879999999999926e-02
2.766524999999999887e-02
2.516262999999999833e-02
2.317873000000000155e-02
2.311378999999999864e-02
2.216032999999999892e-02
2.405569999999999931e-02
2.676593999999999848e-02
2.845920000000000047e-02
2.524329999999999977e-02
2.319123000000000018e-02
2.244515000000000052e-02
2.360382000000000105e-02
2.744788999999999909e-02
2.499296000000000156e-02
2.207316999999999960e-02
2.142509000000000080e-02
2.409653999999999963e-02
3.009968999999999839e-02
2.643621999999999986e-02
2.236801999999999888e-02
2.258597000000000035e-02
2.385015999999999872e-02
2.573595000000000049e-02
3.043357999999999827e-02
3.255435000000000273e-02
2.489542000000000144e-02
2.092014000000000026e-02
2.396753999999999898e-02
2.618366999999999917e-02
2.366907000000000039e-02
2.271128000000000036e-02
2.545630000000000115e-02
3.766902999999999918e-02
5.053353000000000012e-02
4.728605000000000308e-02
3.692324000000000300e-02
3.488672000000000301e-02
3.133572999999999914e-02
3.039460999999999899e-02
4.895468000000000042e-02
6.815056999999999365e-02
9.707954000000000583e-02
1.224484099999999936e-01
1.578084800000000010e-01
1.538798100000000058e-01
1.246460399999999996e-01
1.117185900000000065e-01
8.945377999999999663e-02
6.644095999999999336e-02
4.625069999999999876e-02
3.462551999999999991e-02
2.475155999999999884e-02
1.912702000000000152e-02
1.886385000000000145e-02
