3.002223999999999865e-02
3.527049000000000156e-02
2.404161000000000145e-02
2.185298999999999922e-02
2.546698000000000017e-02
4.677789999999999726e-02
6.821193000000000395e-02
1.047353699999999943e-01
1.220048499999999980e-01
1.642548600000000025e-01
1.620743400000000112e-01
1.316953999999999902e-01
1.119725699999999935e-01
8.138866000000000156e-02
4.432280000000000247e-02
3.419810000000000211e-02
2.543897999999999993e-02
2.130670000000000133e-02
2.169058000000000097e-02
2.423140000000000016e-02
2.556092999999999907e-02
3.423278999999999905e-02
3.125222999999999890e-02
4.092972000000000277e-02
4.797722000000000098e-02
3.961976999999999860e-02
2.629162999999999986e-02
2.150683000000000109e-02
2.224719000000000002e-02
2.398679000000000089e-02
2.221690000000000123e-02
2.237052000000000138e-02
2.169930000000000123e-02
2.330553999999999959e-02
2.425913999999999848e-02
2.177731000000000111e-02
2.112641999999999992e-02
2.349427000000000113e-02
2.247638000000000066e-02
1.988277999999999920e-02
1.955735000000000112e-02
2.080699999999999911e-02
2.266953000000000024e-02
2.345521999999999885e-02
2.297037000000000037e-02
2.216467000000000090e-02
1.971851999999999980e-02
1.841454999999999828e-02
2.115968999999999836e-02
2.403838000000000155e-02
2.718941000000000066e-02
2.651070999999999983e-02
2.121728999999999976e-02
1.841527999999999915e-02
2.067859999999999837e-02
2.371111999999999873e-02
2.337329999999999963e-02
2.104113999999999984e-02
2.270857999999999904e-02
2.096007000000000078e-02
1.904946999999999890e-02
2.220294999999999908e-02
2.045651000000000067e-02
1.734824000000000088e-02
