7.309604000000000101e-02
1.265480700000000125e-01
1.255471900000000030e-01
1.088383599999999951e-01
9.139310000000000489e-02
8.193710999999999356e-02
5.891180000000000028e-02
3.564495000000000163e-02
2.499014000000000096e-02
2.521425999999999876e-02
2.397532999999999956e-02
2.410510999999999904e-02
2.909275999999999876e-02
3.171372000000000080e-02
3.355401000000000217e-02
3.326724999999999821e-02
3.460081999999999741e-02
3.435962000000000044e-02
2.825323000000000070e-02
2.246352000000000071e-02
2.021801000000000154e-02
1.939114000000000115e-02
1.973244000000000040e-02
2.052789000000000003e-02
2.164732000000000114e-02
2.168656999999999876e-02
1.901548999999999948e-02
1.938344999999999999e-02
1.993363999999999900e-02
2.037525000000000100e-02
2.120073999999999917e-02
2.216527999999999901e-02
1.995040000000000008e-02
1.910685000000000161e-02
1.928070000000000131e-02
1.970635000000000095e-02
2.126986999999999975e-02
2.157192999999999958e-02
2.064008000000000162e-02
1.962097999999999967e-02
1.879474000000000075e-02
2.215506999999999893e-02
2.470009999999999914e-02
2.597485000000000072e-02
2.407826000000000063e-02
1.955335999999999880e-02
2.091329999999999925e-02
2.419216000000000075e-02
2.253942000000000098e-02
2.065538000000000096e-02
2.045270000000000074e-02
1.859643000000000060e-02
1.958137999999999893e-02
2.091217000000000076e-02
2.159132999999999886e-02
2.159987000000000018e-02
2.050820000000000073e-02
2.082296000000000147e-02
2.098993999999999860e-02
2.109924999999999995e-02
2.273143999999999859e-02
2.176934000000000161e-02
1.983468999999999857e-02
1.777501999999999902e-02
