1.787833999999999951e-02
1.982110999999999942e-02
2.125006000000000117e-02
2.090515000000000082e-02
2.292475999999999889e-02
2.147169000000000161e-02
1.993171999999999999e-02
1.888980000000000173e-02
1.944827999999999835e-02
2.197098000000000106e-02
2.364254000000000008e-02
2.275508999999999865e-02
2.418777999999999900e-02
2.294782000000000072e-02
2.352782000000000137e-02
2.643070999999999962e-02
2.363414999999999960e-02
1.939768000000000048e-02
1.978235999999999883e-02
2.040735999999999939e-02
1.862199999999999966e-02
1.989505000000000093e-02
2.172603000000000034e-02
2.237451000000000023e-02
2.433325999999999892e-02
2.422902999999999862e-02
2.780954000000000065e-02
2.889635999999999941e-02
2.851319000000000076e-02
2.661488999999999869e-02
2.122581999999999941e-02
1.947076000000000015e-02
2.162858999999999962e-02
2.490948999999999941e-02
2.734440999999999955e-02
2.778742999999999838e-02
2.984925999999999899e-02
3.704774999999999735e-02
4.065818000000000210e-02
3.668397999999999798e-02
2.948142000000000124e-02
2.327127000000000015e-02
2.770964000000000066e-02
3.924638999999999905e-02
6.138394999999999962e-02
8.644857999999999709e-02
9.670165000000000011e-02
1.111470199999999992e-01
9.351091000000000264e-02
8.381489999999999774e-02
8.180656000000000039e-02
6.529870000000000119e-02
4.725353999999999666e-02
3.117781000000000025e-02
2.069145000000000012e-02
2.160948000000000035e-02
2.296335999999999863e-02
2.411953999999999834e-02
2.674889000000000086e-02
3.310681000000000040e-02
3.405877000000000210e-02
3.304291000000000172e-02
2.555655999999999900e-02
1.913219999999999851e-02
