1.742584999999999967e-02
1.850999000000000047e-02
1.954331999999999944e-02
2.092141999999999960e-02
2.298762999999999848e-02
2.592755000000000060e-02
2.416215000000000029e-02
2.154301000000000132e-02
1.970287999999999901e-02
1.991559000000000038e-02
2.259782000000000110e-02
2.225469000000000058e-02
2.215204999999999952e-02
2.033661999999999970e-02
1.950446999999999945e-02
2.109141000000000141e-02
2.316895000000000066e-02
2.495423999999999906e-02
2.415460999999999997e-02
2.465691000000000063e-02
2.202290000000000150e-02
2.290843999999999867e-02
2.550557999999999992e-02
2.341315999999999883e-02
2.319007999999999833e-02
2.193838000000000038e-02
2.460448000000000149e-02
2.696511000000000047e-02
2.402632000000000032e-02
2.044415000000000121e-02
2.155135999999999857e-02
2.185704000000000119e-02
2.639251000000000097e-02
2.737376999999999866e-02
2.922343999999999983e-02
2.515496999999999872e-02
2.053829000000000071e-02
2.492685000000000040e-02
2.740464999999999915e-02
2.526884000000000075e-02
2.437086999999999934e-02
2.316700000000000009e-02
3.054170999999999969e-02
3.819223000000000062e-02
3.425102000000000008e-02
2.906515999999999961e-02
2.750988999999999865e-02
2.201438999999999827e-02
2.272795000000000024e-02
3.784304000000000140e-02
5.260505000000000042e-02
6.862690999999999930e-02
9.399868000000000112e-02
1.078189999999999982e-01
1.114836700000000069e-01
8.562738999999999767e-02
7.624039000000000510e-02
5.881499999999999923e-02
3.960479000000000083e-02
3.414756000000000041e-02
2.921363999999999905e-02
2.459017000000000147e-02
1.890324000000000171e-02
1.757765999999999842e-02
