2.099627999999999911e-02
2.439850000000000005e-02
2.887266999999999958e-02
3.375182000000000182e-02
3.047568999999999972e-02
2.808677000000000049e-02
2.306197000000000108e-02
2.149917999999999968e-02
2.051427000000000112e-02
1.985705000000000109e-02
2.100049999999999834e-02
2.163127000000000105e-02
2.457406999999999994e-02
2.896017000000000036e-02
2.971874999999999864e-02
2.969513999999999834e-02
3.134485000000000049e-02
3.038891999999999982e-02
3.001544000000000087e-02
2.820707000000000075e-02
2.341007999999999978e-02
3.202780000000000210e-02
5.155281999999999920e-02
7.475497000000000392e-02
9.658339000000000507e-02
1.072948100000000043e-01
1.026261599999999941e-01
9.694231000000000376e-02
7.301657999999999760e-02
5.240531999999999829e-02
3.637424000000000213e-02
2.542155999999999930e-02
2.375777000000000097e-02
2.213700999999999863e-02
2.643757000000000051e-02
2.482998000000000149e-02
3.496011999999999731e-02
5.042847999999999775e-02
4.362568000000000001e-02
3.785556999999999811e-02
3.284342999999999985e-02
2.608655000000000002e-02
2.132554000000000047e-02
2.190177000000000096e-02
2.528800000000000145e-02
2.235372999999999874e-02
2.481415000000000010e-02
2.372319999999999984e-02
2.125689000000000051e-02
2.182641000000000095e-02
2.011214000000000057e-02
2.059234999999999885e-02
2.057519000000000015e-02
2.267254000000000144e-02
2.302436000000000066e-02
2.153131999999999963e-02
1.970233000000000054e-02
1.889928000000000094e-02
1.906566000000000163e-02
1.848744999999999902e-02
1.854603999999999975e-02
2.193265999999999966e-02
1.934388000000000080e-02
1.658031999999999909e-02
