2.215419999999999889e-02
2.603756000000000126e-02
3.183810000000000112e-02
2.802846000000000157e-02
3.407730999999999955e-02
3.125206999999999985e-02
2.093669999999999906e-02
1.950659000000000073e-02
2.141010000000000135e-02
2.399752000000000135e-02
2.841488000000000000e-02
4.286671000000000231e-02
5.765138000000000207e-02
6.492270999999999459e-02
5.261479000000000156e-02
5.451468000000000286e-02
5.161390999999999896e-02
3.779827000000000187e-02
2.662662000000000015e-02
2.101344999999999949e-02
1.918490999999999946e-02
1.862540000000000029e-02
2.023646999999999946e-02
2.441894999999999830e-02
3.193483999999999906e-02
3.528863000000000139e-02
3.886980000000000296e-02
3.845152999999999766e-02
3.375489999999999741e-02
3.023864000000000066e-02
2.306595000000000173e-02
2.313731000000000121e-02
2.511052999999999896e-02
2.464888000000000148e-02
2.461961000000000011e-02
2.542325000000000140e-02
2.202575999999999840e-02
2.029173000000000088e-02
2.143058000000000116e-02
2.169714000000000018e-02
2.089248000000000147e-02
1.854893999999999987e-02
2.007965999999999918e-02
2.070082999999999993e-02
1.915657000000000124e-02
1.881564000000000153e-02
2.169174999999999923e-02
2.354834000000000094e-02
2.456440999999999833e-02
2.576845999999999998e-02
2.261553999999999995e-02
1.918873999999999927e-02
1.873162000000000091e-02
2.098461000000000076e-02
2.118155999999999858e-02
2.340721999999999942e-02
2.243567000000000131e-02
2.080163000000000151e-02
2.008137000000000116e-02
1.990872999999999948e-02
1.895807000000000048e-02
2.018827999999999942e-02
2.016830000000000012e-02
1.723285000000000095e-02
