3.074661000000000061e-02
4.631773000000000140e-02
4.221289000000000291e-02
2.837603000000000000e-02
2.505844999999999947e-02
2.136706999999999843e-02
3.180337999999999915e-02
5.033854000000000106e-02
8.566324000000000161e-02
1.189910599999999957e-01
1.369612400000000119e-01
1.503755300000000072e-01
1.568316999999999906e-01
1.331152899999999972e-01
8.960160999999999820e-02
6.503649999999999709e-02
4.786080999999999669e-02
2.900532000000000110e-02
2.311188999999999952e-02
2.013416999999999984e-02
2.130233000000000126e-02
2.189440999999999957e-02
2.634689999999999949e-02
3.513317999999999997e-02
4.664452000000000181e-02
4.465232000000000229e-02
3.505540000000000045e-02
2.614450000000000107e-02
2.214756000000000016e-02
2.243360999999999966e-02
2.376769999999999924e-02
2.401502000000000150e-02
2.572313999999999851e-02
2.909532000000000090e-02
2.877075000000000118e-02
2.623997000000000135e-02
2.226581999999999867e-02
2.127650999999999848e-02
2.113096999999999892e-02
2.101172000000000109e-02
2.099776000000000073e-02
1.960856999999999878e-02
1.963068000000000105e-02
1.967905000000000001e-02
2.117118999999999945e-02
2.424617999999999912e-02
2.340824000000000030e-02
2.211698999999999957e-02
2.054933000000000107e-02
2.084503999999999871e-02
2.452539000000000108e-02
2.555241000000000109e-02
2.459675999999999876e-02
2.165071000000000009e-02
1.980182999999999943e-02
1.931918999999999997e-02
1.876362000000000169e-02
2.189150000000000124e-02
2.454653999999999864e-02
2.320465999999999848e-02
2.300473999999999922e-02
2.178145000000000081e-02
1.931512000000000159e-02
1.692872000000000127e-02
