2.138307999999999875e-02
2.303165000000000073e-02
2.065089000000000161e-02
2.134704999999999936e-02
2.036510999999999877e-02
1.927150999999999864e-02
1.933027000000000009e-02
1.982781000000000127e-02
1.942930000000000004e-02
2.169335000000000013e-02
2.091066999999999926e-02
2.496154999999999902e-02
2.568395000000000053e-02
2.548163999999999985e-02
3.120726000000000055e-02
2.373184000000000057e-02
2.003212999999999869e-02
1.945556000000000021e-02
2.211246000000000045e-02
2.282990999999999840e-02
2.188574999999999895e-02
2.467151000000000066e-02
2.935824000000000072e-02
2.334831999999999880e-02
2.732992999999999881e-02
3.539984000000000186e-02
3.364423999999999887e-02
3.071718000000000018e-02
2.533594000000000124e-02
3.460541999999999785e-02
5.360927000000000053e-02
6.194117999999999846e-02
9.871952999999999978e-02
1.080271299999999990e-01
9.778987999999999570e-02
1.022937000000000013e-01
7.980223999999999651e-02
5.090564999999999674e-02
3.329402000000000056e-02
2.029933000000000085e-02
1.864007999999999984e-02
2.067325999999999886e-02
2.059553000000000078e-02
2.164922000000000027e-02
2.409141999999999881e-02
2.908091999999999969e-02
3.419882999999999951e-02
2.924722000000000086e-02
2.500138000000000013e-02
2.302384999999999848e-02
2.321996999999999950e-02
2.158090999999999829e-02
1.939130999999999841e-02
2.168315999999999993e-02
2.286975999999999939e-02
2.251639000000000071e-02
2.394583000000000128e-02
2.718500999999999904e-02
2.610173000000000007e-02
2.266535000000000077e-02
2.140616999999999867e-02
2.174666999999999920e-02
1.920169000000000042e-02
1.609727999999999853e-02
