2.658912999999999902e-02
3.039475999999999983e-02
2.275483999999999840e-02
2.166152999999999829e-02
1.920528999999999986e-02
1.846725000000000103e-02
1.827024000000000009e-02
1.996556999999999846e-02
2.251229000000000077e-02
2.311157000000000142e-02
2.231483999999999898e-02
2.159917999999999907e-02
2.062844000000000136e-02
2.279381000000000115e-02
2.184049999999999880e-02
2.216274999999999842e-02
2.237234000000000098e-02
2.098517999999999911e-02
2.233985999999999958e-02
1.912544000000000050e-02
2.204104000000000133e-02
2.267160000000000009e-02
1.961016999999999968e-02
2.227668999999999830e-02
2.160217999999999861e-02
2.188696000000000044e-02
2.502681000000000003e-02
2.536228999999999914e-02
2.470585999999999963e-02
3.014678999999999970e-02
2.820394000000000026e-02
2.697373999999999952e-02
2.768330000000000096e-02
2.432727999999999974e-02
2.237099000000000032e-02
2.866004999999999941e-02
3.681766000000000205e-02
3.951579999999999676e-02
3.367984000000000255e-02
2.924264999999999851e-02
4.036671000000000009e-02
4.480346999999999802e-02
4.442395999999999845e-02
3.760097999999999913e-02
3.015692999999999846e-02
4.062289000000000178e-02
5.770473999999999742e-02
8.250665000000000082e-02
1.198385200000000039e-01
1.769758499999999901e-01
1.954670699999999928e-01
1.936175699999999889e-01
1.764777700000000060e-01
1.646163900000000013e-01
1.170420900000000014e-01
6.453540000000000665e-02
4.649327000000000321e-02
3.885517000000000137e-02
2.879535999999999901e-02
2.202928999999999998e-02
2.665286999999999865e-02
2.836199000000000012e-02
2.461748000000000061e-02
1.984015000000000084e-02
