2.378424000000000163e-02
3.476719999999999811e-02
3.279175000000000145e-02
3.485987000000000113e-02
3.196336999999999789e-02
3.463419999999999693e-02
3.106331999999999843e-02
2.493002999999999886e-02
2.164908000000000110e-02
2.133898000000000045e-02
2.111319999999999864e-02
2.171524000000000024e-02
2.295805999999999888e-02
2.577300999999999898e-02
2.857613000000000167e-02
3.270461000000000201e-02
4.737945999999999824e-02
5.275068000000000118e-02
2.344065000000000037e-02
2.177967000000000097e-02
2.172808000000000031e-02
2.034988000000000075e-02
1.912418500000000188e-02
1.929014000000000076e-02
1.969539499999999749e-02
1.948874000000000092e-02
1.894244499999999873e-02
1.881086500000000300e-02
1.858684500000000114e-02
1.836180999999999924e-02
1.878582999999999989e-02
1.895304999999999906e-02
1.885552000000000061e-02
1.800335999999999950e-02
1.782274000000000011e-02
1.813468000000000024e-02
1.897292000000000076e-02
2.024768999999999874e-02
2.037274999999999850e-02
1.912169999999999842e-02
1.864075999999999927e-02
2.019976000000000063e-02
2.172460000000000016e-02
2.323739999999999833e-02
2.257638000000000006e-02
1.924642999999999840e-02
1.884109000000000131e-02
1.946938999999999961e-02
2.011780000000000165e-02
2.033431999999999948e-02
2.009572000000000094e-02
1.961438000000000070e-02
1.880839000000000122e-02
1.932423999999999947e-02
1.972635000000000013e-02
2.061052000000000023e-02
1.953444999999999834e-02
1.937401000000000054e-02
1.890874999999999848e-02
1.803656999999999830e-02
1.798506000000000063e-02
1.838038000000000172e-02
1.778537999999999994e-02
1.584591000000000124e-02
