1.742803000000000060e-02
1.844824000000000117e-02
1.813350000000000031e-02
1.933030999999999985e-02
1.974541999999999964e-02
1.987082999999999905e-02
1.912248999999999893e-02
1.850598000000000173e-02
1.825372000000000106e-02
1.990671000000000107e-02
1.965603000000000142e-02
1.850786000000000098e-02
1.906294999999999865e-02
1.972244000000000080e-02
1.963683000000000095e-02
2.021020999999999929e-02
2.238441999999999862e-02
2.297688000000000161e-02
2.128814999999999874e-02
2.012981999999999966e-02
1.920455000000000079e-02
1.937347000000000027e-02
2.132264999999999855e-02
2.202867999999999840e-02
2.086214999999999944e-02
2.167757000000000017e-02
2.411289000000000141e-02
3.005665000000000073e-02
2.973270000000000080e-02
2.584016999999999911e-02
2.254222000000000170e-02
1.946776999999999883e-02
2.444885000000000114e-02
3.244066999999999784e-02
4.187286999999999954e-02
5.242009000000000252e-02
6.357928000000000190e-02
6.772517999999999594e-02
6.203700000000000186e-02
4.779318999999999928e-02
3.069679999999999978e-02
2.529995000000000160e-02
2.181914000000000076e-02
2.007385000000000072e-02
1.977651000000000062e-02
1.981460999999999986e-02
2.205727000000000035e-02
2.165566000000000019e-02
2.538465999999999986e-02
2.732116000000000058e-02
2.972297999999999954e-02
2.683591999999999922e-02
2.474801000000000084e-02
2.247162000000000118e-02
2.158151000000000166e-02
2.102994000000000044e-02
2.173560999999999896e-02
2.068520000000000081e-02
1.995428999999999953e-02
2.153015000000000137e-02
2.064469999999999847e-02
2.399518999999999957e-02
2.240856999999999918e-02
1.669019000000000058e-02
