1.672372000000000095e-02
1.849224999999999827e-02
1.893007000000000023e-02
1.956636000000000139e-02
2.065801000000000096e-02
1.994575000000000167e-02
1.777337999999999835e-02
1.750004999999999963e-02
1.825283000000000114e-02
2.003757999999999928e-02
2.122320000000000109e-02
2.135014999999999830e-02
2.062458000000000000e-02
2.032636000000000165e-02
2.030233000000000038e-02
2.195307000000000161e-02
2.021654000000000159e-02
1.816171000000000105e-02
1.833858999999999836e-02
1.861134000000000052e-02
1.841067999999999871e-02
1.964460999999999985e-02
2.004558000000000034e-02
2.013706999999999997e-02
2.182142000000000109e-02
2.213255000000000083e-02
2.312093999999999955e-02
2.253768999999999911e-02
2.330308999999999853e-02
2.281052000000000080e-02
1.940390999999999991e-02
1.892761000000000096e-02
2.080695999999999934e-02
2.118369000000000155e-02
2.235258999999999857e-02
2.327142000000000099e-02
2.343049000000000173e-02
2.563177999999999984e-02
2.764257999999999993e-02
2.785288000000000000e-02
2.554549000000000056e-02
2.094085000000000044e-02
2.395163999999999974e-02
3.053874999999999992e-02
4.116882999999999654e-02
5.831780000000000297e-02
6.399412000000000156e-02
6.403425999999999563e-02
5.749726000000000142e-02
4.587458999999999981e-02
4.625697000000000142e-02
3.681000999999999718e-02
3.004458999999999949e-02
2.323021000000000114e-02
1.897373000000000115e-02
1.942916000000000087e-02
1.970511000000000137e-02
2.071119999999999906e-02
2.237845999999999932e-02
2.433265000000000081e-02
2.581813999999999984e-02
2.415598000000000051e-02
2.074354999999999949e-02
1.678585000000000146e-02
