1.703088000000000171e-02
1.933614000000000166e-02
2.108265000000000139e-02
2.132942000000000171e-02
2.218109000000000053e-02
2.051344999999999905e-02
1.869111000000000036e-02
1.794692000000000162e-02
1.862267999999999910e-02
2.190759999999999930e-02
2.390193999999999999e-02
2.300073999999999869e-02
2.331692000000000140e-02
2.148417000000000035e-02
2.191676999999999861e-02
2.675736000000000087e-02
2.421355000000000035e-02
1.925752999999999840e-02
1.918861999999999998e-02
1.946470999999999965e-02
1.927312000000000122e-02
2.148386000000000046e-02
2.235265000000000168e-02
2.250299999999999870e-02
2.390969000000000080e-02
2.670515999999999862e-02
2.789472000000000132e-02
2.696478999999999890e-02
2.850062999999999902e-02
2.742154000000000119e-02
2.121369999999999853e-02
2.149237000000000022e-02
2.377835000000000018e-02
2.440590999999999941e-02
2.519617999999999858e-02
2.807766000000000081e-02
3.387807999999999792e-02
3.775759000000000060e-02
3.853643999999999820e-02
3.657384999999999803e-02
2.912373999999999866e-02
2.385365999999999875e-02
2.930222000000000035e-02
4.063398000000000010e-02
6.293458000000000385e-02
8.635115999999999625e-02
1.156026400000000065e-01
1.287013599999999869e-01
9.375010999999999761e-02
7.831549999999999623e-02
7.970095000000000651e-02
6.457282999999999773e-02
4.368766000000000316e-02
2.843522999999999884e-02
1.953397000000000119e-02
2.032582999999999959e-02
2.112611000000000003e-02
2.261925000000000047e-02
2.692516999999999827e-02
3.453276999999999736e-02
3.602429000000000048e-02
3.220614000000000116e-02
2.627981999999999888e-02
1.822408000000000014e-02
