2.481908000000000031e-02
2.623585000000000153e-02
2.146897999999999862e-02
2.137487999999999888e-02
1.930834999999999843e-02
1.825908999999999865e-02
1.882504000000000122e-02
2.044632999999999867e-02
2.227801000000000087e-02
2.253629000000000049e-02
2.112574999999999870e-02
2.015741000000000060e-02
2.060520999999999880e-02
2.367274000000000114e-02
2.286016999999999910e-02
2.108650999999999928e-02
2.102085000000000065e-02
2.162702999999999848e-02
2.135222999999999982e-02
1.868372999999999909e-02
2.193451999999999902e-02
2.269745000000000096e-02
2.075944000000000053e-02
2.166014999999999954e-02
2.162199000000000065e-02
2.053661999999999849e-02
2.159306999999999893e-02
2.318330999999999864e-02
2.384553000000000020e-02
2.681187999999999974e-02
2.621176000000000061e-02
2.601998000000000158e-02
2.395254999999999954e-02
2.035587000000000160e-02
2.007476999999999873e-02
2.431909000000000154e-02
2.776094000000000131e-02
3.025883999999999865e-02
2.497423000000000004e-02
2.360929999999999973e-02
3.104921999999999890e-02
3.461986000000000230e-02
3.502712000000000186e-02
3.349102000000000329e-02
2.593892000000000073e-02
2.621450000000000169e-02
3.386333999999999872e-02
5.463252999999999859e-02
6.913060000000000038e-02
9.833951000000000497e-02
1.059404899999999983e-01
9.988542999999999727e-02
1.094274400000000008e-01
9.396198000000000050e-02
6.088889000000000107e-02
4.838527000000000106e-02
3.271500000000000102e-02
2.603656000000000026e-02
2.152630999999999989e-02
1.911086000000000035e-02
1.990205000000000099e-02
2.280180999999999875e-02
2.070166000000000020e-02
1.797204000000000162e-02
