1.740430999999999923e-02
2.008586999999999873e-02
2.328788000000000039e-02
2.696246000000000059e-02
3.448224999999999901e-02
3.453719000000000233e-02
3.488958999999999810e-02
4.141882000000000202e-02
4.862066999999999778e-02
6.393300000000000372e-02
6.163568999999999992e-02
3.838078000000000323e-02
2.286163999999999905e-02
2.009999999999999981e-02
3.373001999999999945e-02
5.820021999999999696e-02
8.927069999999999450e-02
1.179614199999999974e-01
1.496538799999999891e-01
1.570313399999999915e-01
1.380693199999999954e-01
1.176772600000000057e-01
7.562918000000000418e-02
4.426171999999999745e-02
2.435319000000000025e-02
2.030587999999999838e-02
2.060578999999999883e-02
2.164574000000000012e-02
3.398803999999999714e-02
4.444006999999999818e-02
4.205274999999999985e-02
4.969657999999999715e-02
5.204645000000000105e-02
4.573732999999999965e-02
3.338367999999999891e-02
2.151066999999999910e-02
2.125074000000000060e-02
2.360448000000000060e-02
2.997473999999999972e-02
2.906169999999999934e-02
2.497160000000000005e-02
2.370001000000000052e-02
2.458594000000000057e-02
2.045653000000000055e-02
2.003268999999999883e-02
2.082741000000000106e-02
2.135977999999999835e-02
2.136684000000000153e-02
1.998834000000000027e-02
2.077918000000000126e-02
2.402798999999999907e-02
2.694136999999999921e-02
2.888069000000000053e-02
2.706255000000000119e-02
2.420073999999999836e-02
2.205947999999999937e-02
2.077297999999999992e-02
2.040911000000000114e-02
1.931605999999999948e-02
2.119918000000000149e-02
2.666962000000000152e-02
2.795028999999999916e-02
2.142946000000000087e-02
1.798918999999999865e-02
