1.855199999999999905e-02
2.236196999999999838e-02
2.403887999999999858e-02
2.054556000000000091e-02
2.373658000000000018e-02
2.544288999999999926e-02
2.324143000000000042e-02
2.202530000000000113e-02
2.073142999999999861e-02
1.920604000000000061e-02
1.958889000000000116e-02
2.372025999999999996e-02
2.440662500000000124e-02
2.509298999999999905e-02
2.244207999999999967e-02
2.066696000000000158e-02
2.037074999999999997e-02
2.164672000000000124e-02
2.292268999999999904e-02
2.634270000000000014e-02
2.938172000000000006e-02
2.435311999999999893e-02
3.636762999999999801e-02
3.685863999999999807e-02
3.338652000000000286e-02
3.006593000000000113e-02
2.083633000000000013e-02
2.361730000000000079e-02
2.446051000000000128e-02
3.216108000000000161e-02
3.622887999999999803e-02
4.824058999999999986e-02
5.511876999999999749e-02
5.905238000000000154e-02
5.180574999999999763e-02
5.795473999999999765e-02
4.162426000000000320e-02
3.080008000000000051e-02
5.090905999999999904e-02
7.697163999999999395e-02
1.489847300000000097e-01
2.082242199999999877e-01
2.411588600000000027e-01
2.459474500000000119e-01
2.142009300000000116e-01
1.559416799999999992e-01
1.081602799999999975e-01
7.702913000000000121e-02
4.069757000000000235e-02
2.438960000000000086e-02
2.180980999999999892e-02
2.311372000000000079e-02
3.216154000000000235e-02
5.136193000000000008e-02
8.660724999999999674e-02
1.011852800000000024e-01
8.411074999999999802e-02
6.662068000000000156e-02
5.840934999999999877e-02
5.862803999999999932e-02
4.083979000000000081e-02
2.684214999999999865e-02
2.139421999999999852e-02
1.982679000000000039e-02
