1.706486999999999934e-02
1.827275999999999900e-02
1.883222999999999842e-02
1.886310999999999891e-02
1.960709999999999884e-02
2.022888999999999937e-02
1.829862999999999976e-02
1.836625000000000063e-02
1.851666000000000076e-02
1.962206999999999840e-02
1.939190999999999832e-02
1.997163999999999884e-02
2.016717000000000162e-02
2.058632000000000170e-02
1.959786999999999987e-02
2.229530999999999874e-02
2.024594000000000046e-02
2.110671999999999895e-02
1.967435999999999838e-02
2.225571999999999967e-02
2.589011999999999911e-02
2.527460999999999944e-02
2.558819999999999845e-02
2.477909000000000014e-02
2.303747000000000086e-02
2.357046000000000141e-02
2.308384000000000130e-02
3.313005000000000116e-02
4.977825999999999779e-02
5.655725000000000335e-02
6.304199000000000608e-02
6.276977999999999724e-02
6.365044000000000257e-02
4.614995999999999682e-02
3.219980000000000064e-02
2.514769999999999853e-02
2.257591000000000112e-02
2.057211999999999930e-02
2.056142999999999860e-02
2.619538999999999895e-02
2.535948000000000022e-02
3.001861000000000113e-02
3.389124999999999777e-02
3.745131000000000154e-02
3.358944999999999986e-02
2.648611999999999841e-02
2.215717999999999854e-02
2.195897000000000127e-02
2.231829999999999925e-02
2.440753000000000020e-02
2.512624999999999928e-02
2.276985000000000120e-02
2.276620000000000033e-02
2.382739000000000038e-02
2.166840999999999906e-02
2.576126999999999931e-02
2.637064999999999895e-02
2.228540000000000035e-02
1.993833999999999884e-02
2.569538999999999851e-02
2.411775000000000030e-02
2.264398000000000105e-02
2.344869999999999940e-02
1.811079999999999982e-02
