1.626920000000000102e-02
1.826842000000000049e-02
1.856885777777777732e-02
1.886929555555555416e-02
1.916973333333333446e-02
1.947017111111111129e-02
1.977060888888888812e-02
2.007104666666666495e-02
2.037148444444444526e-02
2.067192222222222209e-02
2.097235999999999892e-02
1.962200999999999876e-02
1.933133000000000074e-02
1.999367999999999979e-02
2.081088999999999856e-02
2.115780000000000091e-02
2.428224999999999828e-02
2.363018999999999883e-02
2.084350999999999912e-02
1.894327999999999984e-02
1.814773000000000081e-02
1.944927999999999935e-02
2.261797000000000113e-02
2.128609000000000057e-02
2.146611000000000005e-02
2.154143000000000030e-02
2.504038999999999918e-02
2.675796999999999898e-02
2.600473000000000021e-02
2.459565999999999836e-02
2.092721000000000164e-02
1.903366000000000086e-02
2.337699999999999848e-02
2.898656999999999970e-02
3.488395999999999858e-02
4.425587999999999744e-02
5.097478999999999899e-02
5.649346000000000229e-02
5.197908999999999863e-02
4.172703999999999996e-02
2.826883000000000173e-02
2.272282999999999942e-02
2.135793999999999887e-02
2.026415999999999981e-02
1.928501000000000173e-02
2.011020000000000169e-02
2.143638000000000141e-02
2.304256000000000013e-02
2.576455000000000065e-02
2.935449999999999865e-02
3.599017000000000188e-02
3.090800999999999965e-02
2.615026000000000156e-02
2.421043000000000153e-02
2.112676000000000137e-02
2.085303999999999977e-02
2.133347000000000021e-02
2.083578999999999987e-02
1.990443999999999894e-02
2.078674000000000147e-02
2.080602999999999966e-02
2.312271000000000118e-02
2.237913999999999876e-02
1.617735000000000006e-02
