1.786634000000000139e-02
1.936691999999999927e-02
1.897441000000000058e-02
1.868080999999999908e-02
1.835029999999999994e-02
1.900044000000000038e-02
1.943200999999999956e-02
2.201938000000000159e-02
2.274334999999999898e-02
2.181065999999999908e-02
2.168370999999999840e-02
2.129038000000000111e-02
1.842212999999999837e-02
1.822119999999999990e-02
2.059969000000000036e-02
2.317121999999999932e-02
2.232471999999999929e-02
1.918336000000000000e-02
1.789962000000000150e-02
1.795742000000000171e-02
2.052272000000000124e-02
2.998705000000000120e-02
2.818299000000000151e-02
2.131045999999999982e-02
1.992866000000000082e-02
2.384535999999999947e-02
2.497395999999999991e-02
2.568288999999999989e-02
2.453647000000000120e-02
1.996034000000000003e-02
2.043883999999999979e-02
2.347428999999999835e-02
2.545729000000000047e-02
2.450590999999999881e-02
2.438179000000000041e-02
2.417240000000000014e-02
2.834646999999999861e-02
3.316725000000000229e-02
2.478197999999999859e-02
2.053995000000000126e-02
2.000702000000000036e-02
2.482356999999999966e-02
3.061975999999999934e-02
3.550481999999999944e-02
3.507931999999999717e-02
3.410533000000000314e-02
4.845104000000000077e-02
5.001673999999999704e-02
4.698826999999999865e-02
4.049574999999999703e-02
3.451204000000000077e-02
3.012824999999999878e-02
2.877089000000000035e-02
6.656360999999999528e-02
9.241112999999999411e-02
1.377383000000000079e-01
1.769887800000000122e-01
1.991481599999999907e-01
2.139369100000000079e-01
2.133242800000000050e-01
1.728564900000000015e-01
1.480978000000000017e-01
8.987240000000000506e-02
2.087922000000000042e-02
