2.615345999999999990e-02
3.585557999999999801e-02
3.205096999999999807e-02
2.175128999999999951e-02
2.223763999999999949e-02
3.244947000000000109e-02
5.438823000000000268e-02
8.405706999999999762e-02
1.042232800000000015e-01
1.334133399999999914e-01
1.424300400000000077e-01
1.233304900000000009e-01
1.215148300000000042e-01
8.401622000000000257e-02
5.757327999999999751e-02
4.151610000000000023e-02
3.089104999999999976e-02
2.140098000000000000e-02
2.117553000000000143e-02
2.472763000000000044e-02
2.607519999999999977e-02
2.702596000000000165e-02
3.154756999999999700e-02
3.917488999999999694e-02
4.713830000000000103e-02
4.348660000000000025e-02
2.856416000000000163e-02
2.156430000000000152e-02
2.110418999999999837e-02
2.161129999999999995e-02
2.360945999999999878e-02
2.371844999999999856e-02
2.380594000000000113e-02
2.507726000000000052e-02
2.489544999999999952e-02
2.198980999999999852e-02
2.054397999999999988e-02
2.181558000000000108e-02
2.312292000000000167e-02
2.171491000000000046e-02
2.008060000000000053e-02
2.076203000000000076e-02
2.161232000000000084e-02
2.359906999999999977e-02
2.305681000000000050e-02
2.341135999999999912e-02
2.058163000000000006e-02
2.001707999999999960e-02
1.994084000000000134e-02
2.392257000000000064e-02
2.688886000000000054e-02
2.533468999999999999e-02
2.223819999999999963e-02
1.929246000000000086e-02
2.028398000000000007e-02
2.320293999999999829e-02
2.097800999999999833e-02
2.222067000000000139e-02
2.434839999999999921e-02
2.107896000000000075e-02
2.077085000000000042e-02
2.203882999999999884e-02
2.148929999999999937e-02
1.703839999999999869e-02
