2.022074000000000094e-02
2.263899000000000120e-02
1.869590000000000141e-02
2.112930000000000016e-02
2.061102000000000073e-02
2.199943999999999858e-02
2.169507999999999853e-02
2.081312999999999913e-02
1.907682999999999948e-02
2.173479999999999857e-02
1.999278000000000166e-02
2.040617000000000125e-02
2.153187999999999977e-02
2.222297999999999982e-02
2.148216000000000014e-02
2.172550999999999996e-02
2.649562999999999918e-02
2.608508000000000007e-02
2.629398999999999972e-02
2.746443000000000148e-02
2.204060000000000047e-02
2.104541000000000051e-02
2.264503000000000002e-02
2.502938000000000038e-02
2.929137000000000060e-02
2.339952000000000004e-02
2.835626999999999939e-02
2.893493000000000107e-02
3.716364999999999946e-02
3.929392000000000301e-02
3.216509000000000035e-02
2.877040000000000153e-02
2.797182999999999961e-02
2.991633999999999960e-02
4.180343000000000253e-02
7.198163000000000478e-02
1.009096099999999968e-01
1.273241200000000128e-01
1.143016699999999941e-01
7.992367999999999695e-02
4.689742000000000216e-02
3.866276999999999908e-02
3.339349999999999957e-02
2.462692999999999827e-02
2.196700000000000041e-02
2.229938000000000059e-02
2.262375999999999970e-02
2.401905999999999833e-02
2.768173999999999982e-02
3.212195999999999801e-02
3.844298000000000159e-02
3.823834000000000261e-02
3.086198000000000066e-02
2.908221000000000070e-02
2.622135000000000091e-02
2.483370999999999842e-02
2.630313999999999916e-02
2.404188000000000158e-02
2.104168000000000011e-02
2.267964000000000091e-02
2.227683000000000094e-02
2.387811000000000100e-02
2.277324000000000015e-02
1.688452999999999829e-02
