1.842676000000000036e-02
2.102882000000000015e-02
1.939946999999999852e-02
1.868082000000000076e-02
1.936709000000000000e-02
2.187561999999999840e-02
2.454283000000000159e-02
2.661287999999999848e-02
2.648551000000000030e-02
2.330041000000000057e-02
2.092478000000000046e-02
1.974953999999999946e-02
1.991145000000000068e-02
2.030534999999999979e-02
2.355669999999999986e-02
2.367574000000000067e-02
2.061357000000000120e-02
1.826271999999999965e-02
1.891964000000000146e-02
2.026603000000000085e-02
2.365698000000000106e-02
2.678788000000000002e-02
2.486189000000000107e-02
2.054181999999999883e-02
2.118356000000000058e-02
2.372211999999999932e-02
2.372532999999999934e-02
2.288834000000000007e-02
2.126306999999999850e-02
1.947516999999999998e-02
1.999309000000000155e-02
2.130030999999999938e-02
2.229373999999999939e-02
2.210584000000000160e-02
2.275933999999999943e-02
2.105674000000000087e-02
2.257061000000000137e-02
2.378256000000000120e-02
2.222110999999999878e-02
1.927745000000000153e-02
1.840705000000000119e-02
2.074238000000000123e-02
2.278729999999999992e-02
2.322116999999999931e-02
2.535615999999999912e-02
2.764027000000000150e-02
3.719750000000000140e-02
3.898747999999999797e-02
3.621992000000000267e-02
3.090864999999999932e-02
2.658924000000000010e-02
2.446542000000000161e-02
2.455784999999999912e-02
4.831451999999999969e-02
6.247077000000000185e-02
8.231368999999999492e-02
9.348281999999999425e-02
1.051432399999999989e-01
1.074672799999999984e-01
9.262823000000000584e-02
8.027281000000000000e-02
6.577718000000000453e-02
4.734958999999999696e-02
1.829499999999999876e-02
