1.756920000000000009e-02
2.219321000000000141e-02
2.221508999999999984e-02
2.174755000000000091e-02
2.225558000000000050e-02
2.174214000000000008e-02
1.920198999999999864e-02
1.774337999999999957e-02
2.086802000000000101e-02
2.519201999999999900e-02
2.952501000000000084e-02
3.712680000000000147e-02
4.494693000000000299e-02
4.468177999999999733e-02
4.062075999999999881e-02
3.831861999999999768e-02
3.180593000000000309e-02
2.526006000000000085e-02
2.085588000000000025e-02
1.825244999999999992e-02
1.816217999999999999e-02
1.835718999999999893e-02
1.844900999999999833e-02
1.934096999999999900e-02
2.091981000000000049e-02
2.299533999999999953e-02
2.358458999999999903e-02
2.364478000000000066e-02
2.233380000000000087e-02
2.057087999999999972e-02
1.954501000000000155e-02
1.954801999999999929e-02
2.096713999999999870e-02
2.048412000000000149e-02
2.016383999999999885e-02
2.052017000000000077e-02
1.950711000000000112e-02
1.873054999999999859e-02
1.890369999999999898e-02
1.842929999999999915e-02
1.789806999999999856e-02
1.779607000000000064e-02
1.793360000000000093e-02
1.862085000000000129e-02
1.787141999999999897e-02
1.787098999999999979e-02
1.880458000000000129e-02
1.952699999999999922e-02
2.006317000000000170e-02
2.050452999999999998e-02
1.916932999999999832e-02
1.799140999999999935e-02
1.815193000000000015e-02
1.900481999999999866e-02
1.960475000000000065e-02
1.982895999999999964e-02
1.932089999999999849e-02
1.809556000000000012e-02
1.784654999999999922e-02
1.870727999999999974e-02
1.927009999999999834e-02
2.000015999999999947e-02
1.900668999999999970e-02
1.599093000000000042e-02
