1.844018000000000046e-02
2.106763999999999859e-02
1.953676000000000024e-02
1.859353999999999868e-02
2.230750000000000094e-02
2.855368999999999963e-02
3.262563000000000268e-02
3.313536000000000259e-02
3.013087999999999878e-02
2.322986000000000148e-02
1.973563999999999874e-02
2.027684000000000084e-02
2.650780000000000150e-02
2.612953999999999971e-02
2.554943999999999965e-02
2.471517999999999979e-02
2.230916000000000149e-02
2.005950999999999915e-02
2.091331999999999913e-02
2.329704000000000150e-02
2.197620999999999949e-02
2.373311000000000170e-02
2.704662000000000038e-02
2.471964999999999926e-02
2.816033000000000078e-02
2.696611999999999967e-02
2.403065999999999883e-02
2.397747000000000073e-02
2.256214999999999957e-02
2.039380000000000012e-02
2.350669000000000022e-02
2.404270000000000018e-02
2.211049000000000000e-02
3.202722999999999681e-02
3.436423999999999729e-02
3.211152999999999924e-02
2.425002000000000060e-02
2.578319999999999917e-02
2.868197000000000108e-02
3.095855000000000135e-02
2.942954999999999877e-02
2.866961999999999983e-02
3.057193999999999884e-02
3.856219000000000313e-02
3.759822000000000164e-02
4.130866999999999872e-02
5.039454000000000156e-02
4.405433999999999739e-02
3.245146000000000142e-02
2.617136000000000115e-02
3.205323000000000200e-02
4.592834999999999973e-02
6.179736999999999730e-02
9.741126999999999425e-02
1.511960599999999932e-01
1.676327699999999865e-01
1.864430800000000110e-01
1.966697000000000028e-01
1.732367099999999882e-01
1.051673800000000047e-01
7.177885000000000515e-02
4.828189000000000092e-02
2.807544000000000012e-02
1.967765000000000139e-02
