1.904944999999999902e-02
2.006642000000000148e-02
1.929343999999999851e-02
2.321818999999999966e-02
2.485522000000000079e-02
2.878346999999999850e-02
4.145498000000000238e-02
4.790122000000000130e-02
5.385585999999999846e-02
5.909307999999999922e-02
5.476812000000000347e-02
4.743810999999999861e-02
4.208060999999999746e-02
3.477734999999999854e-02
2.170404000000000083e-02
2.062647999999999912e-02
2.033833999999999989e-02
1.843198000000000059e-02
1.903561999999999962e-02
2.072761999999999868e-02
2.231290000000000009e-02
2.491461999999999843e-02
2.476412999999999878e-02
2.600407999999999886e-02
2.773984999999999992e-02
2.620513999999999830e-02
1.996679000000000162e-02
1.926533999999999885e-02
1.977055999999999952e-02
1.892334000000000030e-02
1.928325999999999998e-02
1.973559999999999898e-02
1.964803999999999856e-02
1.929876000000000161e-02
1.968711000000000072e-02
1.921563999999999911e-02
1.943755000000000135e-02
1.989451999999999887e-02
1.965354999999999880e-02
1.828747999999999832e-02
1.800925000000000095e-02
1.892218999999999846e-02
1.924481999999999929e-02
2.024422000000000027e-02
1.907814000000000038e-02
1.823808000000000026e-02
1.851065000000000002e-02
1.812481999999999982e-02
1.898837999999999915e-02
2.063651000000000027e-02
2.068582999999999880e-02
1.940984000000000112e-02
1.827113000000000001e-02
1.771684000000000106e-02
1.902759000000000048e-02
1.978061000000000055e-02
1.889673000000000047e-02
1.859320999999999890e-02
1.882048000000000054e-02
1.824546999999999974e-02
1.824894000000000169e-02
1.899257999999999849e-02
1.763649999999999940e-02
1.579730999999999844e-02
