2.030650000000000163e-02
3.054979000000000028e-02
3.359776999999999902e-02
3.023365999999999901e-02
4.290084999999999732e-02
4.696241000000000304e-02
3.995976999999999862e-02
3.494192000000000131e-02
2.845543999999999851e-02
2.019736999999999921e-02
2.204483999999999957e-02
3.819331000000000115e-02
7.114911999999999626e-02
9.331027000000000071e-02
1.161816700000000008e-01
1.361237299999999983e-01
1.316501200000000094e-01
9.913326999999999556e-02
7.533022000000000329e-02
4.623899000000000065e-02
3.385652000000000106e-02
2.415847999999999954e-02
1.978612000000000079e-02
2.116681999999999939e-02
2.354977999999999932e-02
2.845299999999999913e-02
3.689764000000000238e-02
4.188011999999999985e-02
4.140234999999999749e-02
4.313970999999999778e-02
3.581398000000000220e-02
2.742554999999999993e-02
2.432112999999999983e-02
2.400864999999999944e-02
2.673417000000000154e-02
2.784168000000000059e-02
2.210760999999999976e-02
2.024397000000000002e-02
2.043458000000000080e-02
2.249363000000000057e-02
2.217705999999999844e-02
1.909993000000000107e-02
1.855580999999999897e-02
1.994324999999999917e-02
1.960595000000000046e-02
1.953171999999999894e-02
2.067364999999999828e-02
2.239123000000000155e-02
2.524382000000000015e-02
2.846113999999999936e-02
2.561671999999999907e-02
2.202217999999999884e-02
1.915698999999999874e-02
1.965845999999999913e-02
2.108107999999999857e-02
2.386316999999999952e-02
2.423580999999999999e-02
2.178510999999999989e-02
2.172541999999999876e-02
2.093713999999999992e-02
1.949771999999999963e-02
2.133685000000000095e-02
2.086460000000000051e-02
1.759424999999999878e-02
