1.812522999999999912e-02
2.202383000000000118e-02
2.042843999999999910e-02
1.843573999999999907e-02
1.864000000000000032e-02
1.879594000000000056e-02
1.813628000000000115e-02
1.778530999999999862e-02
1.914843000000000101e-02
1.989623999999999907e-02
1.969359999999999861e-02
2.200256000000000087e-02
2.300322999999999951e-02
2.356226999999999974e-02
2.252619000000000149e-02
1.946360000000000104e-02
1.810408000000000156e-02
1.818557000000000159e-02
2.138842999999999994e-02
2.708106999999999875e-02
3.434617999999999699e-02
3.970898999999999957e-02
3.784426999999999930e-02
3.379312999999999761e-02
2.981579999999999994e-02
2.616929999999999951e-02
2.244362999999999914e-02
1.982201000000000102e-02
1.850392000000000009e-02
1.802430000000000004e-02
1.886991000000000016e-02
1.889800000000000160e-02
1.935631999999999978e-02
2.211296999999999915e-02
2.249229999999999979e-02
2.109257999999999966e-02
2.184718999999999897e-02
2.099455999999999892e-02
1.990369999999999986e-02
1.883046000000000025e-02
1.877679999999999974e-02
1.913205999999999934e-02
1.864125999999999977e-02
1.818658000000000080e-02
1.819346000000000158e-02
1.831073000000000076e-02
1.789786000000000155e-02
1.760118000000000099e-02
1.760540000000000022e-02
1.810422999999999893e-02
1.867316000000000115e-02
1.837265999999999899e-02
1.761541999999999969e-02
1.796404999999999877e-02
1.849889999999999868e-02
1.866688000000000028e-02
1.861420000000000088e-02
1.894776999999999920e-02
2.007081999999999963e-02
1.885018999999999931e-02
1.790459999999999968e-02
1.817355999999999833e-02
1.718654000000000015e-02
1.593119000000000132e-02
