1.780930999999999834e-02
1.812547000000000116e-02
1.909918999999999853e-02
2.009340000000000084e-02
1.872245000000000159e-02
1.976854000000000111e-02
1.869648000000000143e-02
1.790616000000000083e-02
1.825212999999999836e-02
1.943769999999999873e-02
1.951784999999999978e-02
2.138945999999999903e-02
1.921410999999999952e-02
2.094630999999999924e-02
2.007899999999999963e-02
2.008630000000000138e-02
1.940454000000000137e-02
1.992278000000000104e-02
1.942028000000000157e-02
1.973199999999999954e-02
2.191332000000000002e-02
2.299961999999999840e-02
2.047910999999999829e-02
2.236203999999999970e-02
2.354911999999999977e-02
1.994713999999999862e-02
1.903151000000000148e-02
1.974601999999999954e-02
2.207914000000000057e-02
2.716723999999999875e-02
3.036478000000000094e-02
3.037319000000000130e-02
3.261487999999999887e-02
3.478802000000000283e-02
3.024738000000000079e-02
2.994248999999999869e-02
2.525969999999999951e-02
2.004078000000000109e-02
1.853662000000000018e-02
1.935867000000000143e-02
1.963824999999999946e-02
2.113017000000000020e-02
2.254834000000000005e-02
2.308709999999999929e-02
2.265029000000000001e-02
2.254650999999999877e-02
2.155332999999999902e-02
2.102570000000000133e-02
1.910072000000000159e-02
1.880062000000000053e-02
1.854642999999999917e-02
1.872114999999999890e-02
1.852310199999999962e-02
1.832505400000000034e-02
1.812700599999999759e-02
1.792895799999999831e-02
1.773090999999999903e-02
1.753286199999999975e-02
1.733481400000000047e-02
1.713676599999999772e-02
1.693871799999999844e-02
1.674066999999999916e-02
1.671285999999999952e-02
1.669895500000000144e-02
