1.763610999999999998e-02
2.147676999999999919e-02
2.041116999999999931e-02
1.905621000000000051e-02
2.253565999999999903e-02
2.783555999999999878e-02
3.227647000000000155e-02
3.411800999999999723e-02
3.217185999999999657e-02
2.477458999999999911e-02
2.025650999999999841e-02
1.974385999999999849e-02
2.388919000000000112e-02
2.445469999999999935e-02
2.770343999999999932e-02
2.454152999999999890e-02
2.144197999999999937e-02
2.115140000000000076e-02
2.363557999999999978e-02
2.480355000000000060e-02
2.468071000000000154e-02
2.529344000000000037e-02
2.634625000000000161e-02
2.414070000000000105e-02
2.668156000000000000e-02
2.840517000000000042e-02
2.650916999999999857e-02
2.362202000000000052e-02
2.120154999999999956e-02
2.054635000000000142e-02
2.249978999999999868e-02
2.320393000000000108e-02
2.351231000000000154e-02
2.530164000000000024e-02
2.703401999999999888e-02
2.415203000000000141e-02
2.488893000000000008e-02
2.420158000000000031e-02
2.213667000000000065e-02
2.066236000000000114e-02
1.994960000000000136e-02
2.040269000000000110e-02
2.205207000000000001e-02
2.485802999999999971e-02
2.851752000000000106e-02
3.452645000000000020e-02
4.736263000000000278e-02
4.899099999999999983e-02
3.746055000000000218e-02
2.799702000000000093e-02
2.122628000000000015e-02
2.463177000000000075e-02
3.114478000000000038e-02
5.572973999999999983e-02
7.165700999999999321e-02
8.912014999999999521e-02
1.004916399999999932e-01
1.041713100000000031e-01
1.021914700000000065e-01
8.129630999999999663e-02
6.515013999999999528e-02
5.081059000000000270e-02
3.327465000000000284e-02
1.791411999999999866e-02
