1.688063000000000063e-02
1.872050000000000103e-02
2.153033999999999851e-02
2.852771999999999947e-02
3.310319999999999929e-02
3.886459999999999915e-02
4.826389999999999847e-02
5.549778999999999823e-02
5.030078999999999800e-02
5.766579000000000149e-02
5.157029999999999947e-02
4.588623000000000007e-02
3.809832999999999970e-02
2.893002999999999894e-02
2.036523999999999973e-02
1.950417999999999943e-02
2.009939999999999991e-02
2.089892000000000138e-02
2.329020999999999869e-02
2.627820000000000156e-02
2.839252999999999916e-02
3.175853000000000009e-02
3.073325000000000015e-02
2.728641999999999873e-02
2.898554999999999882e-02
2.670888999999999902e-02
2.256821999999999995e-02
2.160375999999999963e-02
2.214330999999999938e-02
2.056223999999999899e-02
2.024437000000000111e-02
2.033613999999999908e-02
2.033311000000000146e-02
2.065588000000000146e-02
1.964186000000000057e-02
1.863195000000000129e-02
2.091697000000000001e-02
2.110839000000000118e-02
1.967143000000000017e-02
1.856046999999999905e-02
1.786930000000000116e-02
1.962579000000000060e-02
2.153949000000000141e-02
2.070069000000000076e-02
1.914576000000000125e-02
1.862495999999999943e-02
1.869629000000000082e-02
1.855582000000000065e-02
2.047919000000000128e-02
2.119800000000000156e-02
2.117607999999999990e-02
1.943765999999999897e-02
1.796733999999999831e-02
1.915953999999999921e-02
2.001574999999999882e-02
2.166473999999999830e-02
1.969136999999999971e-02
1.869252999999999887e-02
1.868109999999999910e-02
1.872195999999999930e-02
1.859324000000000046e-02
2.088689000000000170e-02
1.998590000000000089e-02
1.691025000000000167e-02
