1.774813000000000085e-02
2.210584999999999981e-02
2.384239000000000150e-02
2.444558000000000147e-02
2.412651999999999852e-02
1.977935999999999930e-02
1.835149000000000155e-02
1.763264999999999971e-02
1.926222000000000004e-02
1.969713000000000019e-02
1.852331999999999937e-02
1.924609000000000042e-02
2.030745999999999940e-02
2.238454999999999959e-02
2.394253999999999827e-02
2.452868999999999883e-02
2.443644999999999845e-02
2.220362000000000030e-02
1.868693000000000090e-02
1.839382999999999990e-02
2.104479999999999892e-02
2.915643999999999875e-02
3.192185000000000161e-02
3.656328999999999829e-02
4.298285000000000300e-02
4.449539999999999745e-02
3.662783000000000011e-02
3.194384000000000112e-02
2.616732000000000086e-02
2.119607999999999909e-02
1.974400999999999934e-02
1.842589000000000032e-02
1.934119999999999936e-02
1.946128000000000094e-02
2.160402999999999976e-02
2.227863999999999886e-02
2.473811999999999886e-02
2.704031000000000143e-02
2.539098000000000049e-02
2.070034999999999931e-02
1.979969999999999994e-02
1.854511000000000007e-02
1.846394000000000160e-02
1.930232000000000128e-02
1.981925999999999827e-02
1.902047999999999933e-02
1.863632000000000136e-02
1.889756000000000075e-02
1.898599999999999940e-02
1.800747000000000111e-02
1.813085000000000044e-02
1.791225999999999929e-02
1.751201000000000146e-02
1.883512999999999854e-02
1.994614000000000109e-02
1.861925999999999859e-02
1.777352999999999919e-02
1.861797999999999925e-02
1.888768000000000044e-02
1.897497000000000072e-02
1.934543999999999847e-02
1.961513000000000145e-02
1.916785999999999837e-02
1.591835000000000125e-02
