1.787810000000000094e-02
1.994082999999999967e-02
2.097198999999999938e-02
2.221445999999999837e-02
2.330364999999999867e-02
2.250390000000000029e-02
2.002690999999999846e-02
1.940663000000000110e-02
2.057196999999999845e-02
1.943471000000000087e-02
1.986148999999999901e-02
1.956375999999999948e-02
1.901747000000000160e-02
1.969728000000000104e-02
2.173937000000000092e-02
2.075723000000000151e-02
2.077100999999999947e-02
2.031368999999999883e-02
2.125640000000000168e-02
2.395616999999999885e-02
2.940084000000000100e-02
3.064127000000000170e-02
2.299883999999999956e-02
1.955047999999999855e-02
1.942293999999999965e-02
2.162034999999999998e-02
2.407323999999999922e-02
2.626326000000000008e-02
2.356174000000000116e-02
2.609341000000000091e-02
3.398625999999999731e-02
3.789702999999999822e-02
3.223623999999999934e-02
2.393338000000000063e-02
2.236979999999999871e-02
2.568729000000000151e-02
3.722099000000000241e-02
7.138985999999999943e-02
1.111946000000000045e-01
1.147378500000000023e-01
1.201954300000000059e-01
1.159455199999999964e-01
9.601912999999999421e-02
7.310431000000000568e-02
4.082311999999999746e-02
3.072768000000000027e-02
2.411129000000000050e-02
2.129800000000000096e-02
1.965737999999999860e-02
2.581752000000000005e-02
3.085165999999999950e-02
4.191980000000000012e-02
5.184641999999999723e-02
5.328122999999999887e-02
5.231390999999999819e-02
5.539660999999999891e-02
3.804638999999999938e-02
2.391174999999999898e-02
2.226300000000000154e-02
1.995850000000000055e-02
2.285032999999999856e-02
2.496889999999999873e-02
2.152980000000000171e-02
1.758542000000000091e-02
