1.711247999999999936e-02
1.887743000000000060e-02
1.829864999999999964e-02
1.897070000000000006e-02
1.893902999999999906e-02
1.881640999999999869e-02
1.837062000000000070e-02
1.807082999999999953e-02
1.831001999999999977e-02
1.892020999999999981e-02
1.971675000000000164e-02
2.010257999999999837e-02
2.011639000000000135e-02
2.096467999999999943e-02
1.971838999999999884e-02
1.936519000000000088e-02
1.890423000000000103e-02
1.949031000000000027e-02
1.942268000000000119e-02
1.932398999999999922e-02
1.963080999999999854e-02
2.082739999999999939e-02
2.239972000000000144e-02
2.241662999999999989e-02
2.219834000000000043e-02
2.194694000000000159e-02
1.905342000000000147e-02
2.196120000000000017e-02
2.790172000000000138e-02
3.370887000000000189e-02
4.438413000000000080e-02
5.126465000000000188e-02
5.629105999999999693e-02
5.402425999999999756e-02
4.893499999999999933e-02
3.905961000000000155e-02
2.863672999999999913e-02
2.154640000000000027e-02
1.846141000000000101e-02
1.928832000000000116e-02
2.061253000000000044e-02
2.272145999999999888e-02
2.597446999999999950e-02
2.595607999999999943e-02
2.512479999999999922e-02
2.491828000000000098e-02
2.524432999999999885e-02
2.518890000000000018e-02
2.084940000000000057e-02
1.965578999999999937e-02
1.937784999999999855e-02
1.942046999999999871e-02
2.002997999999999931e-02
2.181748000000000021e-02
2.306806000000000134e-02
2.426644999999999844e-02
2.394086000000000131e-02
2.422822000000000170e-02
2.365623999999999852e-02
2.148685999999999999e-02
2.245646999999999921e-02
2.147711000000000064e-02
1.886111000000000038e-02
1.698710000000000150e-02
