1.946553000000000172e-02
2.493845000000000089e-02
2.815054000000000167e-02
2.732746000000000133e-02
2.805126000000000147e-02
2.715735999999999845e-02
2.201240000000000141e-02
1.966516000000000097e-02
2.441984000000000168e-02
3.309655999999999709e-02
3.384087000000000206e-02
2.888844999999999955e-02
2.404821000000000042e-02
3.023222999999999883e-02
4.658481999999999901e-02
3.867248999999999687e-02
3.553876000000000257e-02
3.599118999999999929e-02
2.429912000000000044e-02
2.420686000000000018e-02
3.046427999999999983e-02
3.669586999999999849e-02
4.403047999999999684e-02
4.610196999999999906e-02
4.801235999999999698e-02
5.352202999999999822e-02
7.965833999999999415e-02
7.766960000000000530e-02
5.210589000000000193e-02
2.677208000000000018e-02
3.028799000000000075e-02
5.008735999999999744e-02
1.119548100000000018e-01
1.855486899999999884e-01
2.255658100000000055e-01
2.717398699999999945e-01
2.571136399999999766e-01
1.872871500000000133e-01
1.051240299999999933e-01
6.859619999999999607e-02
3.166908000000000223e-02
2.189054000000000000e-02
2.024054999999999951e-02
2.705990999999999952e-02
3.371620000000000172e-02
4.404754000000000308e-02
6.103925000000000323e-02
5.375057999999999919e-02
5.243363999999999664e-02
5.558524000000000104e-02
5.447743000000000030e-02
3.397275000000000295e-02
2.453330999999999915e-02
3.013160999999999964e-02
3.696746000000000060e-02
3.310840999999999784e-02
4.186788000000000315e-02
5.906266000000000294e-02
4.575958000000000109e-02
2.981929999999999997e-02
3.706274999999999847e-02
4.134954999999999881e-02
3.221910000000000052e-02
2.003223000000000156e-02
