1.894028000000000031e-02
2.098409000000000038e-02
2.014010000000000106e-02
2.231075000000000072e-02
2.326444999999999902e-02
2.010404999999999831e-02
1.833513999999999977e-02
1.912302000000000099e-02
2.355770999999999907e-02
2.532148000000000038e-02
2.663476000000000038e-02
2.844181999999999960e-02
2.458988999999999966e-02
2.027299000000000115e-02
2.301633000000000151e-02
2.714944999999999858e-02
2.298607000000000081e-02
2.392752000000000073e-02
2.543470000000000106e-02
2.102564000000000169e-02
2.736297999999999855e-02
3.599501000000000089e-02
3.251852000000000215e-02
2.486688000000000093e-02
2.132047000000000109e-02
2.287617999999999943e-02
2.594052000000000163e-02
2.679120000000000112e-02
2.729940999999999965e-02
2.567631999999999901e-02
1.953956000000000096e-02
2.172423999999999883e-02
2.388983999999999899e-02
2.307980000000000101e-02
2.260840000000000072e-02
2.252699000000000021e-02
2.755644999999999969e-02
3.214289000000000035e-02
2.889759000000000078e-02
2.443110999999999894e-02
2.138732999999999954e-02
2.170746999999999954e-02
2.637163000000000007e-02
3.928953999999999780e-02
4.668457000000000162e-02
4.673095000000000027e-02
5.132388999999999701e-02
4.696861000000000091e-02
5.474218000000000139e-02
5.704777999999999932e-02
6.372943999999999831e-02
5.366473000000000076e-02
3.099023999999999876e-02
4.926084000000000018e-02
7.098168000000000533e-02
9.011242999999999337e-02
1.372716700000000123e-01
1.818503999999999954e-01
2.132431399999999977e-01
2.106490099999999976e-01
1.827811000000000019e-01
1.909263700000000119e-01
1.081954799999999967e-01
2.175706999999999988e-02
