2.489531000000000036e-02
3.208028999999999742e-02
3.835736000000000007e-02
3.455943999999999683e-02
3.665597999999999773e-02
3.648748000000000269e-02
2.215831999999999871e-02
1.953092999999999843e-02
2.777753000000000166e-02
4.128140000000000281e-02
5.354293999999999720e-02
8.680298999999999654e-02
1.038573799999999991e-01
1.100004799999999977e-01
1.016221300000000050e-01
9.832631000000000010e-02
7.480630000000000612e-02
5.841525999999999663e-02
2.988547000000000078e-02
2.126387000000000069e-02
2.010388000000000105e-02
2.110944999999999835e-02
2.224046999999999830e-02
2.731248000000000009e-02
3.265901000000000221e-02
3.789031000000000343e-02
4.099999000000000005e-02
3.631535000000000318e-02
2.941892999999999939e-02
2.516314000000000051e-02
2.327801999999999996e-02
2.274489000000000025e-02
2.761158999999999836e-02
2.679762999999999937e-02
2.615330999999999906e-02
2.619528000000000134e-02
2.238566999999999987e-02
2.052046000000000078e-02
2.038150000000000031e-02
2.026951000000000100e-02
1.987094000000000013e-02
1.904532999999999920e-02
2.032836999999999839e-02
2.002684000000000061e-02
2.006915999999999908e-02
2.060352000000000017e-02
2.290489000000000067e-02
2.559227000000000030e-02
2.458648999999999904e-02
2.357193000000000135e-02
2.048192999999999889e-02
2.067586000000000077e-02
2.165450999999999834e-02
2.410230999999999832e-02
2.283108000000000012e-02
2.194000999999999937e-02
2.012372999999999940e-02
1.888507999999999853e-02
1.937803000000000095e-02
2.394336000000000034e-02
2.510648999999999867e-02
2.365255999999999956e-02
1.986214999999999856e-02
1.761624999999999996e-02
