1.687668999999999975e-02
1.934527999999999942e-02
2.334746000000000044e-02
2.463749000000000147e-02
2.481734999999999844e-02
2.243155999999999969e-02
2.298675999999999844e-02
2.692454999999999848e-02
3.248899000000000231e-02
3.590813999999999812e-02
2.952872000000000136e-02
2.301678000000000057e-02
1.885962000000000055e-02
2.144659999999999969e-02
3.168830000000000258e-02
4.730725999999999681e-02
5.459772000000000236e-02
5.962525999999999937e-02
7.176564000000000554e-02
6.977743999999999613e-02
5.723401999999999656e-02
4.106388999999999873e-02
3.044167999999999874e-02
2.252971000000000140e-02
1.835000000000000173e-02
1.890713000000000116e-02
1.852188999999999919e-02
1.869588999999999973e-02
2.301887999999999851e-02
2.817421000000000161e-02
2.931150000000000075e-02
2.879695999999999992e-02
2.715166000000000107e-02
2.475389999999999882e-02
2.271729000000000109e-02
1.969643000000000088e-02
1.940334999999999976e-02
2.001270999999999953e-02
2.128810000000000077e-02
1.960883999999999891e-02
1.935334999999999833e-02
1.939992000000000105e-02
1.830141000000000059e-02
1.883935999999999944e-02
1.889574999999999935e-02
1.839423999999999920e-02
1.862018000000000006e-02
1.899090000000000153e-02
1.777559000000000083e-02
1.888244000000000034e-02
2.076563000000000020e-02
2.201171999999999851e-02
2.178481999999999988e-02
2.025541999999999968e-02
1.957056000000000073e-02
1.895766999999999938e-02
1.807272999999999866e-02
1.921114999999999975e-02
1.920813999999999855e-02
1.854248000000000007e-02
1.930925000000000002e-02
2.022488000000000063e-02
1.793755000000000002e-02
1.621229999999999893e-02
