2.497713999999999837e-02
2.490090000000000012e-02
1.915002000000000024e-02
2.009510999999999936e-02
2.037405000000000119e-02
2.127594999999999834e-02
2.406950999999999882e-02
2.204924000000000120e-02
2.089925000000000116e-02
2.090163999999999911e-02
2.257367999999999875e-02
3.201815999999999690e-02
3.940613999999999922e-02
3.347369000000000039e-02
2.500606000000000009e-02
2.329022999999999857e-02
2.181359000000000076e-02
2.615831000000000059e-02
2.766679000000000013e-02
2.274305999999999897e-02
2.407317000000000137e-02
4.185085000000000194e-02
5.815933000000000214e-02
6.112013000000000168e-02
5.487029999999999685e-02
3.662163000000000224e-02
2.327119000000000063e-02
3.389146999999999993e-02
7.175612000000000656e-02
1.045659000000000033e-01
1.366229499999999930e-01
1.395724000000000131e-01
1.769608099999999962e-01
1.434886599999999901e-01
1.133938099999999977e-01
8.440061999999999565e-02
4.705364000000000074e-02
2.741485000000000102e-02
2.210352000000000150e-02
2.349274000000000154e-02
2.641912000000000080e-02
3.123688000000000159e-02
4.201226999999999739e-02
4.552781000000000189e-02
4.323152000000000245e-02
4.006363999999999759e-02
3.493440999999999907e-02
3.286181999999999992e-02
2.314704999999999888e-02
1.987894000000000119e-02
2.084075000000000163e-02
2.125633000000000036e-02
2.217409000000000047e-02
2.391070000000000001e-02
2.451091999999999854e-02
2.553783999999999915e-02
2.524173999999999862e-02
2.456826999999999969e-02
2.452363999999999933e-02
2.219832999999999876e-02
2.100789999999999949e-02
2.264481000000000133e-02
2.017893999999999938e-02
1.658638000000000126e-02
