1.905698999999999935e-02
2.002516999999999839e-02
1.948066999999999854e-02
2.053280000000000036e-02
2.034387000000000001e-02
2.059729999999999894e-02
1.984332999999999930e-02
1.921062999999999937e-02
1.918757000000000101e-02
2.061359999999999928e-02
2.522796000000000066e-02
2.751887999999999904e-02
2.532975999999999978e-02
2.412192999999999976e-02
2.232953999999999842e-02
2.112966000000000150e-02
2.022600000000000092e-02
2.085539999999999963e-02
2.594163000000000024e-02
2.484553999999999929e-02
2.335981000000000168e-02
2.363343000000000041e-02
2.375920000000000115e-02
2.121137999999999843e-02
2.514351000000000086e-02
2.654221999999999831e-02
2.145694000000000073e-02
1.989818999999999963e-02
2.397260999999999836e-02
2.360436000000000131e-02
2.090095999999999968e-02
2.113920999999999856e-02
2.052373000000000045e-02
2.166289999999999882e-02
2.569582999999999937e-02
2.617745999999999962e-02
2.647731999999999863e-02
2.654186000000000045e-02
2.614179000000000155e-02
2.903767000000000154e-02
2.835452999999999932e-02
2.292920000000000028e-02
2.137995999999999994e-02
2.184395000000000087e-02
2.682798000000000127e-02
3.916150999999999660e-02
4.485652999999999863e-02
3.595173000000000119e-02
3.505268000000000272e-02
4.239698000000000078e-02
4.686180000000000206e-02
4.720901999999999737e-02
4.618997999999999854e-02
3.689644000000000257e-02
2.329385000000000136e-02
2.715448000000000167e-02
4.259464999999999779e-02
5.121176999999999674e-02
5.587302999999999714e-02
7.491509999999999836e-02
1.038325199999999976e-01
1.359135499999999941e-01
8.252819000000000127e-02
1.931313999999999947e-02
