3.222987000000000074e-02
3.165551999999999949e-02
2.394148999999999930e-02
2.079425999999999844e-02
2.861005000000000145e-02
3.201858999999999955e-02
2.883714999999999890e-02
2.942971999999999949e-02
3.830502999999999686e-02
4.768958999999999698e-02
5.249931000000000042e-02
5.589845999999999704e-02
5.612546000000000201e-02
4.662488000000000049e-02
3.045300999999999911e-02
2.554406000000000038e-02
2.642504999999999854e-02
4.916857000000000172e-02
1.204193199999999964e-01
1.579210600000000020e-01
1.904298100000000049e-01
2.173189799999999949e-01
1.764242900000000114e-01
1.254133100000000001e-01
8.938830000000000386e-02
5.709166000000000241e-02
3.232572000000000223e-02
2.433984999999999968e-02
3.082562000000000149e-02
3.519661999999999791e-02
4.252502999999999839e-02
5.851093000000000266e-02
5.867909999999999793e-02
6.835286000000000139e-02
5.850849999999999801e-02
4.144144999999999773e-02
3.594711999999999907e-02
3.240579999999999850e-02
2.768933000000000158e-02
3.221668999999999922e-02
3.337953999999999921e-02
3.463089999999999918e-02
3.118082999999999966e-02
2.404496999999999884e-02
1.964532999999999904e-02
2.113765000000000088e-02
2.185528000000000123e-02
2.022716000000000097e-02
2.213466000000000045e-02
2.343198000000000156e-02
2.760127000000000067e-02
2.608347999999999917e-02
2.301976999999999843e-02
2.183430000000000093e-02
2.377318000000000139e-02
2.563500000000000154e-02
2.655768000000000018e-02
2.562054000000000067e-02
2.776491999999999849e-02
2.391762000000000055e-02
2.232866000000000017e-02
2.600395999999999957e-02
2.353475999999999832e-02
1.940870999999999916e-02
