4.869884000000000018e-02
5.873322000000000265e-02
5.110651000000000083e-02
4.144704999999999917e-02
3.262447999999999737e-02
3.025305000000000008e-02
2.399010999999999852e-02
2.035295999999999980e-02
1.882812999999999848e-02
2.103413000000000158e-02
2.168230000000000157e-02
2.270147000000000137e-02
2.913655000000000064e-02
4.062890000000000251e-02
4.277265000000000233e-02
3.403203999999999951e-02
2.873478000000000143e-02
2.567300000000000137e-02
2.297075000000000158e-02
2.268235000000000043e-02
2.259018999999999958e-02
2.255690999999999946e-02
1.968502999999999920e-02
1.889383999999999855e-02
1.941703999999999999e-02
2.093837000000000129e-02
2.137673000000000004e-02
2.057872999999999994e-02
1.952564999999999856e-02
1.900949999999999862e-02
1.882812999999999848e-02
1.895553000000000168e-02
1.914638000000000104e-02
1.930047999999999833e-02
2.032412000000000107e-02
2.066126999999999894e-02
1.998909000000000102e-02
1.926479000000000039e-02
1.864551999999999876e-02
1.946731999999999976e-02
1.949352999999999850e-02
1.863702000000000067e-02
2.016497999999999902e-02
1.898147999999999849e-02
1.941953999999999902e-02
2.053533999999999915e-02
2.142553999999999986e-02
2.092371000000000161e-02
1.967520999999999853e-02
1.840289000000000161e-02
1.823403999999999997e-02
1.958713999999999941e-02
2.150832000000000091e-02
2.199293999999999902e-02
1.982207000000000066e-02
1.918490000000000126e-02
1.909831000000000029e-02
2.024437000000000111e-02
2.059735000000000038e-02
1.940648000000000026e-02
1.964085999999999957e-02
1.912064999999999945e-02
1.840585000000000138e-02
1.730902000000000135e-02
