1.987854000000000010e-02
2.267999999999999877e-02
2.082020999999999872e-02
2.021090999999999860e-02
2.180241000000000123e-02
2.300686000000000050e-02
2.539229000000000139e-02
2.547164999999999846e-02
1.960527999999999924e-02
2.143803999999999849e-02
2.231653999999999929e-02
2.082813999999999846e-02
2.498494000000000062e-02
2.766247999999999971e-02
2.494371999999999909e-02
2.281649999999999998e-02
3.541300000000000003e-02
3.654945999999999889e-02
3.008757000000000098e-02
2.833868000000000151e-02
2.293306000000000164e-02
2.330412999999999929e-02
3.273794000000000010e-02
3.443166999999999756e-02
3.169812000000000324e-02
3.241495999999999961e-02
5.005011000000000182e-02
6.766985999999999835e-02
5.875091000000000341e-02
4.959100000000000313e-02
3.043529000000000026e-02
2.367732999999999990e-02
4.782133999999999691e-02
8.680369999999999753e-02
1.402126300000000048e-01
2.084637099999999965e-01
2.518928100000000225e-01
2.746310800000000274e-01
2.216390799999999883e-01
1.450264199999999892e-01
7.536993000000000165e-02
4.666146999999999656e-02
3.164920999999999707e-02
2.642655000000000004e-02
2.510427000000000144e-02
2.660380000000000036e-02
3.724046000000000300e-02
3.615759999999999807e-02
4.610360000000000152e-02
5.908834999999999782e-02
6.821710999999999747e-02
5.442083000000000337e-02
4.127238999999999908e-02
3.260153999999999830e-02
3.125229000000000201e-02
3.068219999999999975e-02
3.565792999999999741e-02
3.215190999999999882e-02
2.584699999999999845e-02
2.749651999999999999e-02
3.305780999999999997e-02
3.932386000000000215e-02
3.439699999999999702e-02
1.886929000000000037e-02
