2.539620999999999892e-02
3.155238999999999960e-02
2.927267000000000063e-02
2.870059000000000152e-02
2.789882999999999946e-02
2.385204999999999964e-02
2.145945000000000144e-02
1.897122000000000044e-02
1.851316999999999893e-02
1.872615999999999864e-02
1.912650000000000114e-02
1.837340000000000154e-02
2.010487999999999859e-02
2.107091000000000172e-02
2.407944000000000057e-02
2.407598999999999850e-02
2.068332999999999977e-02
2.175745999999999930e-02
2.159652000000000099e-02
2.155400000000000024e-02
1.904836999999999850e-02
1.901065999999999867e-02
1.807140000000000135e-02
1.899891000000000080e-02
2.025019000000000124e-02
1.927395999999999970e-02
1.843691000000000080e-02
1.875610000000000124e-02
1.956348000000000115e-02
2.023155000000000092e-02
1.845180000000000084e-02
1.890495000000000023e-02
2.080096000000000028e-02
1.903741999999999934e-02
1.948905000000000082e-02
1.856487000000000068e-02
1.852012000000000103e-02
1.909200999999999954e-02
1.995461999999999930e-02
1.924410000000000009e-02
1.791335000000000149e-02
1.986436999999999925e-02
2.036730000000000138e-02
2.348977999999999830e-02
2.005741000000000121e-02
1.875794000000000072e-02
1.856288000000000035e-02
1.913431999999999980e-02
1.855359999999999995e-02
1.829263999999999890e-02
1.830427000000000096e-02
1.867521999999999932e-02
1.813543999999999920e-02
1.825707000000000024e-02
1.899245000000000100e-02
1.883554000000000131e-02
1.884324000000000068e-02
1.811406000000000127e-02
1.911768000000000148e-02
1.852515999999999885e-02
1.817045999999999939e-02
1.843679000000000151e-02
1.720812999999999857e-02
1.579177000000000011e-02
