4.884071999999999719e-02
8.314449000000000145e-02
1.097476899999999950e-01
1.216545599999999949e-01
1.262396100000000021e-01
1.215663500000000036e-01
1.079138600000000003e-01
8.866785000000000638e-02
5.916807000000000316e-02
5.192259999999999931e-02
3.837469000000000297e-02
2.703923999999999911e-02
2.385148000000000129e-02
2.291522000000000003e-02
2.536837000000000120e-02
2.765476000000000045e-02
3.649499999999999966e-02
4.175352000000000230e-02
3.798817000000000166e-02
3.684682999999999709e-02
4.022730000000000056e-02
3.312131000000000103e-02
2.485700000000000062e-02
2.220275000000000026e-02
2.266266999999999934e-02
2.239698000000000036e-02
2.212238999999999872e-02
2.239092999999999986e-02
2.339837000000000167e-02
2.222388000000000141e-02
1.887373999999999996e-02
1.937345000000000039e-02
1.912151000000000128e-02
1.939700000000000105e-02
1.969614999999999908e-02
1.918740999999999849e-02
1.959947000000000078e-02
1.994879999999999917e-02
2.395179000000000058e-02
2.348404000000000116e-02
2.206841000000000011e-02
2.176171999999999829e-02
2.148560999999999874e-02
2.336641999999999886e-02
2.479531999999999917e-02
2.404486000000000123e-02
2.370236000000000218e-02
2.335985999999999965e-02
2.301736000000000060e-02
2.267486000000000154e-02
2.233236000000000249e-02
2.198985999999999996e-02
2.164736000000000091e-02
2.130486000000000185e-02
2.096235999999999933e-02
2.061986000000000027e-02
1.820153000000000049e-02
1.804198200000000155e-02
1.788243399999999914e-02
1.772288600000000020e-02
1.756333799999999778e-02
1.740378999999999884e-02
1.721050999999999831e-02
1.701723000000000124e-02
