2.272539000000000156e-02
3.353338000000000152e-02
4.282186999999999799e-02
5.587825999999999904e-02
4.362583999999999906e-02
2.944922999999999985e-02
2.293782000000000112e-02
1.962295999999999832e-02
2.289273000000000002e-02
3.082152999999999976e-02
2.891863999999999893e-02
2.843872000000000066e-02
3.096269000000000104e-02
4.439436000000000077e-02
5.584105999999999792e-02
5.309951999999999728e-02
5.391369000000000022e-02
4.640721999999999903e-02
2.816261000000000111e-02
2.100362000000000062e-02
3.927644999999999748e-02
9.093811999999999729e-02
1.269237099999999951e-01
1.468854699999999902e-01
1.775587899999999941e-01
1.963812000000000058e-01
1.539706700000000039e-01
1.273936800000000091e-01
7.560616000000000558e-02
4.606487000000000082e-02
2.938715999999999898e-02
2.436220000000000052e-02
2.730629999999999863e-02
3.139316999999999802e-02
4.088075000000000042e-02
4.271119000000000304e-02
5.643933000000000283e-02
8.218187999999999882e-02
6.693552999999999309e-02
4.451709999999999695e-02
3.516944999999999794e-02
2.739791000000000101e-02
2.401367000000000085e-02
2.746766000000000138e-02
3.404350999999999905e-02
2.729691999999999882e-02
2.535211000000000062e-02
3.146021999999999708e-02
2.926727000000000148e-02
2.367205000000000004e-02
2.163585000000000161e-02
2.093456999999999957e-02
2.155158999999999894e-02
2.924865000000000104e-02
3.131060000000000093e-02
2.664377000000000065e-02
2.153988000000000083e-02
2.323547000000000112e-02
2.536829999999999988e-02
2.667500999999999900e-02
2.634080000000000102e-02
2.860470999999999847e-02
2.399853999999999876e-02
1.874997999999999942e-02
