1.617007000000000166e-02
1.790912000000000059e-02
1.867094000000000045e-02
1.875761000000000095e-02
2.084603000000000150e-02
2.251254999999999923e-02
2.259339999999999959e-02
2.245758000000000129e-02
2.054260000000000114e-02
1.837669000000000108e-02
1.873147999999999827e-02
1.905019000000000157e-02
2.092520999999999964e-02
2.063130999999999993e-02
2.004237999999999853e-02
1.923071000000000155e-02
1.911001000000000019e-02
2.000831999999999958e-02
2.171179999999999985e-02
2.113040000000000057e-02
1.993506000000000097e-02
1.886165999999999884e-02
2.010661999999999866e-02
2.134234000000000131e-02
2.273549000000000056e-02
2.147374999999999978e-02
2.034721999999999920e-02
2.002794000000000102e-02
1.958580999999999864e-02
1.950821999999999973e-02
1.948845999999999912e-02
1.936997000000000024e-02
2.032507999999999884e-02
2.320111999999999869e-02
2.569913999999999879e-02
2.315725000000000075e-02
1.906789999999999874e-02
1.986631000000000161e-02
2.168453000000000047e-02
2.270936000000000135e-02
2.040234999999999965e-02
2.133138999999999869e-02
2.308821999999999958e-02
2.686358000000000149e-02
2.963114999999999846e-02
3.009295999999999846e-02
3.247643000000000058e-02
2.730153999999999914e-02
2.268534999999999996e-02
2.174645000000000050e-02
2.594505999999999896e-02
3.658912000000000275e-02
4.707581999999999739e-02
6.169688000000000255e-02
7.692551999999999723e-02
7.969199999999999895e-02
7.687059000000000253e-02
6.872852000000000128e-02
7.053971000000000546e-02
5.145290999999999754e-02
4.231166000000000094e-02
2.835158000000000122e-02
2.100213000000000080e-02
1.703092999999999968e-02
