2.186503000000000058e-02
2.301287999999999945e-02
2.166581000000000062e-02
2.346878999999999979e-02
2.311548000000000075e-02
2.084290000000000101e-02
1.859359999999999832e-02
1.875939999999999899e-02
2.302318999999999893e-02
2.995478999999999850e-02
3.026867000000000099e-02
3.402349999999999819e-02
2.411510999999999863e-02
1.939503999999999881e-02
2.435661000000000076e-02
2.680799000000000029e-02
2.670617999999999950e-02
2.518277000000000015e-02
2.400706000000000021e-02
2.300622999999999904e-02
3.155977000000000088e-02
4.863263999999999782e-02
4.438592999999999705e-02
2.789298000000000124e-02
2.148324000000000067e-02
2.547088000000000130e-02
2.726405000000000148e-02
3.208314999999999778e-02
3.268673999999999885e-02
2.535217999999999847e-02
1.949887999999999968e-02
2.406691999999999859e-02
2.808607999999999938e-02
2.797840000000000049e-02
2.468429999999999930e-02
2.408783000000000105e-02
3.563340999999999731e-02
4.580962000000000228e-02
3.967220999999999942e-02
2.982614999999999919e-02
2.209577999999999889e-02
2.433656000000000014e-02
2.984693000000000068e-02
4.895191000000000126e-02
5.071662999999999866e-02
5.123131999999999686e-02
5.904403999999999902e-02
5.196652999999999689e-02
5.289280999999999844e-02
6.266964999999999342e-02
5.822606000000000309e-02
5.013178000000000079e-02
2.732636000000000093e-02
4.649959000000000037e-02
7.005374000000000323e-02
1.085065199999999952e-01
1.450444499999999914e-01
1.832213299999999878e-01
2.347055999999999865e-01
2.425261300000000064e-01
2.240310500000000093e-01
2.029931100000000044e-01
1.293777200000000016e-01
2.157863000000000142e-02
