2.772950000000000068e-02
3.769958999999999810e-02
4.804661999999999822e-02
5.930640999999999691e-02
5.927396000000000054e-02
4.695590000000000180e-02
3.514309000000000183e-02
2.412332000000000018e-02
2.512344999999999856e-02
2.516331000000000123e-02
3.161694000000000310e-02
3.010621999999999951e-02
2.597549999999999859e-02
4.600598000000000187e-02
5.626824999999999882e-02
5.798661000000000093e-02
5.519600000000000201e-02
5.432386000000000159e-02
4.218874000000000235e-02
3.090367999999999934e-02
3.983881999999999701e-02
8.652767000000000097e-02
1.292244499999999907e-01
1.485634700000000030e-01
1.624156999999999962e-01
2.360603799999999863e-01
1.921688199999999902e-01
1.727612599999999998e-01
1.303258700000000103e-01
7.328642999999999963e-02
3.319492999999999749e-02
2.536031999999999870e-02
2.978344999999999951e-02
2.979845000000000063e-02
4.060828999999999828e-02
3.943063000000000123e-02
4.755518999999999719e-02
8.227832999999999675e-02
7.077044000000000390e-02
4.438580000000000303e-02
3.710967999999999906e-02
2.564222000000000029e-02
2.508776999999999882e-02
3.132373000000000102e-02
3.588670000000000054e-02
2.979568999999999968e-02
2.754490999999999884e-02
3.224899999999999989e-02
3.089391999999999833e-02
2.336925000000000113e-02
2.157364999999999977e-02
1.964091999999999921e-02
2.039300000000000140e-02
2.563613000000000003e-02
2.874492000000000019e-02
2.568354000000000123e-02
2.106799000000000172e-02
2.049565999999999888e-02
1.981648000000000090e-02
2.338461000000000012e-02
2.446759000000000087e-02
3.108945999999999932e-02
2.638313000000000116e-02
1.876024000000000094e-02
