2.287696999999999994e-02
2.800071000000000157e-02
2.987768999999999842e-02
3.587325000000000236e-02
3.549766000000000032e-02
3.510372999999999966e-02
2.716527999999999998e-02
2.179706000000000005e-02
2.328708000000000167e-02
3.396713999999999983e-02
3.965305999999999692e-02
2.829976999999999840e-02
2.340930000000000094e-02
2.443920000000000120e-02
2.248974000000000112e-02
3.154541999999999763e-02
4.197584000000000037e-02
3.916077999999999920e-02
3.168428000000000216e-02
2.177056000000000130e-02
2.821722000000000119e-02
3.698934000000000250e-02
3.762564000000000186e-02
2.819477000000000094e-02
2.357901000000000094e-02
2.720606000000000066e-02
3.723564000000000040e-02
5.171686000000000338e-02
3.659907999999999911e-02
3.436581999999999831e-02
3.690884999999999999e-02
4.466980999999999730e-02
4.403901000000000343e-02
4.448109000000000091e-02
3.654472999999999749e-02
3.382618999999999904e-02
4.155165999999999721e-02
5.855384999999999757e-02
4.944682000000000244e-02
3.486913999999999986e-02
4.431472000000000189e-02
6.573753000000000235e-02
8.087112999999999940e-02
1.074498799999999976e-01
7.550138000000000682e-02
3.820227999999999818e-02
3.868321999999999733e-02
7.002753999999999923e-02
1.535001000000000004e-01
2.679076499999999972e-01
3.440181600000000173e-01
3.539073200000000252e-01
3.731077899999999947e-01
3.830203699999999989e-01
3.070806899999999895e-01
2.100656800000000046e-01
1.522929500000000103e-01
9.935581999999999747e-02
7.150681000000000398e-02
3.189662000000000053e-02
2.914289999999999936e-02
3.000906999999999880e-02
2.381818999999999950e-02
2.072274999999999812e-02
