2.173918999999999851e-02
2.554825999999999972e-02
2.001137000000000055e-02
1.821622999999999992e-02
1.994419000000000053e-02
2.174494999999999900e-02
2.112903000000000003e-02
2.096287000000000150e-02
1.975918000000000119e-02
1.885227000000000083e-02
1.846213999999999841e-02
1.943894999999999998e-02
1.974729000000000068e-02
2.214235000000000161e-02
2.382362999999999842e-02
1.987714999999999968e-02
1.948708000000000037e-02
2.175534000000000148e-02
2.093296999999999866e-02
2.195408999999999902e-02
2.233995000000000078e-02
1.984556000000000167e-02
2.341052000000000063e-02
2.602333999999999897e-02
2.656377999999999864e-02
2.974916000000000019e-02
2.729217999999999922e-02
2.055221000000000131e-02
1.954730000000000009e-02
1.992791999999999827e-02
2.367321000000000009e-02
2.905164000000000010e-02
3.567711999999999967e-02
3.866938999999999793e-02
5.084782000000000191e-02
5.029962999999999795e-02
4.534785000000000205e-02
3.643240999999999841e-02
2.375744999999999940e-02
2.490358999999999975e-02
4.372700999999999671e-02
8.474500000000000088e-02
1.201883100000000065e-01
1.558048400000000000e-01
1.809037799999999863e-01
1.502760099999999877e-01
1.390820600000000073e-01
1.156341599999999997e-01
7.120590000000000253e-02
3.581714999999999899e-02
2.635496999999999840e-02
2.399275999999999839e-02
2.245184000000000069e-02
3.339469999999999938e-02
4.757204999999999767e-02
5.187556000000000112e-02
4.745539000000000007e-02
5.009999999999999870e-02
5.555307999999999774e-02
6.127851000000000131e-02
5.313269000000000325e-02
3.990082999999999824e-02
2.624055000000000137e-02
1.983591999999999994e-02
