2.061823999999999948e-02
2.376796000000000117e-02
2.124302999999999955e-02
1.935403999999999944e-02
2.481840000000000088e-02
2.255290999999999893e-02
2.198761999999999939e-02
2.024913999999999881e-02
1.855605000000000102e-02
1.811787000000000120e-02
1.869022999999999865e-02
1.989549999999999999e-02
2.044580999999999829e-02
2.171916000000000124e-02
2.070641000000000148e-02
1.912147999999999973e-02
1.909838999999999981e-02
2.108836000000000044e-02
2.092781999999999976e-02
2.203890000000000016e-02
2.281686000000000131e-02
2.030283000000000088e-02
2.174749999999999947e-02
2.757220999999999977e-02
2.398998999999999923e-02
2.506939000000000042e-02
2.251778999999999933e-02
1.883270000000000083e-02
1.940133999999999956e-02
2.264504999999999990e-02
2.396737000000000173e-02
2.840975000000000097e-02
3.471943000000000251e-02
3.731414000000000258e-02
4.609192000000000150e-02
4.106913999999999704e-02
3.363445999999999797e-02
2.861125000000000126e-02
2.416832000000000008e-02
3.204363999999999824e-02
6.179020000000000346e-02
1.037805200000000011e-01
1.346795100000000023e-01
1.526514700000000113e-01
1.617119300000000037e-01
1.321922700000000006e-01
1.058707299999999962e-01
8.582056000000000406e-02
5.476531999999999928e-02
2.468468999999999872e-02
2.126913999999999888e-02
2.201894999999999894e-02
2.579458999999999919e-02
3.710191000000000183e-02
5.301904000000000339e-02
6.221801999999999888e-02
5.116082000000000268e-02
4.992374000000000117e-02
4.810351999999999684e-02
5.744432000000000010e-02
4.568367000000000261e-02
3.417291000000000079e-02
2.369641000000000108e-02
1.817318999999999879e-02
