1.883779999999999830e-02
2.006894999999999860e-02
2.102982000000000115e-02
2.333657999999999913e-02
3.652186999999999795e-02
3.423624000000000112e-02
2.562566000000000149e-02
2.908234999999999987e-02
4.451237000000000249e-02
6.368073999999999957e-02
6.247656000000000043e-02
4.681040000000000201e-02
3.055180999999999869e-02
2.244416000000000119e-02
2.228371000000000171e-02
3.822144999999999709e-02
6.505592000000000319e-02
9.591001000000000387e-02
1.438422099999999981e-01
1.578823900000000113e-01
1.438021200000000055e-01
1.090961899999999957e-01
7.415138000000000285e-02
4.864816000000000279e-02
2.679433000000000162e-02
2.221158999999999981e-02
1.925668000000000171e-02
1.988755999999999857e-02
2.802603000000000039e-02
3.763078000000000256e-02
3.961985999999999980e-02
4.380562999999999818e-02
4.665152000000000188e-02
4.422511999999999971e-02
3.290354000000000195e-02
2.216900000000000120e-02
2.037326999999999888e-02
2.132765000000000008e-02
2.318560999999999886e-02
2.628830000000000056e-02
2.404548999999999923e-02
2.415192999999999854e-02
2.413869999999999905e-02
2.168706999999999926e-02
2.026622999999999966e-02
2.066064000000000095e-02
2.070632999999999849e-02
2.146535000000000110e-02
1.968972999999999904e-02
2.062206000000000108e-02
2.384841999999999865e-02
2.491857000000000100e-02
2.887732999999999967e-02
2.830529999999999852e-02
2.439173000000000036e-02
2.149121999999999838e-02
2.235637999999999861e-02
2.127300999999999845e-02
1.924280999999999908e-02
2.045218000000000036e-02
2.414238999999999968e-02
2.491925000000000043e-02
2.111311000000000090e-02
1.700594000000000064e-02
