2.237563999999999872e-02
2.563930999999999849e-02
2.431583999999999829e-02
2.607053000000000148e-02
2.486216999999999941e-02
2.185874000000000150e-02
1.905754000000000128e-02
1.904915000000000080e-02
2.319540999999999964e-02
2.651931999999999900e-02
2.504442000000000126e-02
2.325425999999999882e-02
1.975990999999999859e-02
2.340907999999999878e-02
2.307046000000000097e-02
2.491844000000000003e-02
2.717222000000000040e-02
2.655414000000000038e-02
2.115556999999999854e-02
1.926835999999999827e-02
2.321650999999999923e-02
2.972228999999999843e-02
2.583210000000000020e-02
2.187149999999999858e-02
2.046974000000000016e-02
2.008135000000000128e-02
2.567633000000000068e-02
3.151074999999999710e-02
2.749323999999999865e-02
2.637135000000000173e-02
3.006346000000000018e-02
3.384558000000000011e-02
3.415482000000000240e-02
2.977973999999999899e-02
2.541971999999999982e-02
2.638408999999999893e-02
3.417230999999999741e-02
4.010237999999999997e-02
3.322761999999999938e-02
2.754068999999999962e-02
3.213391000000000164e-02
4.159990999999999689e-02
5.044979000000000130e-02
5.316375999999999741e-02
4.277067999999999842e-02
3.057473999999999956e-02
3.510321999999999748e-02
4.986836000000000046e-02
8.388423000000000407e-02
1.173906499999999992e-01
1.507382200000000061e-01
1.589736900000000008e-01
1.608400000000000107e-01
1.742803199999999886e-01
1.471463299999999919e-01
1.024894699999999992e-01
7.093151000000000317e-02
4.830517000000000144e-02
3.225331000000000031e-02
2.387591000000000019e-02
2.312111999999999848e-02
2.418821000000000165e-02
2.274607999999999838e-02
2.002266999999999936e-02
