3.944779000000000341e-02
3.980149000000000187e-02
2.582403000000000129e-02
2.210739000000000107e-02
2.644797000000000120e-02
3.238723000000000296e-02
3.012665000000000134e-02
3.031185999999999950e-02
3.646291000000000115e-02
4.330314999999999859e-02
5.195327000000000278e-02
6.057355999999999852e-02
5.964188000000000128e-02
5.202065000000000161e-02
3.885596999999999662e-02
2.472082999999999919e-02
2.381002999999999939e-02
4.944940999999999920e-02
1.018229400000000007e-01
1.564031200000000066e-01
2.090947900000000026e-01
2.175098199999999926e-01
1.793272300000000041e-01
1.396008099999999919e-01
9.149944999999999606e-02
5.376564999999999817e-02
3.738376000000000199e-02
2.731750999999999971e-02
2.814329999999999957e-02
2.807868999999999990e-02
3.810365999999999753e-02
5.148714000000000068e-02
6.237753000000000048e-02
7.477093999999999407e-02
6.420035999999999798e-02
4.940391999999999700e-02
3.852756000000000236e-02
3.301217000000000040e-02
2.938560000000000130e-02
3.302229999999999749e-02
3.361689999999999817e-02
3.414770999999999779e-02
3.152763000000000093e-02
2.240707999999999936e-02
1.891634999999999844e-02
2.178592999999999849e-02
2.290903000000000037e-02
2.132712999999999970e-02
2.372111999999999832e-02
2.551849999999999952e-02
2.666746000000000047e-02
2.759123999999999952e-02
2.286519999999999872e-02
2.095425000000000065e-02
2.365783000000000122e-02
2.673831999999999945e-02
2.602896000000000029e-02
2.749423000000000145e-02
3.153859999999999997e-02
2.545899999999999899e-02
2.061104000000000061e-02
2.441118999999999928e-02
2.295116999999999990e-02
1.935134000000000160e-02
