2.400156000000000164e-02
2.337240000000000151e-02
2.644397999999999888e-02
2.483522999999999981e-02
1.999451999999999827e-02
2.048869000000000037e-02
1.994419000000000053e-02
2.204945000000000169e-02
1.967783999999999853e-02
2.479380000000000125e-02
2.512545000000000056e-02
2.530545000000000017e-02
3.119972000000000023e-02
3.987658000000000175e-02
3.985680999999999946e-02
3.528055000000000080e-02
2.234726000000000073e-02
2.206402000000000016e-02
2.595663999999999957e-02
2.862535999999999900e-02
2.373530999999999905e-02
3.568746999999999892e-02
4.544643000000000294e-02
3.515150000000000219e-02
3.876737999999999712e-02
5.355325999999999836e-02
5.304222000000000103e-02
3.574623999999999857e-02
2.619677999999999937e-02
5.427015999999999785e-02
8.320761000000000129e-02
1.276095800000000002e-01
1.760134999999999894e-01
2.147346400000000044e-01
1.930691900000000016e-01
1.805921000000000054e-01
1.605173799999999873e-01
8.374766000000000155e-02
4.623445000000000332e-02
2.610807000000000058e-02
2.128661999999999915e-02
2.793986999999999860e-02
3.058562999999999907e-02
3.248536999999999952e-02
3.967330000000000162e-02
4.915201999999999766e-02
6.024369999999999725e-02
4.940814999999999790e-02
3.482017999999999919e-02
2.693202999999999916e-02
2.363474000000000130e-02
2.275906999999999930e-02
2.003931000000000115e-02
2.778863000000000166e-02
3.072621999999999853e-02
3.160857000000000250e-02
3.612250999999999657e-02
4.203864000000000212e-02
3.735004000000000102e-02
2.553180999999999853e-02
2.550461000000000047e-02
2.402593999999999910e-02
2.053566999999999892e-02
2.053287999999999988e-02
