2.870245999999999909e-02
5.757778000000000201e-02
8.076993000000000367e-02
9.230549000000000393e-02
1.040360200000000068e-01
1.112571499999999991e-01
9.458953999999999973e-02
7.194839000000000095e-02
6.051474999999999910e-02
5.569085000000000008e-02
3.788844000000000239e-02
2.950967000000000173e-02
2.280137000000000136e-02
2.240048000000000039e-02
2.327103999999999978e-02
2.311099000000000139e-02
2.467342000000000146e-02
3.208438000000000262e-02
3.294136000000000286e-02
3.241130999999999873e-02
3.496739000000000097e-02
3.198068999999999912e-02
2.738037000000000110e-02
2.333692999999999879e-02
2.156005999999999895e-02
2.013952999999999924e-02
2.001777000000000070e-02
2.075180999999999901e-02
2.313323999999999936e-02
2.262168000000000165e-02
1.926908000000000093e-02
1.899206999999999979e-02
1.888410999999999909e-02
1.806272999999999906e-02
1.967723999999999862e-02
1.910995000000000055e-02
1.822382999999999989e-02
1.916682999999999928e-02
2.207535999999999873e-02
2.274941999999999936e-02
2.064043000000000128e-02
2.022712000000000121e-02
1.920915999999999943e-02
2.001744999999999913e-02
2.299986999999999865e-02
2.300593000000000082e-02
2.041913999999999882e-02
1.952860999999999833e-02
1.845466999999999941e-02
1.847986999999999894e-02
1.905170999999999948e-02
2.011399999999999993e-02
2.134907000000000124e-02
2.078657000000000074e-02
1.981586999999999932e-02
1.947118999999999933e-02
2.011359999999999884e-02
2.318312999999999971e-02
2.140277000000000152e-02
2.008684999999999984e-02
1.942837999999999857e-02
1.805818000000000006e-02
1.756626999999999841e-02
1.661330999999999919e-02
