2.015706999999999915e-02
2.185894000000000031e-02
2.140190000000000148e-02
2.233231000000000105e-02
2.325487999999999861e-02
1.917997000000000105e-02
1.959962000000000162e-02
2.116490000000000038e-02
2.767220999999999917e-02
2.783069000000000168e-02
2.856049000000000088e-02
2.894499999999999851e-02
2.195897000000000127e-02
1.930433999999999969e-02
2.521382000000000137e-02
2.910391000000000020e-02
2.679196000000000008e-02
2.353691999999999937e-02
2.078781000000000032e-02
2.068837999999999927e-02
2.865339999999999901e-02
4.844695000000000251e-02
3.668206000000000244e-02
2.528083999999999887e-02
1.993305000000000077e-02
2.756837999999999997e-02
2.856801000000000132e-02
3.401751000000000080e-02
2.860611000000000056e-02
2.166542999999999941e-02
2.090848999999999833e-02
2.703211000000000155e-02
2.788940999999999990e-02
2.521767999999999926e-02
2.649933999999999970e-02
2.411626999999999868e-02
3.744166000000000161e-02
4.480423000000000044e-02
3.574863000000000346e-02
2.380407999999999830e-02
2.063034000000000048e-02
2.715207000000000037e-02
3.966715999999999992e-02
4.909733000000000153e-02
5.645846999999999671e-02
5.308903000000000233e-02
6.188550000000000301e-02
6.347751000000000088e-02
6.160473000000000338e-02
4.818266999999999689e-02
4.161118999999999929e-02
3.845997000000000304e-02
3.465320000000000206e-02
8.075098999999999472e-02
1.246315100000000009e-01
1.653909199999999968e-01
2.061853999999999909e-01
2.477592999999999879e-01
2.548193599999999948e-01
2.355076799999999970e-01
2.221486900000000098e-01
1.808739199999999936e-01
1.111681000000000058e-01
2.262642000000000125e-02
