2.155112000000000000e-02
3.115147999999999875e-02
3.975077999999999945e-02
3.781070999999999738e-02
5.346230999999999900e-02
5.259504000000000262e-02
3.471325000000000105e-02
2.454011999999999860e-02
2.292125000000000065e-02
2.638679999999999845e-02
4.222429999999999933e-02
7.658098000000000682e-02
9.905477999999999505e-02
1.222457599999999950e-01
1.233601500000000017e-01
1.365280199999999999e-01
1.110701600000000011e-01
7.875936000000000048e-02
5.554309000000000329e-02
2.995861000000000010e-02
2.321370000000000031e-02
2.066605999999999999e-02
2.069827000000000125e-02
2.422409999999999841e-02
2.931351999999999916e-02
3.306507999999999670e-02
4.490423999999999805e-02
4.611532000000000131e-02
3.980513000000000107e-02
3.681003000000000053e-02
2.954181999999999989e-02
2.444833000000000076e-02
2.790698000000000137e-02
2.852015000000000106e-02
2.912342999999999876e-02
3.075005999999999920e-02
2.362618000000000010e-02
2.161986999999999937e-02
2.099942999999999949e-02
2.235656000000000102e-02
2.118746999999999991e-02
1.978196999999999942e-02
1.939298999999999884e-02
2.177629000000000023e-02
1.988331999999999947e-02
1.863478000000000009e-02
2.133793000000000148e-02
2.424660000000000010e-02
2.764739000000000085e-02
2.611302999999999888e-02
2.372022000000000019e-02
1.989602000000000037e-02
1.994088000000000110e-02
2.067106999999999972e-02
2.239446999999999965e-02
2.457480000000000081e-02
2.227360999999999924e-02
1.981221000000000024e-02
1.976879999999999957e-02
2.065929999999999850e-02
2.096889999999999865e-02
2.218554999999999833e-02
2.041752999999999971e-02
1.741132000000000096e-02
