2.591384999999999869e-02
2.453914999999999916e-02
2.255303000000000169e-02
2.176973000000000102e-02
1.939226000000000144e-02
2.028512999999999844e-02
2.508658000000000068e-02
2.270138000000000017e-02
2.106389999999999998e-02
1.995241000000000028e-02
2.438798999999999828e-02
3.132059000000000232e-02
4.485919000000000018e-02
4.418310999999999766e-02
4.370651999999999870e-02
2.698096999999999995e-02
1.931868999999999947e-02
2.722261999999999946e-02
2.877860000000000140e-02
2.717160000000000061e-02
2.959658999999999901e-02
3.156215999999999883e-02
4.345970999999999862e-02
5.195746999999999866e-02
4.288041000000000075e-02
5.002824000000000160e-02
3.187045000000000156e-02
2.929692999999999881e-02
4.435106999999999938e-02
7.336829999999999741e-02
1.096416600000000019e-01
1.399739799999999978e-01
1.790402500000000119e-01
1.677131099999999986e-01
1.509369799999999984e-01
1.200485099999999972e-01
8.933791000000000648e-02
4.783337000000000006e-02
2.614732999999999988e-02
2.313213999999999895e-02
2.565715000000000010e-02
3.057953999999999881e-02
3.984334999999999960e-02
4.087355000000000155e-02
4.636636999999999703e-02
5.298992000000000285e-02
5.653501999999999833e-02
5.126677999999999791e-02
3.462661000000000211e-02
2.278451000000000087e-02
1.949305999999999955e-02
2.275020999999999988e-02
2.225794999999999857e-02
2.930396000000000042e-02
3.279771000000000075e-02
3.545650999999999664e-02
3.521453000000000083e-02
3.743000999999999967e-02
3.476223999999999981e-02
2.464231000000000060e-02
2.347551999999999972e-02
2.748505000000000045e-02
2.406198999999999838e-02
1.986684999999999840e-02
