1.859912000000000024e-02
2.253462999999999994e-02
2.440929999999999836e-02
2.123564999999999828e-02
2.135137000000000146e-02
2.128982000000000097e-02
2.454597999999999849e-02
2.506794000000000036e-02
2.716531000000000154e-02
2.533115999999999840e-02
2.387038999999999828e-02
2.138926000000000022e-02
1.837195999999999968e-02
2.125116000000000158e-02
2.259034000000000042e-02
2.839803999999999939e-02
2.671952999999999828e-02
2.273398999999999906e-02
2.321696999999999997e-02
3.178747999999999990e-02
3.653145000000000003e-02
3.200545999999999947e-02
2.587466000000000071e-02
1.976429000000000033e-02
2.044297999999999949e-02
3.587867000000000139e-02
6.228691000000000089e-02
1.012137300000000018e-01
1.064930000000000043e-01
9.288657000000000163e-02
9.031290999999999625e-02
8.351139999999999952e-02
5.307677999999999702e-02
3.341965999999999687e-02
2.187079999999999927e-02
1.965396999999999977e-02
2.086357999999999963e-02
2.198701999999999948e-02
2.372921000000000058e-02
2.631152000000000143e-02
2.902884000000000020e-02
3.025444999999999870e-02
3.080661999999999984e-02
2.884097999999999870e-02
2.683007999999999921e-02
2.072591000000000017e-02
1.849305999999999867e-02
1.883514000000000022e-02
2.045773999999999856e-02
2.398952999999999849e-02
2.410127999999999923e-02
2.132722000000000090e-02
2.094860000000000125e-02
2.042450999999999989e-02
1.923758000000000065e-02
2.069048000000000068e-02
2.018222000000000071e-02
2.021215000000000164e-02
2.056296000000000165e-02
2.207778999999999991e-02
2.094062999999999827e-02
1.898038000000000156e-02
1.871445000000000053e-02
1.720995999999999984e-02
