1.758507999999999946e-02
2.005834000000000089e-02
1.812282000000000129e-02
1.840752000000000013e-02
1.883140000000000161e-02
1.979072999999999943e-02
1.895093000000000125e-02
1.826478000000000129e-02
1.876254999999999937e-02
1.887308000000000041e-02
2.104059000000000137e-02
1.927403000000000102e-02
1.838288999999999895e-02
1.989354999999999943e-02
2.005018000000000078e-02
1.969500000000000070e-02
1.909102000000000021e-02
1.942972999999999922e-02
1.879190999999999848e-02
1.904091000000000117e-02
2.198537000000000061e-02
2.314311999999999966e-02
2.088065999999999880e-02
2.174320000000000072e-02
2.266030000000000127e-02
2.040561999999999931e-02
1.967711000000000113e-02
2.271853999999999887e-02
2.378051999999999944e-02
2.697963000000000097e-02
2.788130000000000122e-02
2.826071999999999959e-02
2.893886000000000028e-02
2.386198999999999959e-02
2.023625999999999897e-02
1.944689000000000140e-02
1.904890999999999876e-02
1.901602000000000153e-02
1.924321000000000018e-02
1.965715000000000170e-02
2.036040000000000072e-02
1.933765000000000137e-02
1.971793999999999977e-02
2.018448999999999938e-02
2.072231000000000073e-02
1.932313000000000086e-02
1.939524999999999930e-02
1.909699000000000119e-02
1.886981000000000075e-02
1.903815000000000021e-02
1.932220000000000118e-02
1.913029999999999939e-02
1.898154999999999981e-02
1.985247999999999874e-02
1.892978000000000022e-02
1.944415999999999853e-02
2.004322999999999869e-02
1.876705000000000040e-02
1.898779999999999912e-02
2.009112999999999871e-02
1.975883000000000153e-02
2.031113000000000016e-02
1.836845000000000144e-02
1.723244999999999985e-02
