2.042245000000000171e-02
2.587193000000000132e-02
2.444808999999999871e-02
2.999131000000000019e-02
3.574013000000000190e-02
4.085645000000000249e-02
5.015482999999999747e-02
4.300672999999999996e-02
3.429867000000000332e-02
3.059318000000000107e-02
2.082345000000000029e-02
2.124180000000000165e-02
2.780567999999999929e-02
4.230807999999999791e-02
3.736131000000000174e-02
4.083230000000000193e-02
4.527002000000000109e-02
3.876004000000000255e-02
5.676997999999999767e-02
7.303110000000000157e-02
5.455723999999999990e-02
3.115375999999999909e-02
2.565103999999999995e-02
4.454670000000000157e-02
9.862279999999999658e-02
2.024102700000000032e-01
2.534379099999999885e-01
2.607113099999999739e-01
2.414506399999999942e-01
1.654091599999999995e-01
9.690790000000000515e-02
7.411563000000000179e-02
4.772338999999999748e-02
2.197270000000000126e-02
2.442087999999999898e-02
2.910752999999999951e-02
3.965720999999999830e-02
5.934621999999999814e-02
5.323312000000000183e-02
6.095890000000000336e-02
6.998901000000000427e-02
5.491092000000000195e-02
3.987282999999999800e-02
2.582187999999999845e-02
2.276092000000000046e-02
2.304963000000000151e-02
2.836593000000000100e-02
2.727268999999999874e-02
2.233877000000000085e-02
2.620861000000000024e-02
2.500416999999999917e-02
2.393723999999999852e-02
2.749133999999999953e-02
2.682259999999999853e-02
2.106473000000000026e-02
1.931584000000000079e-02
2.026458999999999899e-02
2.130328999999999903e-02
2.471815000000000123e-02
2.434673000000000045e-02
2.184944999999999943e-02
2.514477999999999852e-02
2.493174999999999905e-02
2.060763999999999999e-02
