1.773898999999999962e-02
1.960218999999999850e-02
1.960320999999999939e-02
2.041603999999999988e-02
2.212748000000000145e-02
2.166732999999999854e-02
1.883450999999999875e-02
1.863385999999999862e-02
1.922847000000000098e-02
2.037809000000000148e-02
2.264311000000000101e-02
2.361107000000000136e-02
2.589440000000000144e-02
2.441959999999999964e-02
2.277436000000000044e-02
2.441692000000000168e-02
2.229271999999999851e-02
1.922872000000000123e-02
2.178657999999999983e-02
2.051930000000000073e-02
1.860509000000000121e-02
2.118977999999999834e-02
2.347923000000000024e-02
2.434371999999999925e-02
2.595170999999999936e-02
2.334258000000000166e-02
2.490836000000000092e-02
2.554392000000000121e-02
2.769641000000000117e-02
2.948419000000000040e-02
2.240641000000000160e-02
1.962300000000000155e-02
2.087800000000000072e-02
2.284802000000000013e-02
2.557393000000000166e-02
2.757650999999999852e-02
2.848948000000000105e-02
3.430496999999999713e-02
4.173781000000000019e-02
3.931156000000000234e-02
3.421079999999999954e-02
2.378896999999999956e-02
2.577836999999999837e-02
3.430985000000000285e-02
5.164132999999999918e-02
8.554096999999999396e-02
1.035594999999999988e-01
1.169130099999999978e-01
1.055814699999999967e-01
8.037806000000000117e-02
8.315964000000000689e-02
6.803963999999999845e-02
5.489340000000000191e-02
3.546541000000000277e-02
2.142331999999999917e-02
2.145361000000000143e-02
2.197411000000000156e-02
2.249510999999999872e-02
2.376694999999999849e-02
3.033782000000000145e-02
3.651385000000000047e-02
3.522410000000000124e-02
2.730192000000000035e-02
1.855317000000000077e-02
