2.996261999999999884e-02
4.398122000000000142e-02
4.905872000000000011e-02
5.974084999999999812e-02
4.617047999999999985e-02
3.203624000000000055e-02
3.259149000000000074e-02
2.186387000000000053e-02
3.019944999999999921e-02
2.825495999999999910e-02
2.647740000000000163e-02
2.137050999999999881e-02
3.177114000000000327e-02
4.696571000000000079e-02
6.207564000000000137e-02
4.871630999999999878e-02
5.529710999999999654e-02
4.779461000000000126e-02
3.514037999999999884e-02
2.110882000000000036e-02
5.893680999999999920e-02
1.042657800000000023e-01
1.340055199999999891e-01
1.828614799999999929e-01
2.092087699999999884e-01
2.607870700000000097e-01
2.136410800000000110e-01
1.557933200000000129e-01
7.262920999999999960e-02
6.963842000000000643e-02
3.320196999999999732e-02
2.525780000000000039e-02
2.729368000000000072e-02
3.025339999999999974e-02
5.165846999999999800e-02
5.250116999999999978e-02
7.353930999999999663e-02
1.091055900000000023e-01
6.470080000000000275e-02
5.115030000000000271e-02
3.447382000000000224e-02
2.543836000000000014e-02
2.681510000000000143e-02
2.914165000000000158e-02
3.313380999999999965e-02
2.677782999999999899e-02
2.514109999999999956e-02
3.345274000000000164e-02
3.013686000000000142e-02
2.338288999999999992e-02
2.178746999999999975e-02
1.983568999999999957e-02
2.146964999999999985e-02
2.947137000000000021e-02
3.503064000000000178e-02
2.585461999999999830e-02
2.036970000000000100e-02
2.166705000000000020e-02
2.576200000000000018e-02
2.444694999999999854e-02
2.815782000000000007e-02
3.096735000000000113e-02
2.818477000000000135e-02
1.891328000000000106e-02
