2.605671999999999849e-02
3.665224000000000260e-02
4.276271999999999712e-02
3.867972000000000077e-02
3.292482000000000048e-02
2.243492000000000056e-02
2.125793000000000127e-02
1.959471000000000129e-02
3.196939000000000031e-02
3.364629999999999704e-02
2.945903000000000063e-02
2.891165000000000054e-02
3.842384000000000077e-02
7.210535999999999335e-02
6.953811999999999494e-02
6.697087999999999652e-02
6.080278000000000072e-02
3.564496999999999804e-02
2.380863999999999897e-02
3.367088000000000025e-02
1.003197299999999959e-01
1.954110900000000095e-01
2.244751799999999964e-01
2.193409500000000067e-01
2.374788999999999928e-01
2.171808299999999914e-01
1.492661799999999983e-01
9.045667000000000291e-02
5.171031999999999712e-02
2.936886999999999831e-02
2.985590999999999939e-02
2.697572000000000164e-02
2.824503000000000083e-02
4.177895999999999693e-02
5.070215000000000138e-02
5.811713999999999769e-02
6.998177999999999344e-02
7.375745999999999691e-02
5.447235000000000271e-02
3.566028000000000253e-02
3.039412999999999837e-02
2.470065000000000108e-02
2.273692999999999895e-02
2.346873000000000015e-02
3.026500000000000024e-02
2.509576000000000168e-02
2.227724000000000024e-02
2.258662999999999990e-02
2.199320999999999915e-02
2.099689999999999890e-02
2.440227000000000021e-02
2.326989999999999961e-02
2.084830999999999837e-02
2.235583999999999835e-02
2.118580999999999936e-02
2.035750000000000060e-02
1.938379000000000144e-02
2.650053999999999951e-02
3.361722000000000321e-02
3.059662999999999966e-02
2.392450999999999953e-02
2.119361999999999982e-02
1.964348999999999956e-02
1.728056999999999857e-02
