1.949922000000000114e-02
2.079871000000000150e-02
2.095663999999999860e-02
3.981450000000000267e-02
4.257364999999999761e-02
7.453646999999999356e-02
9.557274000000000325e-02
1.035753900000000033e-01
1.054747300000000026e-01
1.103291799999999989e-01
9.608711999999999809e-02
7.206094000000000388e-02
6.072265000000000301e-02
4.336258999999999947e-02
2.457907000000000147e-02
2.253364000000000061e-02
2.226585000000000023e-02
2.110833000000000154e-02
2.220335999999999838e-02
2.518456999999999987e-02
2.710040999999999839e-02
3.477281000000000122e-02
3.303066999999999809e-02
3.604927000000000131e-02
3.470796000000000298e-02
3.079760000000000136e-02
2.442828000000000013e-02
2.399743999999999836e-02
2.407242999999999883e-02
2.176076999999999873e-02
2.005660000000000082e-02
2.004562999999999831e-02
2.048867999999999870e-02
2.168399999999999841e-02
2.093139999999999931e-02
1.967464999999999839e-02
2.246559000000000056e-02
2.415805999999999856e-02
2.102098000000000161e-02
1.844936999999999966e-02
1.862874000000000127e-02
2.011092000000000088e-02
2.376829000000000094e-02
2.307247000000000117e-02
2.025305000000000161e-02
1.931655999999999998e-02
1.958181999999999978e-02
1.943835000000000007e-02
2.415526999999999952e-02
2.547753000000000170e-02
2.412229000000000109e-02
2.185049999999999840e-02
1.916253000000000054e-02
2.025534000000000015e-02
2.253089000000000133e-02
2.620507999999999865e-02
2.501188999999999843e-02
2.006078999999999848e-02
1.974555999999999881e-02
2.070953999999999851e-02
2.006377999999999981e-02
2.296803999999999860e-02
2.234687999999999952e-02
1.720220999999999903e-02
