1.933175999999999992e-02
2.752554000000000112e-02
3.425389000000000211e-02
2.928182000000000007e-02
2.569553999999999935e-02
2.919926999999999939e-02
3.994646000000000308e-02
3.467545999999999823e-02
3.637221999999999678e-02
2.951085999999999987e-02
2.066805000000000031e-02
2.615922999999999859e-02
3.456449999999999800e-02
4.358537999999999996e-02
6.058227000000000056e-02
9.146091000000000637e-02
9.936902999999999708e-02
9.256651999999999936e-02
6.607860999999999596e-02
5.472565000000000068e-02
3.561625999999999681e-02
2.696302000000000074e-02
1.971178999999999987e-02
1.862110000000000154e-02
2.000653999999999974e-02
2.261818000000000162e-02
2.819301999999999919e-02
2.746055999999999844e-02
3.294053000000000259e-02
4.337309999999999777e-02
4.054371999999999837e-02
3.629948000000000202e-02
2.797420999999999935e-02
2.311252999999999919e-02
2.288484000000000004e-02
2.324959000000000053e-02
2.154477999999999949e-02
2.022047000000000080e-02
1.975152999999999978e-02
2.133306000000000091e-02
2.083580999999999975e-02
1.939288999999999943e-02
1.952252999999999974e-02
1.811590999999999896e-02
1.859424000000000146e-02
1.942993000000000151e-02
2.069634000000000057e-02
1.967210999999999960e-02
1.914586999999999886e-02
2.305739999999999873e-02
2.420444000000000068e-02
2.117691000000000018e-02
2.083762999999999935e-02
1.954780999999999880e-02
1.867985000000000131e-02
1.893045999999999965e-02
1.987407000000000062e-02
2.246748999999999968e-02
2.307381999999999836e-02
2.025673999999999877e-02
1.896019999999999997e-02
1.913830999999999866e-02
1.806767999999999916e-02
1.741917000000000118e-02
