3.576336000000000098e-02
6.204903999999999975e-02
6.934685999999999628e-02
7.310495000000000188e-02
7.054804000000000630e-02
7.457982999999999973e-02
5.707240000000000230e-02
3.944653000000000048e-02
3.057481999999999908e-02
2.798607999999999998e-02
2.371505999999999961e-02
2.197342000000000045e-02
2.228344000000000158e-02
2.420467999999999925e-02
2.418284999999999879e-02
2.679834999999999856e-02
3.802559999999999968e-02
4.120672999999999697e-02
3.115462000000000092e-02
2.887063000000000129e-02
2.385179000000000119e-02
2.217529000000000028e-02
2.216506000000000032e-02
2.058696999999999958e-02
2.250792999999999891e-02
2.044605999999999854e-02
1.892707999999999890e-02
2.045744000000000035e-02
2.005302000000000126e-02
1.964926000000000172e-02
1.938696999999999990e-02
1.934643000000000126e-02
1.869811000000000042e-02
1.875345000000000137e-02
1.813715999999999939e-02
1.831732999999999972e-02
1.866800999999999877e-02
1.958655999999999939e-02
1.951767000000000085e-02
1.869770000000000112e-02
1.810919000000000070e-02
1.855124999999999830e-02
1.925158000000000078e-02
1.911119999999999833e-02
1.928488999999999898e-02
1.814614000000000157e-02
1.831028000000000169e-02
1.814050000000000037e-02
1.830083999999999878e-02
1.807918000000000025e-02
1.842832999999999971e-02
1.824096000000000051e-02
1.811308999999999836e-02
1.835037000000000126e-02
1.837866000000000152e-02
1.816991000000000092e-02
1.797761999999999971e-02
1.824819999999999914e-02
1.813183000000000156e-02
1.783602000000000104e-02
1.789663000000000018e-02
1.785948999999999870e-02
1.725971999999999923e-02
1.576392999999999892e-02
