1.864162999999999931e-02
2.721755000000000008e-02
2.566999999999999837e-02
2.523270000000000027e-02
3.107466999999999868e-02
3.498239000000000209e-02
4.944317000000000156e-02
4.336910000000000071e-02
3.726254999999999845e-02
2.867957000000000145e-02
2.529922000000000074e-02
2.059551000000000090e-02
2.067783000000000121e-02
2.990363000000000049e-02
4.221471000000000251e-02
4.036134000000000249e-02
3.710839999999999972e-02
3.549183000000000199e-02
5.494766999999999707e-02
6.687202000000000424e-02
5.176615999999999856e-02
3.536464000000000274e-02
2.284409999999999913e-02
2.940689999999999971e-02
6.901227999999999529e-02
1.498723299999999981e-01
1.861005099999999968e-01
2.557890700000000073e-01
2.198688799999999888e-01
1.675464799999999976e-01
1.206029700000000038e-01
9.968042000000000569e-02
5.699955000000000299e-02
2.654236000000000095e-02
2.172672999999999965e-02
2.322650999999999882e-02
3.541070000000000328e-02
5.041243000000000113e-02
4.695498000000000033e-02
5.075774000000000258e-02
5.134372000000000241e-02
4.615372999999999698e-02
3.880205999999999933e-02
2.836717000000000058e-02
2.316232000000000013e-02
2.253679999999999919e-02
2.435056999999999847e-02
2.332727999999999885e-02
2.347882999999999915e-02
2.686378000000000030e-02
2.682655999999999930e-02
2.581189999999999873e-02
2.734651999999999916e-02
2.388983000000000079e-02
2.042242999999999836e-02
1.861321999999999977e-02
1.925413000000000124e-02
2.064558000000000018e-02
2.292206000000000105e-02
2.462411000000000114e-02
2.259399999999999950e-02
2.175391000000000130e-02
2.323601999999999959e-02
2.025951999999999961e-02
