1.777400000000000160e-02
1.909218999999999847e-02
1.834072999999999953e-02
1.993450000000000083e-02
2.040818999999999966e-02
1.906035000000000021e-02
1.856926999999999883e-02
1.970927999999999916e-02
2.190365999999999841e-02
2.236043999999999879e-02
2.236227000000000006e-02
2.181527000000000119e-02
1.891195999999999849e-02
1.844998000000000124e-02
2.069837999999999886e-02
2.317187999999999887e-02
2.163510999999999906e-02
1.968473999999999918e-02
1.837275000000000019e-02
1.808337999999999959e-02
2.251623999999999987e-02
2.853587999999999958e-02
2.543428000000000008e-02
1.973621999999999876e-02
1.803470000000000073e-02
2.046034000000000047e-02
2.239827000000000137e-02
2.358947999999999948e-02
2.257641999999999982e-02
1.876672999999999883e-02
1.825979000000000144e-02
1.951183999999999905e-02
2.177441999999999919e-02
2.096680000000000071e-02
1.986245000000000024e-02
1.948719000000000146e-02
2.256491000000000052e-02
2.436558000000000127e-02
2.257970999999999936e-02
1.917127000000000067e-02
1.783221000000000112e-02
1.842183999999999836e-02
2.096506999999999885e-02
2.238851000000000036e-02
2.467176000000000091e-02
2.385237000000000121e-02
2.517507999999999899e-02
2.485363000000000155e-02
2.574438999999999894e-02
2.743726999999999971e-02
2.518072999999999839e-02
2.370513999999999954e-02
2.000009999999999982e-02
2.400445000000000009e-02
3.139523000000000313e-02
4.023202000000000028e-02
4.835641999999999718e-02
5.917530000000000012e-02
6.560024999999999884e-02
6.464978000000000391e-02
6.894445000000000434e-02
6.220625999999999933e-02
4.410159999999999775e-02
1.664426999999999920e-02
