3.116584000000000021e-02
3.182081999999999966e-02
2.387241000000000016e-02
2.253275999999999890e-02
2.435278999999999916e-02
2.645315999999999987e-02
2.458847000000000116e-02
2.735744000000000023e-02
2.795831999999999831e-02
2.224560000000000079e-02
2.403185999999999864e-02
2.920056999999999861e-02
4.773973000000000105e-02
4.033745999999999859e-02
2.984842000000000051e-02
2.221974999999999992e-02
2.074913000000000105e-02
2.306263000000000063e-02
3.404846000000000261e-02
2.635693999999999884e-02
2.184716999999999909e-02
2.506761999999999879e-02
2.746236999999999984e-02
4.029869999999999980e-02
4.175870999999999750e-02
3.178676999999999891e-02
3.494479999999999809e-02
3.777799999999999908e-02
5.788523000000000279e-02
7.504590999999999346e-02
3.517416999999999766e-02
1.997043999999999903e-02
2.292763999999999913e-02
3.511235000000000051e-02
5.122228999999999671e-02
4.983659000000000006e-02
4.686558999999999864e-02
4.748778000000000027e-02
6.010263999999999884e-02
8.318975000000000675e-02
8.976581999999999617e-02
5.934796999999999989e-02
3.889992999999999923e-02
4.224402000000000018e-02
9.174962999999999869e-02
2.069813899999999873e-01
2.731472600000000028e-01
3.225475500000000162e-01
2.921392600000000117e-01
2.615220799999999901e-01
2.592697099999999866e-01
2.253321600000000036e-01
1.513904799999999939e-01
8.903131000000000239e-02
4.346752000000000254e-02
2.921241999999999936e-02
2.690659000000000106e-02
2.825501999999999875e-02
3.322088000000000124e-02
4.065702000000000205e-02
4.794699000000000183e-02
4.974528000000000283e-02
4.019028000000000184e-02
2.284450000000000022e-02
