1.904480999999999882e-02
2.016495000000000093e-02
2.111862999999999935e-02
2.347708000000000086e-02
2.522674999999999917e-02
3.021172999999999914e-02
3.024614000000000122e-02
3.161313000000000317e-02
2.644437999999999997e-02
2.010949000000000070e-02
1.847779000000000088e-02
1.995473999999999859e-02
2.334846999999999964e-02
3.395709999999999701e-02
3.752409999999999773e-02
3.693736999999999715e-02
3.283301999999999748e-02
3.865430999999999728e-02
4.498074999999999990e-02
6.302203000000000666e-02
4.180351999999999679e-02
2.545027000000000053e-02
3.158694000000000085e-02
6.034141999999999978e-02
1.146973399999999949e-01
1.700080200000000097e-01
2.001772099999999943e-01
2.317635700000000021e-01
1.931676400000000016e-01
1.492748100000000078e-01
9.588541999999999899e-02
6.228551999999999700e-02
3.617588000000000054e-02
2.046800000000000008e-02
2.208761000000000058e-02
2.589599000000000067e-02
3.092063000000000103e-02
3.932363999999999998e-02
3.586005999999999916e-02
3.603449000000000235e-02
3.638699000000000100e-02
3.638931000000000110e-02
2.817147000000000054e-02
2.194462000000000149e-02
1.926809999999999981e-02
2.028947000000000042e-02
2.307876999999999845e-02
2.240570000000000062e-02
2.226345999999999881e-02
2.469121000000000163e-02
2.428135000000000016e-02
2.342390999999999918e-02
2.586948000000000025e-02
2.433482999999999827e-02
1.989714999999999887e-02
1.865904999999999994e-02
1.917514999999999845e-02
2.067205000000000084e-02
2.120040000000000119e-02
2.119025000000000075e-02
2.125590999999999939e-02
2.085274000000000155e-02
1.907442000000000165e-02
1.721407000000000145e-02
