1.775975000000000123e-02
1.997699000000000003e-02
2.004697999999999897e-02
1.937942000000000137e-02
1.900469000000000117e-02
1.809803000000000106e-02
1.778973000000000013e-02
1.887679999999999914e-02
2.143306000000000031e-02
2.447117000000000042e-02
2.625861000000000167e-02
2.783974000000000171e-02
3.084001999999999924e-02
2.804043000000000160e-02
2.548633999999999969e-02
2.487829000000000082e-02
2.216894000000000156e-02
1.953716000000000133e-02
1.764929000000000150e-02
1.760801000000000033e-02
1.760391999999999860e-02
1.777760999999999925e-02
1.810300000000000104e-02
1.892094000000000067e-02
1.989151999999999934e-02
1.960517999999999983e-02
1.915922999999999932e-02
1.875430999999999973e-02
1.840193000000000037e-02
1.791304000000000160e-02
1.811315000000000147e-02
1.819818999999999951e-02
1.875726999999999950e-02
1.892591000000000065e-02
1.847607999999999889e-02
1.862735999999999906e-02
1.793855000000000102e-02
1.801737999999999951e-02
1.817579000000000070e-02
1.751973999999999893e-02
1.747954999999999995e-02
1.751203000000000135e-02
1.760064000000000073e-02
1.775393000000000110e-02
1.781780000000000169e-02
1.801066000000000125e-02
1.820176999999999906e-02
1.837942999999999868e-02
1.759153999999999926e-02
1.769141000000000116e-02
1.798784999999999967e-02
1.797288999999999831e-02
1.836901999999999979e-02
1.832877999999999938e-02
1.819611999999999966e-02
1.813294999999999838e-02
1.767058000000000170e-02
1.784584999999999991e-02
1.800117000000000037e-02
1.811209999999999903e-02
1.816477000000000022e-02
1.821174000000000057e-02
1.652222999999999886e-02
1.582269999999999857e-02
