1.834660999999999931e-02
2.080825999999999856e-02
2.321606999999999837e-02
2.770695999999999923e-02
3.080520000000000133e-02
3.473655999999999966e-02
3.016210000000000072e-02
2.726446999999999898e-02
2.057789000000000146e-02
2.285838000000000106e-02
2.421159000000000158e-02
2.631758000000000014e-02
2.308835000000000054e-02
2.191144999999999898e-02
1.928440999999999836e-02
2.462057999999999955e-02
2.859835000000000155e-02
3.265065999999999802e-02
2.801812000000000052e-02
2.598258999999999985e-02
2.486808999999999895e-02
2.587828000000000003e-02
3.406065999999999955e-02
2.901311000000000168e-02
2.761761000000000077e-02
2.329116999999999993e-02
3.043869999999999909e-02
3.506269000000000052e-02
2.818934000000000023e-02
2.146377999999999828e-02
2.571253999999999901e-02
3.027550999999999853e-02
3.760234999999999966e-02
4.129142000000000229e-02
4.198443999999999787e-02
3.164423999999999709e-02
2.874113000000000015e-02
4.247531000000000223e-02
4.654483000000000231e-02
3.599437999999999943e-02
2.931125999999999870e-02
3.341382999999999853e-02
5.674640000000000239e-02
8.236118000000000605e-02
7.408559000000000672e-02
4.547359000000000123e-02
3.641210000000000280e-02
3.620705999999999924e-02
6.276112000000000357e-02
1.693705799999999928e-01
2.033852899999999964e-01
2.428573699999999891e-01
2.724445200000000233e-01
3.189178699999999922e-01
2.673734700000000020e-01
2.299179100000000031e-01
1.699111199999999988e-01
1.394269499999999939e-01
1.016459499999999988e-01
6.004284000000000010e-02
3.893134000000000178e-02
2.902157000000000001e-02
2.254547999999999969e-02
2.238013999999999976e-02
