1.893709000000000017e-02
2.102731000000000045e-02
1.752905000000000088e-02
1.916104999999999892e-02
1.989312999999999845e-02
2.341359999999999969e-02
3.345944000000000002e-02
4.163635999999999726e-02
4.523996999999999741e-02
5.164243000000000305e-02
4.815872000000000208e-02
4.607258000000000187e-02
4.171463000000000254e-02
3.338627999999999735e-02
2.357835999999999960e-02
2.178828000000000015e-02
1.986426999999999984e-02
1.789922999999999861e-02
1.825283000000000114e-02
1.900560999999999917e-02
1.964576999999999990e-02
2.092596999999999860e-02
2.235086999999999838e-02
2.341355999999999993e-02
2.658160000000000037e-02
2.474828000000000097e-02
2.053984999999999839e-02
1.874877000000000141e-02
1.896373999999999976e-02
1.842403000000000096e-02
1.875345999999999957e-02
1.894880999999999996e-02
1.860304999999999945e-02
1.900330999999999895e-02
1.924317999999999862e-02
1.882071000000000091e-02
1.854128999999999847e-02
1.926477000000000050e-02
1.944415999999999853e-02
1.821597999999999967e-02
1.785801000000000055e-02
1.843339999999999909e-02
1.913445999999999897e-02
1.960212999999999886e-02
1.917438999999999949e-02
1.874630000000000046e-02
1.826503000000000154e-02
1.755282000000000023e-02
1.841570999999999833e-02
1.940717000000000136e-02
2.029074000000000155e-02
1.922182999999999878e-02
1.805253000000000066e-02
1.776911999999999936e-02
1.866400000000000003e-02
1.954093000000000149e-02
1.908092999999999942e-02
1.807902000000000120e-02
1.915723000000000079e-02
1.816413000000000055e-02
1.773734999999999895e-02
1.881077000000000096e-02
1.844611999999999988e-02
1.596656999999999937e-02
