6.978412999999999977e-02
9.841900000000000648e-02
9.223186999999999358e-02
7.236067999999999667e-02
5.116845999999999894e-02
4.457135000000000263e-02
3.401309000000000277e-02
2.272787999999999892e-02
2.056710999999999956e-02
2.267651999999999862e-02
2.412769999999999845e-02
2.407352999999999923e-02
3.318938999999999917e-02
5.272260000000000141e-02
5.089932999999999957e-02
4.015297999999999784e-02
3.536933999999999911e-02
2.948220999999999828e-02
2.519835000000000130e-02
2.350303000000000114e-02
2.179878999999999845e-02
2.126569000000000029e-02
1.918546999999999961e-02
1.833858999999999836e-02
1.963300999999999935e-02
2.100101999999999872e-02
2.050920000000000173e-02
2.073451999999999934e-02
1.975847999999999841e-02
1.986328000000000052e-02
2.022173000000000026e-02
1.943504999999999885e-02
1.922797999999999868e-02
1.949980999999999937e-02
2.137052999999999869e-02
2.118687000000000001e-02
2.085932999999999884e-02
1.987531000000000020e-02
1.968817999999999957e-02
2.152188000000000018e-02
2.135569000000000009e-02
2.342092999999999953e-02
2.328962000000000046e-02
2.192826000000000150e-02
2.203986000000000139e-02
2.248373000000000038e-02
2.482760999999999996e-02
2.289004000000000039e-02
2.166790000000000035e-02
1.925307000000000060e-02
1.886291000000000009e-02
1.973642000000000105e-02
2.273406000000000038e-02
2.377152000000000084e-02
2.119986999999999913e-02
2.034802999999999959e-02
2.038664000000000101e-02
2.167749999999999885e-02
2.182341999999999962e-02
2.250018000000000157e-02
2.199343000000000131e-02
2.072492000000000084e-02
1.977980000000000016e-02
1.805653000000000119e-02
