2.459073000000000161e-02
3.249512999999999707e-02
3.705204000000000136e-02
5.877070999999999684e-02
5.616289000000000003e-02
3.890430999999999750e-02
3.385015999999999720e-02
2.590164000000000008e-02
2.526625000000000051e-02
2.216513000000000164e-02
2.415041999999999883e-02
2.696834999999999857e-02
2.761063999999999879e-02
3.987566000000000027e-02
5.579941000000000068e-02
5.013862999999999653e-02
5.361806000000000211e-02
5.584734000000000226e-02
4.074879000000000001e-02
3.597327000000000163e-02
2.919791999999999874e-02
4.691167000000000253e-02
7.945915000000000616e-02
1.188093600000000027e-01
1.542352899999999971e-01
2.111967399999999939e-01
1.903533500000000045e-01
1.737827200000000016e-01
1.210359399999999946e-01
6.749631000000000380e-02
4.486206999999999695e-02
2.989208999999999963e-02
2.878763000000000155e-02
2.678646000000000152e-02
3.465063000000000171e-02
3.858960000000000168e-02
5.550775000000000153e-02
7.696725999999999568e-02
6.569692000000000587e-02
5.158283000000000312e-02
4.342286000000000062e-02
3.074655000000000096e-02
2.485503999999999838e-02
2.601449999999999943e-02
2.811452999999999869e-02
2.604603999999999947e-02
2.546802999999999914e-02
3.026935000000000042e-02
2.725108999999999865e-02
2.574542999999999970e-02
2.124585999999999836e-02
1.929205999999999976e-02
2.072881000000000029e-02
2.455492999999999912e-02
3.147367999999999694e-02
2.559142000000000014e-02
2.092547999999999978e-02
1.968933000000000141e-02
1.981404000000000151e-02
2.156442000000000081e-02
2.401533000000000140e-02
3.433154000000000067e-02
2.865312000000000067e-02
1.885387999999999994e-02
