1.678748999999999866e-02
1.880187999999999998e-02
2.056699000000000027e-02
1.993757000000000168e-02
2.006913000000000100e-02
1.923551999999999901e-02
1.874349999999999974e-02
1.871605999999999964e-02
2.009309999999999916e-02
2.122386999999999885e-02
2.171203000000000022e-02
2.088556999999999914e-02
2.078858999999999915e-02
2.040118999999999960e-02
1.872019000000000113e-02
1.992245999999999947e-02
2.125809999999999853e-02
2.009363000000000121e-02
1.900036999999999907e-02
2.067044999999999993e-02
2.170630000000000129e-02
2.318235000000000087e-02
2.274228000000000013e-02
1.988366999999999912e-02
1.943022000000000152e-02
1.961078999999999947e-02
2.046517999999999948e-02
2.395753000000000119e-02
2.939363000000000045e-02
3.437827000000000244e-02
3.625754999999999950e-02
3.783476000000000200e-02
3.495557999999999998e-02
2.954392000000000129e-02
2.364805999999999853e-02
2.028504000000000071e-02
1.919300999999999993e-02
1.902774000000000132e-02
1.920898000000000050e-02
1.893359999999999835e-02
1.880418999999999841e-02
2.025338000000000138e-02
2.117876999999999954e-02
2.075456999999999996e-02
2.213497000000000034e-02
1.917061000000000112e-02
1.884183000000000038e-02
1.928169000000000063e-02
1.813520999999999883e-02
1.784847999999999990e-02
1.860275999999999944e-02
1.790556999999999913e-02
1.790268999999999888e-02
1.835666999999999854e-02
1.869140000000000038e-02
1.799301000000000025e-02
1.831866000000000050e-02
1.773264999999999911e-02
1.817739000000000160e-02
1.828112999999999960e-02
1.796381000000000019e-02
1.801826999999999943e-02
1.726319999999999938e-02
1.559658000000000051e-02
