2.042768999999999835e-02
2.137640999999999847e-02
2.322348000000000121e-02
3.609218000000000148e-02
4.770581000000000127e-02
7.371904999999999430e-02
9.433326999999999685e-02
1.125295600000000007e-01
1.238783299999999948e-01
1.386592700000000011e-01
1.316130500000000092e-01
1.000751299999999983e-01
8.380930000000000324e-02
5.777428999999999898e-02
2.740785000000000096e-02
2.405737999999999974e-02
2.158521999999999871e-02
2.080662999999999957e-02
2.312741999999999923e-02
2.452816000000000024e-02
2.930187000000000069e-02
4.723984999999999990e-02
4.265643999999999686e-02
4.401543000000000122e-02
4.998502999999999974e-02
4.149396000000000334e-02
3.153914000000000023e-02
2.443930999999999881e-02
2.622607999999999884e-02
2.535139000000000142e-02
2.681350999999999873e-02
2.538320999999999980e-02
2.295372000000000037e-02
2.560039999999999885e-02
2.289209999999999856e-02
2.148734000000000061e-02
2.572893000000000055e-02
2.800298000000000023e-02
2.346989999999999840e-02
1.988857000000000125e-02
1.910645999999999872e-02
2.483329999999999912e-02
2.808445000000000039e-02
2.657860999999999904e-02
2.283740999999999896e-02
1.975794000000000161e-02
1.980124999999999941e-02
2.059810999999999934e-02
2.365874000000000102e-02
2.845496000000000136e-02
2.665682000000000121e-02
2.289810000000000109e-02
1.890789999999999832e-02
1.989184999999999912e-02
2.402773999999999882e-02
2.635741999999999946e-02
2.400448999999999986e-02
1.916063000000000141e-02
2.052883000000000138e-02
1.942195000000000032e-02
1.836420999999999887e-02
2.473821000000000006e-02
2.158146999999999843e-02
1.739005000000000065e-02
