1.617035000000000000e-02
1.750803000000000081e-02
1.968227999999999991e-02
2.678612999999999827e-02
3.427779000000000242e-02
4.195874000000000131e-02
4.621009000000000227e-02
4.746109999999999912e-02
4.736756000000000300e-02
4.756697000000000009e-02
4.289488000000000328e-02
3.318410000000000110e-02
2.631667000000000034e-02
2.275651999999999883e-02
1.977374000000000145e-02
1.955635000000000012e-02
1.905950000000000005e-02
1.849411000000000110e-02
1.908388999999999919e-02
2.089028000000000065e-02
2.297307000000000168e-02
2.344270999999999855e-02
2.236433999999999991e-02
2.152255000000000140e-02
2.120417999999999956e-02
2.077060000000000017e-02
1.961538999999999991e-02
1.943521000000000137e-02
1.941060999999999828e-02
1.866736000000000090e-02
1.845462999999999965e-02
1.846178000000000055e-02
1.842656000000000155e-02
1.832212999999999897e-02
1.796764000000000000e-02
1.822669999999999846e-02
1.856995999999999994e-02
1.930319000000000132e-02
1.855590000000000017e-02
1.750387000000000123e-02
1.768012000000000056e-02
1.806844000000000158e-02
1.911623000000000142e-02
1.892908000000000091e-02
1.765803000000000164e-02
1.756720999999999977e-02
1.825571999999999959e-02
1.803924999999999973e-02
1.882230999999999835e-02
1.906580000000000080e-02
1.858467999999999926e-02
1.757718999999999948e-02
1.770286999999999902e-02
1.887635999999999828e-02
1.950609999999999844e-02
1.911966999999999833e-02
1.904232000000000147e-02
1.794456999999999997e-02
1.724998000000000156e-02
1.796408000000000033e-02
1.781376000000000140e-02
1.864108000000000084e-02
1.796085999999999863e-02
1.582375999999999922e-02
