2.921978999999999896e-02
4.687315999999999705e-02
4.794264000000000164e-02
9.427204999999999613e-02
1.160361800000000027e-01
1.166840799999999956e-01
1.380801500000000126e-01
1.064745400000000064e-01
8.036429000000000489e-02
6.627610999999999919e-02
6.810563999999999507e-02
4.071865000000000206e-02
3.062557000000000126e-02
2.311739999999999975e-02
2.506724999999999925e-02
2.559563000000000116e-02
2.990401000000000170e-02
3.368352000000000152e-02
3.239345999999999892e-02
3.179760000000000225e-02
4.306490000000000318e-02
4.261083999999999705e-02
3.067879000000000092e-02
2.200078999999999924e-02
2.128827999999999970e-02
2.180696000000000023e-02
2.192937999999999832e-02
2.225685999999999984e-02
2.285770000000000163e-02
2.162249000000000115e-02
1.954335999999999920e-02
1.951320999999999958e-02
1.877434000000000047e-02
1.779247999999999941e-02
1.876372999999999930e-02
2.031412000000000148e-02
2.062200999999999965e-02
1.994479999999999864e-02
2.115012999999999962e-02
1.825743000000000157e-02
2.180535999999999933e-02
2.286026999999999851e-02
2.043033000000000002e-02
1.996186999999999961e-02
2.326817000000000121e-02
2.352415000000000062e-02
2.361212999999999854e-02
2.113065999999999903e-02
2.064194000000000098e-02
1.925369000000000039e-02
1.837783000000000125e-02
2.025615000000000054e-02
2.274282000000000040e-02
2.411719999999999836e-02
2.258007000000000070e-02
2.079243000000000063e-02
2.129901999999999837e-02
2.473561999999999983e-02
2.227807999999999872e-02
2.228186000000000055e-02
2.038231999999999891e-02
2.006457000000000032e-02
1.937381000000000172e-02
1.734685000000000046e-02
