2.121813999999999992e-02
2.318096999999999866e-02
2.674798000000000106e-02
3.102904999999999899e-02
3.690345999999999904e-02
3.306168999999999775e-02
2.945682999999999982e-02
2.234476000000000170e-02
2.241761000000000101e-02
3.049802000000000068e-02
3.409344000000000263e-02
2.857397000000000062e-02
2.367495000000000016e-02
2.298851999999999840e-02
2.331182999999999866e-02
2.934287999999999827e-02
4.063945000000000057e-02
3.871524999999999966e-02
2.837107000000000170e-02
2.330364000000000047e-02
2.717477000000000087e-02
3.410766999999999965e-02
3.796846000000000249e-02
2.945824000000000012e-02
2.477630000000000110e-02
2.534343000000000012e-02
3.686481999999999953e-02
4.844620000000000176e-02
3.660671000000000064e-02
2.772888999999999909e-02
3.251594000000000012e-02
3.917500000000000149e-02
4.486314999999999747e-02
4.879868999999999873e-02
4.230964999999999726e-02
3.170164999999999789e-02
3.549300999999999845e-02
4.748273000000000077e-02
4.771877000000000063e-02
3.413382999999999695e-02
3.328450000000000158e-02
4.996745999999999827e-02
6.954443000000000430e-02
9.316468999999999445e-02
7.935156999999999627e-02
4.034857000000000027e-02
3.360967000000000121e-02
4.375053999999999749e-02
1.013128499999999960e-01
1.860972499999999918e-01
2.332224499999999978e-01
2.741571400000000214e-01
2.982524300000000128e-01
3.189817400000000136e-01
2.946108299999999902e-01
2.093580999999999914e-01
1.276411399999999863e-01
1.033790299999999968e-01
6.831228000000000300e-02
4.086502999999999663e-02
3.000736000000000028e-02
2.611453999999999859e-02
2.456407000000000035e-02
2.266545000000000018e-02
