3.670878000000000335e-02
4.750632999999999939e-02
4.229978000000000210e-02
3.578968999999999900e-02
3.195964999999999917e-02
2.813554999999999875e-02
2.241405999999999954e-02
1.887493000000000157e-02
1.784304000000000098e-02
1.850158000000000011e-02
1.889338000000000128e-02
1.889271000000000006e-02
2.010115999999999986e-02
2.131919999999999996e-02
2.240554999999999977e-02
2.130274999999999877e-02
2.157436000000000076e-02
2.209148999999999835e-02
2.070243999999999904e-02
1.973168999999999965e-02
1.925583000000000156e-02
1.896571000000000021e-02
1.823216000000000073e-02
1.808548999999999921e-02
1.824912999999999882e-02
1.861271000000000106e-02
1.867310000000000150e-02
1.860347000000000042e-02
1.818770000000000109e-02
1.788056999999999841e-02
1.849802999999999864e-02
1.908622000000000096e-02
1.860880999999999993e-02
1.828574999999999992e-02
1.806059999999999957e-02
1.793766999999999931e-02
1.866900000000000157e-02
1.859283000000000116e-02
1.886780999999999875e-02
1.810522999999999993e-02
1.798409999999999939e-02
2.032783000000000159e-02
1.971575999999999884e-02
1.950995000000000160e-02
1.973946000000000034e-02
1.843229999999999869e-02
1.942800999999999903e-02
2.038656000000000149e-02
1.867510000000000003e-02
1.850550999999999932e-02
1.824283000000000154e-02
1.847910999999999998e-02
1.901498000000000077e-02
1.919598000000000138e-02
1.894782999999999884e-02
1.862669999999999951e-02
1.869244999999999934e-02
1.920975999999999934e-02
1.875272000000000050e-02
1.871389000000000039e-02
1.846021000000000120e-02
1.901865000000000153e-02
1.750983999999999874e-02
1.634178999999999840e-02
