2.405266000000000001e-02
3.196191000000000310e-02
2.980905000000000013e-02
2.567372000000000057e-02
2.020937999999999901e-02
2.154328000000000146e-02
2.455438000000000065e-02
2.266529999999999934e-02
2.382621999999999865e-02
2.589228999999999836e-02
2.418468000000000007e-02
2.090289000000000036e-02
1.946611999999999995e-02
2.450665000000000135e-02
2.758891000000000121e-02
3.093604000000000145e-02
2.559468999999999980e-02
2.135311999999999974e-02
1.987701000000000051e-02
2.431194000000000063e-02
2.332191999999999946e-02
2.414078000000000057e-02
2.271248000000000017e-02
2.963572999999999902e-02
2.912527000000000171e-02
3.976297000000000165e-02
4.025487999999999983e-02
2.642956000000000125e-02
2.336252000000000120e-02
2.096506000000000064e-02
2.235817999999999833e-02
2.967755999999999866e-02
3.731796999999999892e-02
4.786900000000000183e-02
6.075975000000000126e-02
6.282379000000000435e-02
6.203428999999999888e-02
5.026238999999999707e-02
2.966341000000000117e-02
2.068657000000000135e-02
2.987445000000000031e-02
5.443836999999999982e-02
1.029194300000000062e-01
1.255932300000000001e-01
1.246856900000000018e-01
1.255739600000000122e-01
1.206197999999999992e-01
1.007009999999999988e-01
6.669228000000000656e-02
3.346781000000000061e-02
2.979692999999999925e-02
2.434586999999999862e-02
2.258862000000000023e-02
2.367446999999999954e-02
3.862718999999999875e-02
3.045640000000000153e-02
4.441695999999999839e-02
3.825152999999999887e-02
4.458796999999999761e-02
5.104859999999999953e-02
5.067551000000000000e-02
3.533200999999999703e-02
3.561047999999999991e-02
1.830118999999999843e-02
