1.737895000000000065e-02
2.125513000000000055e-02
2.408626000000000170e-02
2.876149000000000067e-02
3.428384000000000292e-02
2.846194999999999975e-02
3.589318999999999843e-02
3.490544999999999759e-02
3.211333000000000243e-02
4.026271000000000017e-02
3.905163999999999858e-02
2.400330000000000172e-02
2.067284999999999956e-02
2.639584999999999848e-02
4.133305999999999786e-02
5.815088000000000201e-02
6.963076999999999461e-02
6.775261000000000478e-02
7.950641999999999432e-02
7.110014000000000611e-02
5.813494999999999774e-02
4.366897000000000140e-02
3.024670999999999957e-02
2.120918999999999929e-02
1.888731999999999911e-02
2.181987000000000163e-02
2.205118999999999829e-02
2.188504000000000144e-02
2.862369999999999845e-02
3.991370000000000334e-02
3.972578999999999694e-02
4.014675999999999662e-02
3.694530000000000036e-02
3.038081999999999935e-02
2.672928999999999930e-02
2.310784000000000102e-02
2.110186999999999827e-02
2.104278000000000051e-02
2.130432999999999980e-02
2.154338999999999907e-02
2.085361999999999980e-02
2.088490999999999959e-02
1.973464000000000121e-02
1.871543999999999985e-02
1.930321999999999941e-02
1.940392000000000158e-02
2.065671999999999994e-02
1.968543000000000029e-02
1.913323999999999928e-02
2.125024000000000010e-02
2.274005000000000123e-02
2.191492999999999913e-02
2.241475000000000065e-02
2.197112999999999844e-02
1.967835000000000070e-02
1.909852000000000077e-02
1.928724000000000063e-02
2.129191000000000070e-02
2.052098999999999937e-02
1.928370999999999905e-02
2.133080999999999866e-02
2.144037000000000026e-02
1.998988999999999974e-02
1.758801999999999935e-02
