2.142350999999999978e-02
2.632458999999999841e-02
2.918319999999999942e-02
3.779840000000000283e-02
2.868971999999999842e-02
2.709100999999999870e-02
2.381352000000000121e-02
2.100172999999999970e-02
1.955451999999999885e-02
1.918809000000000139e-02
2.050704999999999889e-02
1.995873000000000091e-02
2.319126000000000173e-02
2.563264999999999988e-02
2.949409999999999879e-02
3.491691000000000239e-02
3.543204999999999966e-02
3.017827999999999830e-02
3.208079999999999959e-02
2.572744999999999893e-02
2.253896999999999845e-02
2.698650999999999828e-02
3.900114999999999832e-02
4.727342999999999823e-02
6.421913999999999401e-02
7.052105999999999653e-02
7.468505000000000282e-02
7.728405000000000691e-02
6.687917000000000167e-02
4.497589999999999921e-02
2.917789000000000146e-02
2.417783000000000085e-02
2.350290000000000018e-02
2.167012999999999925e-02
2.191888999999999990e-02
2.228677000000000089e-02
3.024363999999999872e-02
4.099167000000000088e-02
3.945155999999999663e-02
3.596492999999999912e-02
3.202264999999999973e-02
2.666980000000000045e-02
2.279265999999999931e-02
2.288816000000000114e-02
2.457693000000000030e-02
2.335614999999999913e-02
2.339638999999999955e-02
2.470044999999999880e-02
2.526300999999999894e-02
2.395981999999999973e-02
2.007134000000000001e-02
2.029531999999999864e-02
2.153460000000000096e-02
2.440403999999999837e-02
2.565985000000000141e-02
2.293583000000000080e-02
2.072844000000000075e-02
2.025512999999999966e-02
2.024244999999999864e-02
1.975288000000000044e-02
2.018879999999999980e-02
2.718069000000000041e-02
2.614214000000000121e-02
1.790769000000000041e-02
