2.142838999999999855e-02
2.334117000000000136e-02
2.225672999999999888e-02
2.351200999999999985e-02
3.548696999999999963e-02
3.324860999999999789e-02
4.344020999999999993e-02
3.965434999999999793e-02
3.557964000000000265e-02
2.186122000000000065e-02
2.319836000000000120e-02
2.093895999999999952e-02
2.164332999999999882e-02
2.911655999999999966e-02
4.239555999999999880e-02
3.677963000000000066e-02
3.372718000000000244e-02
3.446947000000000205e-02
4.657736999999999988e-02
5.600680000000000242e-02
4.103510999999999964e-02
2.440049000000000037e-02
2.905430000000000165e-02
4.118501000000000106e-02
8.654713999999999463e-02
1.416273000000000115e-01
1.924019299999999988e-01
1.937052800000000075e-01
1.777533400000000097e-01
1.172856800000000033e-01
8.688210000000000377e-02
6.881806000000000034e-02
4.703799000000000174e-02
2.487794000000000116e-02
2.230570999999999943e-02
2.313772000000000051e-02
2.787359000000000017e-02
4.353135999999999811e-02
4.448855000000000171e-02
4.695226999999999734e-02
4.938094999999999984e-02
4.310354999999999742e-02
3.079540999999999876e-02
2.202992999999999965e-02
2.071094000000000060e-02
2.315659000000000120e-02
2.457536999999999916e-02
2.264222999999999930e-02
2.165523999999999921e-02
2.564253000000000018e-02
2.428779999999999828e-02
2.295289000000000010e-02
2.591631999999999963e-02
2.288193000000000171e-02
2.017209999999999837e-02
1.926256000000000149e-02
1.884332999999999841e-02
2.092292999999999931e-02
2.264006000000000005e-02
2.244252000000000052e-02
2.023352000000000137e-02
2.195396000000000153e-02
2.249328999999999912e-02
1.958970999999999976e-02
