1.936024999999999899e-02
2.374346999999999916e-02
2.430130000000000137e-02
3.124042999999999959e-02
3.494503999999999666e-02
4.088303000000000076e-02
3.420664000000000343e-02
2.719372999999999929e-02
2.346743000000000093e-02
2.471800999999999859e-02
3.280497999999999748e-02
2.755710999999999924e-02
2.717891999999999877e-02
2.502027999999999891e-02
2.186806999999999987e-02
2.745923000000000114e-02
3.333525999999999850e-02
3.837212999999999735e-02
3.166055000000000258e-02
2.809580000000000063e-02
2.623759999999999981e-02
2.754476999999999967e-02
3.728431000000000106e-02
3.302930999999999923e-02
2.877905999999999867e-02
2.750435000000000033e-02
3.003663000000000166e-02
4.326855999999999758e-02
3.298382999999999871e-02
2.537402999999999881e-02
2.800843000000000083e-02
3.236441000000000318e-02
3.950640999999999875e-02
4.461529000000000189e-02
4.703241999999999839e-02
3.128514000000000295e-02
2.892076000000000022e-02
4.448168000000000261e-02
5.095136000000000109e-02
3.612234000000000278e-02
2.976536999999999933e-02
3.934851999999999794e-02
6.263117999999999463e-02
8.529965000000000463e-02
7.403382999999999492e-02
5.077181000000000055e-02
3.997065000000000340e-02
3.484084999999999960e-02
5.746935000000000238e-02
1.261299300000000012e-01
1.604711699999999963e-01
1.957688200000000101e-01
2.466861499999999929e-01
3.135647200000000190e-01
2.803698199999999918e-01
2.119603800000000038e-01
1.767979699999999987e-01
1.515206799999999909e-01
1.003762900000000069e-01
6.575833000000000372e-02
3.919083000000000289e-02
2.649607000000000004e-02
2.313052000000000163e-02
2.306215000000000001e-02
