1.701112000000000110e-02
1.851627000000000134e-02
1.812075999999999965e-02
1.800908999999999843e-02
1.872379999999999878e-02
1.819176999999999947e-02
1.891454000000000052e-02
1.804961000000000065e-02
1.809552999999999856e-02
1.869378000000000012e-02
1.854824000000000056e-02
1.843693000000000068e-02
1.870671999999999960e-02
1.896416999999999894e-02
1.913923999999999834e-02
1.872189999999999965e-02
1.892773000000000025e-02
1.870304999999999884e-02
1.861828999999999915e-02
1.910417999999999839e-02
1.978504999999999847e-02
2.091882000000000116e-02
2.276034999999999864e-02
2.013391999999999959e-02
2.033917000000000017e-02
2.029235999999999887e-02
1.919941000000000009e-02
2.260942000000000160e-02
2.580491000000000035e-02
3.115350000000000064e-02
3.707624000000000336e-02
3.791403000000000134e-02
3.633758000000000127e-02
3.252933000000000213e-02
2.628894999999999843e-02
2.381447000000000078e-02
2.001460000000000045e-02
1.848904999999999993e-02
1.898783999999999889e-02
1.886308000000000082e-02
1.872764999999999846e-02
1.991874000000000075e-02
2.020318999999999934e-02
1.969223999999999974e-02
1.975369000000000083e-02
1.909164000000000000e-02
1.870122999999999924e-02
1.869772000000000101e-02
1.818486000000000061e-02
1.778189999999999979e-02
1.831065000000000123e-02
1.833774999999999988e-02
1.804365000000000135e-02
1.821448999999999985e-02
1.798703999999999928e-02
1.844621999999999928e-02
1.812785000000000091e-02
1.831976999999999911e-02
1.819975000000000065e-02
1.810225999999999849e-02
1.829379000000000074e-02
1.824749999999999983e-02
1.687423999999999868e-02
1.586575999999999959e-02
