2.039033999999999985e-02
3.423365999999999909e-02
4.363852000000000009e-02
3.972335999999999923e-02
3.870586000000000165e-02
5.355680000000000163e-02
3.397184999999999788e-02
2.292864000000000013e-02
2.704314000000000023e-02
3.026660999999999935e-02
3.675555999999999962e-02
8.506903000000000381e-02
1.262690999999999952e-01
1.483925299999999947e-01
1.365292499999999909e-01
1.469706100000000015e-01
1.089934000000000042e-01
8.099188999999999694e-02
5.074307000000000123e-02
2.539390000000000050e-02
2.433383000000000074e-02
2.159377000000000171e-02
2.202824999999999922e-02
2.470655000000000073e-02
2.880747999999999989e-02
3.996991999999999906e-02
4.514622000000000079e-02
4.289777000000000173e-02
3.988284999999999747e-02
3.603139000000000342e-02
2.949879999999999863e-02
2.465192000000000078e-02
2.821146999999999891e-02
2.791234000000000076e-02
2.737186000000000133e-02
2.770595000000000002e-02
2.229128999999999833e-02
2.011061999999999919e-02
2.151072999999999874e-02
2.271284000000000150e-02
2.157057999999999892e-02
1.963426000000000060e-02
1.901761000000000076e-02
2.124117999999999840e-02
2.077810000000000074e-02
1.849487000000000006e-02
2.278917999999999916e-02
2.494651000000000160e-02
2.676529000000000061e-02
2.543246000000000048e-02
2.176528999999999964e-02
1.998629000000000031e-02
2.102665000000000090e-02
2.277890999999999944e-02
2.269242000000000134e-02
2.457360999999999920e-02
2.202006000000000102e-02
2.028349000000000124e-02
1.891995999999999956e-02
2.171702999999999828e-02
2.312911000000000133e-02
2.150896999999999878e-02
2.022554999999999839e-02
1.768219000000000041e-02
