2.022737999999999967e-02
2.132297000000000012e-02
2.142753000000000019e-02
2.192666000000000059e-02
2.416625999999999844e-02
2.070554000000000144e-02
1.845783999999999966e-02
1.935252999999999973e-02
2.480873000000000106e-02
2.756136000000000003e-02
3.280651999999999874e-02
2.936296999999999865e-02
2.529386000000000134e-02
2.046057999999999905e-02
2.485433000000000087e-02
2.643161999999999942e-02
2.617813999999999905e-02
2.329024000000000025e-02
2.216074999999999989e-02
2.211072000000000037e-02
2.834450999999999984e-02
3.518117999999999940e-02
3.234146000000000243e-02
2.250436999999999924e-02
1.968195999999999835e-02
2.214001000000000163e-02
2.335742000000000027e-02
2.596412000000000025e-02
2.880366999999999997e-02
2.089285999999999921e-02
1.937198000000000045e-02
2.058068000000000050e-02
2.393328000000000122e-02
2.309877999999999931e-02
2.107146000000000019e-02
2.096844999999999959e-02
3.015587999999999949e-02
3.611406999999999812e-02
3.317388999999999755e-02
2.581601000000000035e-02
2.032290999999999959e-02
2.385266000000000122e-02
2.835288999999999865e-02
3.738770999999999761e-02
4.011080000000000201e-02
3.671524000000000315e-02
4.388840000000000102e-02
4.637615999999999961e-02
5.129654000000000158e-02
4.761347999999999969e-02
4.903733999999999871e-02
3.757176000000000265e-02
2.470382000000000133e-02
3.907676000000000205e-02
5.843642999999999754e-02
8.716190000000000049e-02
1.410388399999999987e-01
1.924652000000000029e-01
2.506552899999999751e-01
2.514874599999999960e-01
2.690211200000000025e-01
2.618954199999999899e-01
1.227558900000000064e-01
2.312952000000000063e-02
