3.678688000000000097e-02
6.007430999999999882e-02
6.415912999999999478e-02
6.271158000000000288e-02
6.283737000000000350e-02
5.752863999999999894e-02
4.004553999999999753e-02
2.957943000000000031e-02
2.305911000000000072e-02
2.286503000000000146e-02
2.236493999999999982e-02
2.252917999999999935e-02
2.256096999999999964e-02
2.380084000000000019e-02
2.721654999999999908e-02
2.775257000000000071e-02
3.025434000000000109e-02
3.032479999999999898e-02
2.718276999999999846e-02
2.288779000000000161e-02
1.994181999999999899e-02
1.895304999999999906e-02
1.979944000000000148e-02
1.941162000000000096e-02
2.022244000000000125e-02
2.003082999999999947e-02
1.864932999999999869e-02
1.893430999999999934e-02
1.972515999999999853e-02
1.947605000000000169e-02
1.898831000000000130e-02
1.906849999999999865e-02
1.885596000000000147e-02
1.861213000000000103e-02
1.852867999999999876e-02
1.850074000000000163e-02
1.851944999999999980e-02
1.929499000000000145e-02
1.962314999999999893e-02
1.896408999999999942e-02
1.782626000000000002e-02
2.004857999999999987e-02
2.034383999999999845e-02
2.077176999999999843e-02
2.039088000000000012e-02
1.832046999999999842e-02
1.866237000000000104e-02
1.931934999999999902e-02
1.911979000000000109e-02
1.848433999999999841e-02
1.851374000000000075e-02
1.815866000000000008e-02
1.818724000000000035e-02
1.844374000000000013e-02
1.931037999999999852e-02
1.884929999999999939e-02
1.960494000000000125e-02
1.944366000000000150e-02
1.902871000000000076e-02
1.843022000000000063e-02
1.853828999999999894e-02
1.923390999999999990e-02
1.737344000000000041e-02
1.608021999999999924e-02
