1.838642000000000054e-02
2.231446000000000124e-02
2.115302000000000154e-02
1.865423000000000081e-02
2.148809999999999956e-02
2.828255000000000005e-02
3.190786000000000316e-02
3.607370000000000021e-02
3.288768999999999720e-02
2.667834999999999998e-02
1.957708999999999838e-02
1.929956000000000033e-02
2.425518999999999939e-02
2.354416000000000148e-02
2.549003999999999853e-02
2.655905999999999892e-02
2.166351000000000041e-02
2.074936999999999962e-02
2.669592999999999966e-02
2.579305999999999960e-02
2.546348999999999835e-02
2.686136999999999900e-02
2.668707000000000024e-02
2.461574000000000054e-02
2.931744999999999837e-02
2.876377000000000100e-02
2.574521000000000101e-02
2.194544000000000009e-02
2.155748999999999860e-02
2.073530000000000165e-02
2.283028999999999961e-02
2.157946999999999990e-02
2.335651999999999867e-02
2.608459000000000125e-02
2.883269000000000110e-02
3.071350999999999942e-02
2.709773000000000043e-02
2.388505999999999962e-02
2.527996000000000063e-02
2.545033999999999838e-02
2.486560000000000159e-02
2.523018000000000136e-02
3.057607000000000033e-02
3.536585999999999896e-02
3.460724999999999912e-02
3.698044999999999805e-02
4.625267999999999741e-02
4.234521000000000118e-02
3.452250999999999931e-02
2.880312000000000150e-02
3.034096000000000015e-02
4.567039999999999988e-02
5.392098000000000030e-02
6.458635000000000070e-02
8.853798000000000223e-02
1.146887300000000026e-01
1.209381199999999962e-01
1.307119599999999882e-01
1.141380899999999976e-01
9.946808000000000038e-02
8.558404999999999485e-02
5.495343999999999923e-02
3.070613000000000162e-02
2.105063000000000073e-02
