2.191142000000000090e-02
2.517536999999999900e-02
3.271348000000000311e-02
3.394869999999999832e-02
3.575609999999999900e-02
3.055420999999999832e-02
2.281516000000000099e-02
2.468998999999999847e-02
2.440542000000000059e-02
2.291991999999999988e-02
2.568014999999999881e-02
2.462947999999999873e-02
2.081416999999999989e-02
2.038241000000000011e-02
2.253453000000000053e-02
2.669372000000000064e-02
2.281375000000000069e-02
2.389660999999999869e-02
2.885559000000000041e-02
4.113408999999999816e-02
5.067013000000000073e-02
4.183055000000000107e-02
3.398696999999999829e-02
2.272213999999999831e-02
2.795693000000000136e-02
3.337020000000000264e-02
3.867784999999999973e-02
3.453822000000000142e-02
3.528014000000000150e-02
4.272345999999999783e-02
4.968353999999999826e-02
6.350827000000000555e-02
4.895366000000000301e-02
2.484882000000000063e-02
2.735231000000000121e-02
5.388695999999999764e-02
1.022320000000000034e-01
1.768292499999999934e-01
2.504688500000000206e-01
2.168464400000000014e-01
1.879107700000000047e-01
1.440922000000000036e-01
1.080882199999999987e-01
4.333992999999999873e-02
2.700017000000000042e-02
2.167101999999999917e-02
2.080935000000000076e-02
2.284279000000000170e-02
2.934095000000000106e-02
3.624055999999999805e-02
4.806872000000000228e-02
6.685025999999999469e-02
6.588499000000000438e-02
6.445099999999999441e-02
5.106419000000000236e-02
4.434207999999999900e-02
2.965510999999999842e-02
2.330149999999999930e-02
2.307218000000000116e-02
2.329130000000000089e-02
2.461775999999999895e-02
3.269334000000000129e-02
2.718368999999999994e-02
1.938992000000000146e-02
