2.253733000000000125e-02
2.907747999999999930e-02
2.927263000000000087e-02
2.946957999999999869e-02
2.498324999999999851e-02
2.424752999999999978e-02
2.173877999999999922e-02
1.913981999999999836e-02
1.825041999999999984e-02
1.836228000000000166e-02
1.827116000000000157e-02
1.905311000000000157e-02
1.915015000000000120e-02
2.031101999999999907e-02
2.063653000000000015e-02
2.055973999999999996e-02
2.119690999999999936e-02
1.988474000000000144e-02
1.885037000000000171e-02
1.890160999999999925e-02
1.825502999999999848e-02
1.827157000000000087e-02
1.782196000000000127e-02
1.784890000000000088e-02
1.891208999999999946e-02
1.866701999999999945e-02
1.857877999999999960e-02
1.860269000000000159e-02
1.805286000000000043e-02
1.817310000000000106e-02
1.825546999999999934e-02
1.865110999999999852e-02
1.864767999999999981e-02
1.788185999999999942e-02
1.786743000000000012e-02
1.794337999999999836e-02
1.832777000000000017e-02
1.855077000000000115e-02
1.867306999999999995e-02
1.853151000000000104e-02
1.811986999999999973e-02
1.808065999999999840e-02
1.869900000000000034e-02
1.928122999999999990e-02
1.908995000000000136e-02
1.786785999999999930e-02
1.795609999999999914e-02
1.802352999999999941e-02
1.839498999999999995e-02
1.868281000000000108e-02
1.885039999999999979e-02
1.868794000000000011e-02
1.804827999999999988e-02
1.877525999999999848e-02
1.926581000000000127e-02
1.936401000000000094e-02
1.915949000000000124e-02
1.908632000000000037e-02
1.944223999999999952e-02
1.847410999999999845e-02
1.948799999999999838e-02
1.959978000000000067e-02
1.793505000000000099e-02
1.679214999999999874e-02
