1.769346999999999934e-02
1.930667999999999968e-02
1.927200999999999914e-02
2.142486999999999864e-02
2.300593999999999903e-02
2.221928000000000097e-02
2.184563999999999950e-02
1.899172999999999834e-02
1.934972999999999901e-02
2.361047000000000146e-02
2.297271000000000035e-02
2.031486999999999876e-02
2.284399000000000152e-02
2.265715999999999911e-02
2.585805000000000048e-02
2.257831000000000074e-02
2.658312999999999995e-02
3.036401000000000031e-02
2.490496000000000029e-02
2.208339999999999956e-02
2.071763999999999897e-02
2.034862999999999950e-02
2.784502999999999978e-02
2.488525999999999933e-02
2.583440000000000042e-02
2.531248999999999999e-02
3.207560000000000272e-02
4.069070000000000326e-02
3.877934000000000242e-02
3.255585999999999897e-02
2.485418000000000002e-02
2.091745000000000063e-02
3.781024999999999664e-02
6.894306000000000045e-02
9.508864999999999679e-02
1.388436600000000076e-01
1.641025200000000017e-01
1.761778999999999984e-01
1.416047400000000067e-01
9.532633999999999552e-02
5.530862999999999752e-02
4.318135000000000029e-02
3.534073000000000075e-02
2.887311000000000044e-02
2.174751999999999935e-02
2.166386000000000006e-02
2.898685000000000150e-02
2.605936000000000016e-02
3.955406999999999673e-02
4.824558000000000318e-02
6.110427999999999693e-02
5.516279000000000321e-02
5.039255000000000123e-02
4.175707000000000030e-02
3.469595000000000318e-02
2.921096999999999930e-02
3.340984999999999788e-02
2.859630000000000158e-02
2.585439999999999960e-02
2.991301000000000029e-02
3.220896000000000176e-02
4.437818999999999792e-02
4.405486000000000124e-02
1.905077000000000159e-02
