2.191405000000000089e-02
2.356163999999999828e-02
2.410282999999999870e-02
2.458843000000000140e-02
2.496995000000000117e-02
2.135263000000000091e-02
1.904882000000000103e-02
2.014219999999999899e-02
2.660844000000000056e-02
2.811686999999999867e-02
3.404241000000000211e-02
3.120639999999999872e-02
2.417311999999999933e-02
1.932756999999999878e-02
2.410611000000000004e-02
3.083050000000000027e-02
2.860007999999999995e-02
2.491722999999999855e-02
2.247222999999999929e-02
2.077721000000000082e-02
3.090033999999999836e-02
5.832720999999999739e-02
4.470408000000000021e-02
2.829042000000000015e-02
1.979163000000000103e-02
2.721395999999999885e-02
3.237421000000000049e-02
3.642407999999999757e-02
3.313573000000000213e-02
2.317732000000000125e-02
2.179719999999999921e-02
2.751382999999999954e-02
3.032125000000000098e-02
2.830753000000000089e-02
2.565181000000000058e-02
2.800578999999999916e-02
4.471543000000000045e-02
5.470842000000000066e-02
4.692903999999999826e-02
2.707941999999999988e-02
2.230056999999999873e-02
2.597485000000000072e-02
3.591362000000000027e-02
5.219656000000000295e-02
6.033101999999999909e-02
6.037214999999999943e-02
6.849101999999999968e-02
7.042078999999999700e-02
7.271753000000000244e-02
7.145869000000000526e-02
6.700878999999999863e-02
5.111270999999999870e-02
3.109581999999999971e-02
5.206402000000000252e-02
8.014514000000000360e-02
1.382907800000000020e-01
1.788433799999999962e-01
2.509092099999999936e-01
2.919629799999999831e-01
2.926032800000000211e-01
3.207972599999999730e-01
2.671097199999999949e-01
1.634771200000000035e-01
2.617447999999999997e-02
