1.992276000000000116e-02
2.104686000000000057e-02
2.008039000000000004e-02
2.140250000000000138e-02
2.250080999999999956e-02
2.147092000000000098e-02
1.897097999999999840e-02
1.917102000000000042e-02
1.900846000000000133e-02
1.960918999999999857e-02
2.192403999999999881e-02
2.357688000000000145e-02
2.836409999999999973e-02
2.490403000000000061e-02
2.211530000000000093e-02
2.343782000000000157e-02
2.237648000000000068e-02
2.106179000000000037e-02
2.356126000000000054e-02
2.157618000000000036e-02
2.014720999999999873e-02
2.501569999999999835e-02
2.739924999999999999e-02
2.795198000000000127e-02
3.128614999999999868e-02
2.808545000000000139e-02
2.984470999999999999e-02
3.142179999999999973e-02
3.577661000000000036e-02
3.445841000000000182e-02
2.230750000000000094e-02
1.907259000000000038e-02
2.220725000000000129e-02
2.531378999999999921e-02
2.838664000000000118e-02
2.849403000000000005e-02
2.914753999999999956e-02
3.449644999999999795e-02
4.170294000000000084e-02
4.335428000000000198e-02
3.735221999999999848e-02
2.310337999999999975e-02
2.407230000000000134e-02
3.521421000000000273e-02
5.858089999999999825e-02
1.113278899999999988e-01
1.231316400000000005e-01
1.447157099999999974e-01
1.360717899999999980e-01
1.066391500000000020e-01
1.012827800000000028e-01
9.115267999999999982e-02
7.082309000000000521e-02
4.160026000000000002e-02
2.318972000000000047e-02
2.161423000000000164e-02
2.211940000000000087e-02
2.261900000000000022e-02
2.329250000000000070e-02
2.792278999999999942e-02
2.999923999999999993e-02
3.159394000000000091e-02
2.650635999999999964e-02
1.954848000000000002e-02
