3.241288999999999976e-02
4.615456999999999893e-02
4.752098999999999906e-02
3.790403999999999995e-02
2.773311999999999999e-02
2.123235000000000053e-02
2.214698999999999834e-02
2.423343000000000025e-02
2.900532999999999931e-02
2.617877999999999872e-02
2.103017000000000081e-02
2.762505999999999989e-02
4.301839999999999831e-02
6.880654999999999410e-02
7.356157000000000667e-02
5.112288999999999722e-02
3.639880000000000199e-02
2.257378999999999983e-02
2.885472999999999857e-02
3.989229999999999859e-02
7.977188000000000334e-02
1.072495900000000058e-01
1.194006100000000042e-01
1.202707300000000062e-01
1.186911600000000039e-01
9.688193999999999972e-02
5.913351000000000024e-02
3.725115999999999844e-02
2.376806000000000058e-02
2.102445999999999829e-02
2.469649999999999970e-02
2.533507000000000120e-02
2.496021000000000004e-02
3.030124999999999832e-02
3.400195999999999774e-02
3.695208999999999994e-02
4.062920999999999894e-02
4.141306000000000154e-02
3.236976999999999910e-02
2.437312000000000159e-02
2.228000999999999940e-02
2.263135999999999967e-02
2.110725000000000101e-02
2.192629000000000106e-02
2.508153999999999939e-02
2.544889999999999999e-02
2.216535000000000033e-02
2.046869000000000119e-02
1.975458000000000075e-02
2.038631000000000124e-02
2.529315000000000035e-02
2.408895000000000133e-02
2.091685000000000072e-02
2.036301000000000083e-02
2.129866999999999871e-02
2.034953999999999930e-02
1.931746999999999978e-02
2.739882999999999902e-02
3.218118999999999841e-02
2.799458999999999975e-02
2.192650999999999975e-02
2.008176000000000058e-02
1.934877999999999945e-02
1.850254000000000135e-02
