1.907719000000000081e-02
3.026747999999999938e-02
2.413716999999999946e-02
3.981053999999999843e-02
3.136628000000000333e-02
2.482737999999999959e-02
2.572100999999999901e-02
2.448484000000000077e-02
2.193319999999999992e-02
2.512926000000000049e-02
2.052939999999999973e-02
2.817814999999999903e-02
3.338643000000000166e-02
3.384087999999999680e-02
3.507703000000000210e-02
3.825649999999999884e-02
3.638589999999999880e-02
2.829846000000000097e-02
2.858926999999999996e-02
2.606988999999999834e-02
2.490846000000000032e-02
3.339166999999999830e-02
4.976284000000000263e-02
6.975744999999999862e-02
9.604622000000000159e-02
1.143267200000000067e-01
1.043382999999999949e-01
9.282933999999999630e-02
6.191722000000000198e-02
3.925402000000000058e-02
2.495081000000000035e-02
2.503620999999999971e-02
2.247431999999999902e-02
2.076371000000000119e-02
2.468460999999999919e-02
2.666560000000000111e-02
3.191638000000000114e-02
3.926734999999999948e-02
3.730142000000000180e-02
3.439604999999999746e-02
2.804883000000000029e-02
2.422853999999999980e-02
2.318929999999999950e-02
2.380633000000000055e-02
2.715344999999999911e-02
2.262379999999999947e-02
2.262393999999999863e-02
2.316175999999999999e-02
2.263180999999999873e-02
2.125482999999999886e-02
1.963919000000000081e-02
1.907234999999999833e-02
1.850256000000000123e-02
2.339559999999999904e-02
2.433145000000000099e-02
2.229025000000000103e-02
2.012790000000000065e-02
1.964466000000000129e-02
1.932512000000000119e-02
1.934423000000000045e-02
2.121512999999999871e-02
2.347041000000000058e-02
2.137908000000000169e-02
1.706386000000000014e-02
