3.000281000000000128e-02
3.457765000000000144e-02
2.750369999999999898e-02
2.175469999999999834e-02
2.035280999999999896e-02
2.124730000000000021e-02
3.856336999999999959e-02
5.595502000000000115e-02
7.051693000000000544e-02
9.262120999999999549e-02
9.216364000000000500e-02
9.087963000000000291e-02
9.408054999999999890e-02
7.080991999999999842e-02
4.934796000000000321e-02
4.444436000000000220e-02
3.602111999999999675e-02
2.428699000000000136e-02
2.002359999999999904e-02
1.964097999999999886e-02
1.904650000000000093e-02
2.209701000000000026e-02
2.404094000000000023e-02
2.689259999999999914e-02
3.446616999999999736e-02
3.352518000000000165e-02
2.623959999999999834e-02
2.362859000000000140e-02
1.991365000000000149e-02
2.025373000000000104e-02
2.293020000000000128e-02
1.982176999999999897e-02
2.218536000000000119e-02
2.259134999999999963e-02
2.162967000000000015e-02
2.199697000000000111e-02
1.999284999999999951e-02
2.058095999999999884e-02
2.050924999999999970e-02
1.902393000000000139e-02
1.908924000000000037e-02
1.899792000000000147e-02
1.912741000000000094e-02
1.961668999999999913e-02
2.002456999999999848e-02
2.110605999999999940e-02
1.971184999999999951e-02
1.914773999999999990e-02
1.844188000000000077e-02
1.899775999999999895e-02
2.081262000000000043e-02
2.234167000000000097e-02
2.056542999999999913e-02
2.007147000000000098e-02
1.917564000000000074e-02
1.915259999999999879e-02
1.905265000000000084e-02
2.074209999999999943e-02
2.141809999999999894e-02
2.217364000000000140e-02
2.190229000000000134e-02
2.061653999999999917e-02
1.826467000000000021e-02
1.709658999999999832e-02
