1.816871999999999931e-02
2.177979000000000026e-02
2.640690000000000051e-02
5.223640000000000227e-02
6.309660000000000268e-02
8.797639999999999627e-02
1.128656499999999979e-01
1.353836200000000101e-01
1.346492300000000086e-01
1.303846800000000028e-01
1.278976900000000083e-01
8.321422000000000541e-02
6.188662999999999803e-02
3.483201999999999826e-02
2.564388999999999905e-02
2.296602000000000018e-02
2.060102999999999934e-02
2.021985000000000102e-02
2.381105999999999848e-02
3.039464000000000055e-02
4.087576999999999877e-02
4.799934000000000145e-02
3.792564999999999825e-02
3.199279000000000012e-02
3.133679000000000325e-02
2.834953000000000126e-02
2.664027999999999882e-02
2.713791000000000120e-02
2.760782999999999987e-02
2.369088999999999917e-02
2.254242999999999872e-02
2.173923999999999995e-02
2.006685000000000066e-02
2.163560999999999956e-02
1.990412999999999905e-02
2.078587999999999963e-02
2.297375999999999932e-02
2.443677000000000002e-02
2.117126000000000077e-02
1.893614999999999882e-02
1.846712999999999827e-02
2.329391000000000100e-02
2.685604000000000116e-02
2.312029000000000167e-02
1.945343000000000072e-02
1.888739999999999863e-02
2.029571999999999973e-02
2.133376999999999843e-02
2.478332000000000104e-02
2.501996999999999902e-02
2.329436999999999827e-02
2.080759000000000081e-02
1.940911999999999846e-02
2.325121999999999953e-02
2.381408000000000136e-02
2.618873999999999855e-02
2.376228999999999841e-02
1.942564000000000096e-02
1.873615000000000003e-02
1.917624999999999885e-02
1.976402999999999840e-02
2.369082000000000132e-02
2.405333999999999944e-02
1.828538000000000038e-02
