1.724211000000000146e-02
2.114020000000000135e-02
2.434856999999999994e-02
2.517221000000000042e-02
2.598868999999999832e-02
2.485346000000000083e-02
2.293925999999999951e-02
2.850246000000000030e-02
3.145839999999999748e-02
3.413871999999999740e-02
3.104654000000000094e-02
2.491176000000000154e-02
1.932707999999999995e-02
2.045935000000000115e-02
2.985455000000000053e-02
4.623648999999999815e-02
5.439783000000000118e-02
6.908888000000000529e-02
7.740988999999999509e-02
7.911703000000000485e-02
6.660396999999999845e-02
4.583933999999999925e-02
3.733871999999999886e-02
2.676651999999999851e-02
1.996331000000000147e-02
1.946055999999999828e-02
1.896892999999999843e-02
1.886772000000000102e-02
2.166999999999999829e-02
2.714799000000000032e-02
2.844947999999999921e-02
2.757058000000000078e-02
2.834938999999999862e-02
2.853375000000000009e-02
2.393057999999999991e-02
2.038036999999999835e-02
1.969686999999999827e-02
2.059230999999999909e-02
2.196309000000000108e-02
2.124859999999999943e-02
1.947793000000000094e-02
1.973528000000000088e-02
1.917080999999999993e-02
1.957472999999999852e-02
1.854203999999999922e-02
1.824428999999999981e-02
1.860882999999999982e-02
1.843879000000000004e-02
1.840380999999999961e-02
1.885917000000000149e-02
2.110665000000000111e-02
2.156711999999999865e-02
2.107813999999999868e-02
2.090269000000000155e-02
2.052657000000000093e-02
1.901995000000000074e-02
1.923338000000000131e-02
1.807336999999999833e-02
1.828321000000000113e-02
1.913453000000000029e-02
2.055602000000000124e-02
2.206258999999999998e-02
1.838238000000000025e-02
1.688985999999999960e-02
