1.849771000000000054e-02
3.271981000000000195e-02
3.326947000000000237e-02
2.527748000000000148e-02
2.756019999999999998e-02
3.098887999999999990e-02
3.270851000000000314e-02
3.508373000000000047e-02
4.180354000000000014e-02
4.477375000000000105e-02
3.446168000000000148e-02
2.795423000000000005e-02
1.953418999999999989e-02
2.723429000000000128e-02
3.009188999999999961e-02
3.640829000000000287e-02
3.976492000000000221e-02
2.888570000000000026e-02
3.299598000000000114e-02
5.446472000000000119e-02
6.764061000000000379e-02
6.208136000000000210e-02
4.785448999999999953e-02
2.849366000000000052e-02
3.534149999999999792e-02
6.914028999999999314e-02
1.136724199999999962e-01
2.183152399999999937e-01
2.639048399999999739e-01
2.533000699999999883e-01
2.273814799999999969e-01
2.324214099999999950e-01
1.609763399999999955e-01
7.742238999999999371e-02
4.334310000000000246e-02
2.555591999999999933e-02
2.427924000000000054e-02
2.970182000000000030e-02
3.561448999999999865e-02
5.782952000000000231e-02
6.572029999999999539e-02
7.374640999999999835e-02
6.687381000000000575e-02
6.183733000000000285e-02
4.408118999999999926e-02
2.668459999999999929e-02
2.206657000000000063e-02
2.466551999999999981e-02
3.151675000000000310e-02
3.879516999999999688e-02
3.983619000000000049e-02
3.027144999999999836e-02
3.116050000000000070e-02
2.890182000000000168e-02
2.406902000000000000e-02
2.440975999999999910e-02
2.425160000000000163e-02
2.361053999999999931e-02
2.427458000000000046e-02
2.704223000000000043e-02
2.716636000000000051e-02
2.317672000000000135e-02
1.991800000000000168e-02
1.857868999999999840e-02
