1.777855000000000060e-02
2.442427000000000140e-02
3.200942999999999844e-02
3.234867000000000298e-02
5.162901000000000296e-02
4.073026999999999898e-02
6.170140999999999820e-02
5.441006999999999788e-02
6.226357999999999893e-02
5.819421000000000316e-02
4.595751000000000003e-02
3.695096999999999965e-02
2.395655000000000007e-02
2.041952000000000003e-02
2.026580000000000048e-02
2.228184999999999888e-02
2.433290000000000106e-02
2.611685999999999869e-02
2.785634999999999847e-02
2.892878000000000116e-02
3.424160999999999871e-02
3.455658999999999814e-02
3.344293000000000265e-02
2.357176000000000063e-02
2.305066999999999880e-02
2.209799000000000138e-02
2.640375000000000014e-02
2.594366000000000033e-02
2.715673000000000045e-02
2.065434999999999841e-02
1.881822999999999829e-02
1.826107000000000077e-02
1.863594999999999835e-02
1.845141999999999963e-02
1.955803999999999876e-02
2.087902000000000161e-02
2.189645999999999954e-02
2.139154999999999876e-02
2.052781999999999871e-02
1.939070000000000030e-02
1.961898999999999935e-02
2.274603999999999862e-02
1.909301999999999874e-02
2.245689000000000018e-02
1.919360999999999984e-02
2.148239999999999872e-02
2.037305000000000019e-02
2.126311000000000173e-02
2.060487000000000082e-02
2.003192999999999988e-02
1.984794000000000141e-02
1.884525000000000089e-02
1.957884999999999834e-02
2.142120000000000135e-02
2.322727000000000125e-02
2.185919999999999877e-02
2.036864999999999856e-02
1.912445999999999938e-02
1.847965000000000024e-02
1.901003999999999888e-02
1.904190999999999870e-02
2.015215999999999882e-02
1.799794000000000047e-02
1.650814000000000101e-02
