3.406105999999999717e-02
4.204052999999999957e-02
3.028488000000000013e-02
2.681510000000000143e-02
2.186075000000000171e-02
1.889462000000000086e-02
2.306184999999999832e-02
3.111656999999999965e-02
2.929926000000000058e-02
3.352651999999999716e-02
2.239812000000000053e-02
2.616250999999999993e-02
3.274028999999999828e-02
4.382442000000000282e-02
3.623716999999999910e-02
2.417609999999999898e-02
2.222591999999999970e-02
2.634312999999999932e-02
3.102567999999999993e-02
2.539693000000000159e-02
2.551201000000000163e-02
2.886932000000000040e-02
2.648108999999999880e-02
3.177742000000000067e-02
3.687866000000000061e-02
3.272843000000000280e-02
2.634254999999999930e-02
2.984944999999999959e-02
5.143513999999999725e-02
6.157970000000000110e-02
4.156605000000000022e-02
3.210240999999999789e-02
2.418052000000000049e-02
2.607220000000000024e-02
3.203945999999999877e-02
4.581934000000000007e-02
5.225236999999999937e-02
4.333793999999999841e-02
4.058232999999999979e-02
5.288618999999999959e-02
6.620513999999999566e-02
6.977980999999999767e-02
4.625204000000000121e-02
3.167819999999999664e-02
3.757603000000000332e-02
7.451099999999999390e-02
1.346162899999999996e-01
1.897114099999999970e-01
2.295525200000000099e-01
2.477240400000000065e-01
2.632068100000000133e-01
2.234557299999999913e-01
2.002428500000000000e-01
1.505178699999999981e-01
8.560015999999999459e-02
4.094700999999999896e-02
2.614243000000000122e-02
2.360206000000000109e-02
2.200094000000000008e-02
2.502296000000000034e-02
3.089891999999999986e-02
3.852644000000000207e-02
3.434187999999999824e-02
2.236339000000000035e-02
