2.413231999999999877e-02
2.587781000000000109e-02
2.196978000000000125e-02
2.032540999999999862e-02
2.709372999999999990e-02
2.850224999999999981e-02
2.484922999999999993e-02
2.316286999999999860e-02
2.001230999999999843e-02
1.840454999999999869e-02
1.985558000000000115e-02
2.272737999999999842e-02
2.330700999999999953e-02
2.316481000000000096e-02
2.114235999999999893e-02
1.871445000000000053e-02
1.997482000000000077e-02
2.568768999999999914e-02
2.568184000000000092e-02
2.560706000000000093e-02
2.989970999999999948e-02
2.672874999999999904e-02
3.691487000000000240e-02
4.035761000000000209e-02
3.087714999999999904e-02
2.806356000000000128e-02
2.296803999999999860e-02
2.186673000000000089e-02
2.331365000000000173e-02
2.951776000000000053e-02
3.052376999999999868e-02
3.724608000000000085e-02
4.689610999999999780e-02
4.898181000000000063e-02
4.806118000000000196e-02
4.443484999999999796e-02
2.996984999999999927e-02
3.082396000000000094e-02
4.853996000000000005e-02
8.200432000000000554e-02
1.327060200000000079e-01
1.827470200000000100e-01
2.188576499999999869e-01
2.027864799999999912e-01
1.719740600000000119e-01
1.149237500000000051e-01
8.897655000000000147e-02
6.112450999999999995e-02
3.183942000000000022e-02
2.291048999999999863e-02
2.053605999999999834e-02
2.417178000000000035e-02
3.405898000000000259e-02
4.860716999999999816e-02
7.565700000000000203e-02
9.098842999999999515e-02
7.403490000000000071e-02
5.886090000000000072e-02
5.396092000000000249e-02
4.812214000000000075e-02
3.228539999999999882e-02
2.453017000000000045e-02
2.137713999999999934e-02
1.874632000000000034e-02
