2.201225000000000057e-02
2.355869000000000019e-02
2.315930000000000072e-02
2.378175999999999901e-02
2.048815000000000011e-02
2.291974000000000095e-02
2.895591999999999958e-02
3.014203999999999842e-02
2.192780999999999897e-02
2.143696000000000143e-02
2.198978999999999864e-02
2.309262999999999941e-02
2.229505000000000028e-02
2.640210999999999947e-02
2.593770999999999924e-02
2.158592000000000150e-02
2.743471999999999925e-02
3.442176000000000263e-02
3.510461000000000137e-02
3.572688999999999726e-02
3.430481999999999976e-02
2.551509000000000069e-02
2.377227999999999980e-02
2.749073000000000142e-02
3.314999999999999891e-02
2.974780000000000132e-02
3.513675000000000131e-02
4.229897999999999991e-02
4.194581000000000004e-02
4.057245000000000296e-02
3.467753999999999975e-02
3.982704000000000105e-02
3.449141000000000012e-02
3.375224999999999753e-02
6.361878999999999451e-02
1.028069100000000013e-01
1.645118899999999940e-01
2.084917900000000102e-01
2.329877200000000093e-01
1.691910799999999937e-01
1.207840899999999967e-01
8.322717999999999783e-02
6.505713000000000468e-02
3.745549000000000101e-02
2.009077000000000085e-02
2.142493999999999996e-02
2.375297000000000172e-02
2.500107000000000024e-02
3.461830999999999936e-02
4.628730000000000344e-02
6.678331999999999324e-02
6.680803999999999909e-02
6.100694999999999729e-02
5.043268000000000056e-02
3.389658999999999728e-02
2.855684000000000000e-02
2.834000999999999881e-02
2.525416999999999940e-02
2.408470999999999876e-02
2.778252000000000152e-02
2.737875000000000031e-02
3.779253999999999947e-02
3.383971000000000201e-02
1.902575000000000099e-02
