1.747463000000000141e-02
1.894664999999999891e-02
1.914286999999999933e-02
1.832622999999999891e-02
2.053284999999999832e-02
2.363196000000000047e-02
2.429863999999999982e-02
2.593826999999999938e-02
2.404668999999999904e-02
1.996759000000000034e-02
1.835476999999999942e-02
1.956313000000000149e-02
2.341508000000000131e-02
2.349050999999999917e-02
2.287911000000000111e-02
2.086744000000000099e-02
1.929915999999999923e-02
2.087755000000000166e-02
2.259906000000000068e-02
2.387330000000000008e-02
2.221659000000000134e-02
1.993709000000000106e-02
2.206378000000000159e-02
2.273133999999999919e-02
2.605100000000000124e-02
2.459191999999999975e-02
2.246623000000000023e-02
2.095448000000000102e-02
1.977264000000000105e-02
2.108207999999999957e-02
2.119787999999999881e-02
2.120553999999999842e-02
2.347033000000000105e-02
2.673473999999999989e-02
2.981757000000000157e-02
2.714511999999999828e-02
2.075613999999999931e-02
2.031350999999999990e-02
2.214825000000000127e-02
2.315798000000000162e-02
2.193776000000000059e-02
2.228621999999999895e-02
2.601024000000000044e-02
2.943586000000000119e-02
3.095323000000000171e-02
3.414592999999999795e-02
4.147822000000000314e-02
3.621690000000000326e-02
2.823314000000000032e-02
2.344179999999999875e-02
2.320101000000000108e-02
3.320966000000000196e-02
4.882366999999999957e-02
7.238883999999999597e-02
8.530137999999999610e-02
8.229541999999999413e-02
8.842134999999999578e-02
8.640026000000000650e-02
7.429062999999999639e-02
6.461614999999999720e-02
4.490291999999999895e-02
3.351014000000000076e-02
2.118514999999999981e-02
1.718429000000000137e-02
