1.605285000000000045e-02
1.799245000000000011e-02
1.826072999999999932e-02
1.787978999999999957e-02
1.797970999999999944e-02
1.800082999999999891e-02
1.792898000000000061e-02
1.782235000000000069e-02
1.807142000000000123e-02
1.993295999999999957e-02
1.848630999999999885e-02
2.003231999999999929e-02
1.945790999999999840e-02
2.123092000000000035e-02
1.854460999999999957e-02
1.922234999999999916e-02
1.856319000000000025e-02
1.949692000000000092e-02
1.766055000000000055e-02
1.801445000000000130e-02
1.975924000000000083e-02
2.049176999999999943e-02
1.898017999999999927e-02
1.828905999999999935e-02
1.780373999999999846e-02
1.868496999999999866e-02
2.214444000000000135e-02
2.309073000000000028e-02
2.705466999999999941e-02
2.776730999999999991e-02
3.486012000000000138e-02
3.404473999999999695e-02
4.177573999999999871e-02
3.334472000000000130e-02
3.049431000000000017e-02
2.880293000000000089e-02
2.450737000000000054e-02
1.977966999999999920e-02
1.892403000000000141e-02
1.944757999999999903e-02
1.888965999999999909e-02
2.271427999999999989e-02
2.536673000000000053e-02
2.820591999999999891e-02
2.754217999999999944e-02
2.308326000000000128e-02
2.109186999999999867e-02
2.037672000000000094e-02
1.972435000000000160e-02
1.876051000000000107e-02
1.835610999999999840e-02
1.852008999999999947e-02
1.892173000000000119e-02
1.903588999999999976e-02
1.958657999999999927e-02
1.939306999999999837e-02
1.948996999999999882e-02
1.880638000000000101e-02
1.825407000000000071e-02
1.820184999999999859e-02
1.831187000000000092e-02
1.793985000000000024e-02
1.677605000000000068e-02
1.531597999999999987e-02
