2.359537000000000093e-02
3.095124000000000139e-02
2.747486999999999846e-02
2.565941999999999876e-02
2.285699000000000064e-02
2.149749000000000104e-02
1.986600000000000171e-02
1.891199000000000005e-02
1.849997999999999920e-02
1.822050999999999879e-02
1.863224000000000130e-02
1.869772000000000101e-02
1.936117999999999867e-02
2.069313999999999876e-02
2.095005000000000131e-02
2.008431999999999926e-02
2.020966000000000082e-02
1.927616000000000052e-02
1.837201999999999932e-02
1.879209000000000088e-02
1.850169999999999940e-02
1.791357999999999839e-02
1.809741999999999948e-02
1.786205999999999905e-02
1.802789999999999948e-02
1.820180999999999882e-02
1.824790000000000093e-02
1.857481000000000063e-02
1.821504999999999999e-02
1.800759999999999861e-02
1.812843000000000093e-02
1.823891999999999874e-02
1.846197999999999936e-02
1.784604000000000051e-02
1.818060999999999983e-02
1.805715000000000098e-02
1.795980000000000146e-02
1.852107000000000059e-02
1.791302000000000172e-02
1.821288000000000074e-02
1.785095000000000084e-02
1.797783000000000020e-02
1.870385000000000103e-02
1.804236999999999855e-02
1.769919000000000006e-02
1.793049999999999852e-02
1.806904000000000149e-02
1.824715000000000018e-02
1.806214000000000083e-02
1.852397999999999892e-02
1.838300000000000003e-02
1.822597000000000106e-02
1.794849999999999918e-02
1.841295000000000084e-02
1.856702000000000005e-02
1.872375999999999902e-02
1.828282000000000171e-02
1.840351999999999960e-02
1.872358999999999829e-02
1.830199999999999882e-02
1.916970999999999953e-02
1.896397000000000013e-02
1.735638999999999932e-02
1.629173999999999900e-02
