1.748660999999999965e-02
2.143520000000000147e-02
2.370780000000000109e-02
2.447989999999999888e-02
2.792255000000000084e-02
2.583152000000000018e-02
2.123683000000000168e-02
1.948915000000000022e-02
2.127917000000000003e-02
2.477029000000000036e-02
3.392134000000000121e-02
2.869323000000000012e-02
3.198676999999999770e-02
2.848629999999999912e-02
3.032955000000000026e-02
3.672232000000000274e-02
3.239261000000000223e-02
2.290178000000000005e-02
2.269329000000000138e-02
2.370219000000000145e-02
2.037455000000000169e-02
2.814494000000000024e-02
2.680768999999999860e-02
3.065541000000000099e-02
3.243201999999999890e-02
3.717737000000000125e-02
4.102904999999999747e-02
3.692750000000000199e-02
3.347656000000000243e-02
3.003700000000000120e-02
2.398414999999999922e-02
2.446947999999999832e-02
3.225867999999999791e-02
3.177760000000000307e-02
3.830406000000000089e-02
4.398330000000000295e-02
4.740153999999999895e-02
5.651326000000000266e-02
6.349066999999999905e-02
5.603356999999999782e-02
4.173864000000000046e-02
3.649617000000000139e-02
6.972527000000000585e-02
1.098403599999999980e-01
1.797473599999999949e-01
2.232496700000000112e-01
2.695485400000000031e-01
2.721441099999999946e-01
2.130349300000000112e-01
1.417738100000000001e-01
1.261681600000000014e-01
9.664029999999999843e-02
5.274415999999999827e-02
2.907037999999999983e-02
2.122508000000000034e-02
2.745014000000000134e-02
3.506060999999999900e-02
3.562019999999999770e-02
4.929708000000000007e-02
6.952331000000000483e-02
6.809194000000000357e-02
5.901466999999999824e-02
3.808601999999999821e-02
2.167936999999999989e-02
