2.597216999999999928e-02
2.821165999999999952e-02
2.517656000000000061e-02
2.088796999999999876e-02
2.092754000000000142e-02
2.202619000000000105e-02
2.304662000000000030e-02
2.347323000000000118e-02
2.686231999999999856e-02
2.899985000000000063e-02
3.238666999999999935e-02
3.802404000000000200e-02
3.721457000000000237e-02
3.626592000000000010e-02
3.069689999999999919e-02
2.430637000000000075e-02
2.002715999999999871e-02
2.480007999999999865e-02
4.790202999999999822e-02
7.017557000000000655e-02
1.014993099999999954e-01
1.288313899999999901e-01
1.099465599999999987e-01
8.733356000000000452e-02
6.804098999999999564e-02
5.327145999999999965e-02
3.655187000000000019e-02
2.834779999999999939e-02
2.120133999999999908e-02
1.952933000000000099e-02
2.239601000000000092e-02
2.485719000000000123e-02
2.562495999999999871e-02
3.555317999999999673e-02
3.601569999999999772e-02
3.157316000000000289e-02
3.191887999999999670e-02
2.958355000000000012e-02
2.659167999999999948e-02
2.579338000000000117e-02
2.599343000000000140e-02
2.416874000000000106e-02
2.191173000000000079e-02
1.957445000000000018e-02
2.057143999999999986e-02
2.170667999999999903e-02
2.002019999999999841e-02
1.895929000000000017e-02
1.956934999999999925e-02
2.096282000000000006e-02
2.405501000000000167e-02
2.252484999999999904e-02
2.080798999999999843e-02
1.973151999999999892e-02
1.984481999999999913e-02
2.070781999999999831e-02
2.083120000000000110e-02
2.688296999999999909e-02
3.004640000000000088e-02
2.510967000000000060e-02
2.047834000000000113e-02
1.916081000000000034e-02
1.774964000000000056e-02
1.772713000000000066e-02
