2.077189999999999939e-02
2.372027999999999984e-02
2.071602000000000166e-02
2.079933000000000129e-02
2.032116000000000131e-02
2.316183999999999951e-02
2.738542000000000060e-02
2.564384999999999928e-02
2.265995999999999982e-02
2.100462999999999983e-02
1.982992000000000088e-02
2.296196000000000001e-02
2.434996999999999856e-02
2.781503000000000100e-02
2.602323000000000136e-02
2.129177999999999973e-02
2.662170999999999982e-02
3.544701000000000102e-02
3.413597000000000159e-02
3.282493000000000216e-02
2.591591000000000033e-02
2.390453999999999843e-02
3.185049999999999687e-02
3.054741999999999874e-02
3.647219000000000155e-02
3.118947999999999859e-02
3.306599000000000343e-02
4.173786000000000163e-02
4.611206000000000332e-02
3.913251000000000229e-02
3.905083000000000165e-02
3.327824000000000060e-02
3.940786000000000289e-02
5.332557000000000269e-02
9.141291999999999474e-02
1.258598400000000006e-01
1.734649199999999947e-01
1.911822400000000033e-01
1.594167900000000027e-01
1.247701999999999978e-01
8.540702999999999490e-02
5.826557000000000264e-02
3.823402000000000051e-02
2.654774999999999843e-02
2.082111999999999852e-02
2.212715999999999988e-02
2.475457000000000005e-02
2.610689000000000065e-02
3.150930999999999871e-02
4.304808999999999719e-02
5.168674999999999659e-02
4.997447000000000000e-02
3.771486000000000283e-02
3.642685999999999841e-02
2.767543000000000086e-02
2.458501000000000089e-02
2.865757000000000027e-02
2.971651000000000153e-02
2.480444999999999872e-02
2.585093999999999934e-02
2.842501999999999876e-02
4.630502999999999703e-02
4.002461999999999687e-02
1.921548000000000006e-02
