1.791730000000000059e-02
2.067439000000000082e-02
2.164599000000000037e-02
2.158217000000000121e-02
2.316247000000000097e-02
2.367208999999999980e-02
2.372091000000000130e-02
2.474207999999999963e-02
2.262174000000000129e-02
2.177667999999999965e-02
2.062885000000000066e-02
1.986521999999999941e-02
2.603199999999999958e-02
3.147342999999999669e-02
4.427431999999999895e-02
6.060012000000000038e-02
6.114544999999999703e-02
5.506114000000000147e-02
5.091093000000000007e-02
4.351407000000000191e-02
3.562293999999999877e-02
2.321484999999999868e-02
2.006720000000000032e-02
1.872800999999999980e-02
1.870979999999999865e-02
1.980312999999999865e-02
2.097647999999999874e-02
2.105119000000000087e-02
2.297599999999999990e-02
2.991587999999999886e-02
2.925472000000000142e-02
2.659923999999999969e-02
2.336846000000000062e-02
2.087709999999999913e-02
2.148658000000000165e-02
2.108200000000000005e-02
1.996718999999999924e-02
1.925709999999999922e-02
2.002305999999999878e-02
1.934782999999999989e-02
1.910117999999999885e-02
1.918417999999999859e-02
1.874088000000000143e-02
1.837926000000000143e-02
1.787359999999999990e-02
1.838230000000000072e-02
1.892852000000000076e-02
1.888746999999999995e-02
1.827859000000000081e-02
1.887575999999999837e-02
1.985519000000000173e-02
1.982926999999999954e-02
1.965773999999999994e-02
1.887337999999999863e-02
1.888503999999999877e-02
1.861039000000000096e-02
1.837091000000000071e-02
1.917668999999999971e-02
1.890790999999999999e-02
1.818853999999999957e-02
1.873713999999999935e-02
1.881497999999999851e-02
1.735940999999999873e-02
1.614660000000000054e-02
