2.106208000000000038e-02
2.454672000000000104e-02
2.387393000000000154e-02
2.389542999999999875e-02
1.933299000000000128e-02
1.994007000000000071e-02
2.084482000000000002e-02
2.078504000000000115e-02
2.297944999999999849e-02
2.432789000000000132e-02
2.740077000000000138e-02
2.112493000000000010e-02
2.327297000000000046e-02
2.953385000000000038e-02
3.260195999999999927e-02
3.469272000000000328e-02
2.425497000000000070e-02
2.060597999999999944e-02
1.864640999999999868e-02
2.164442000000000102e-02
2.314719999999999972e-02
2.388209000000000165e-02
3.043790999999999858e-02
3.505922999999999679e-02
3.857110999999999873e-02
4.796964000000000089e-02
6.519376999999999811e-02
6.072567000000000242e-02
3.653738000000000125e-02
2.900066999999999923e-02
3.885186999999999669e-02
6.383170000000000510e-02
1.016325700000000054e-01
1.553669299999999864e-01
1.354606999999999895e-01
1.603732400000000002e-01
1.480007000000000128e-01
9.758477999999999597e-02
6.347869000000000428e-02
3.203021999999999814e-02
2.182657000000000000e-02
2.160507000000000052e-02
2.267898999999999957e-02
2.515213999999999991e-02
2.748427000000000162e-02
3.691857999999999945e-02
4.892193999999999710e-02
4.152328000000000269e-02
3.566616999999999704e-02
3.375316999999999901e-02
3.044349999999999834e-02
2.707425000000000109e-02
2.161754999999999927e-02
2.363828000000000110e-02
2.833603000000000163e-02
3.009132000000000126e-02
3.128510000000000318e-02
3.835178999999999672e-02
3.468974999999999836e-02
2.497330000000000036e-02
2.842911000000000049e-02
2.778446999999999861e-02
2.323731000000000060e-02
1.764562000000000075e-02
