3.315002000000000226e-02
3.229963999999999752e-02
3.311267999999999850e-02
3.180759999999999837e-02
2.427887000000000101e-02
2.283467000000000136e-02
2.274901000000000006e-02
2.503783000000000050e-02
3.154505999999999977e-02
2.755111000000000018e-02
2.449905000000000138e-02
3.265035000000000159e-02
4.506922000000000011e-02
5.312143999999999894e-02
5.342775999999999775e-02
3.986715999999999871e-02
3.153911000000000214e-02
2.265879999999999977e-02
2.668627999999999972e-02
5.019652000000000142e-02
9.689064000000000010e-02
1.194367900000000010e-01
1.248995400000000033e-01
1.121488800000000063e-01
1.005103600000000069e-01
8.964756999999999587e-02
5.787367999999999679e-02
3.533817999999999682e-02
2.617863000000000134e-02
1.958744999999999931e-02
2.207165000000000168e-02
2.286786999999999848e-02
2.472243000000000010e-02
3.681456000000000311e-02
4.660695000000000116e-02
5.045358999999999955e-02
5.804291000000000311e-02
5.681078999999999990e-02
4.051874999999999921e-02
3.219219000000000247e-02
2.964957999999999830e-02
2.635807000000000080e-02
2.184323999999999988e-02
2.257251999999999870e-02
2.754625000000000129e-02
2.805341999999999905e-02
2.244161999999999893e-02
2.092936000000000102e-02
2.122521000000000130e-02
2.084743000000000013e-02
2.471622999999999876e-02
2.562168999999999905e-02
2.010164000000000048e-02
2.017170999999999895e-02
2.029629999999999976e-02
2.096106999999999831e-02
2.260401999999999897e-02
2.956361000000000058e-02
3.722347000000000156e-02
2.827773999999999913e-02
2.029287000000000105e-02
1.907618999999999981e-02
1.785710999999999896e-02
1.789146999999999960e-02
