1.968767000000000086e-02
2.044173999999999991e-02
1.935902000000000109e-02
1.834128999999999968e-02
2.005548000000000053e-02
2.032095999999999902e-02
2.139715000000000020e-02
2.295513000000000067e-02
2.526271999999999893e-02
2.309291999999999942e-02
2.128429000000000085e-02
1.981341000000000005e-02
1.914182999999999857e-02
1.915758000000000044e-02
2.097798999999999844e-02
2.335034000000000068e-02
2.185826000000000088e-02
1.880818000000000073e-02
1.838619000000000017e-02
1.900728000000000140e-02
2.173815999999999943e-02
2.516505000000000131e-02
2.198320999999999956e-02
1.936424999999999952e-02
1.910067000000000015e-02
2.154077999999999896e-02
2.279466999999999952e-02
2.232384999999999925e-02
2.079844000000000137e-02
1.864847999999999853e-02
1.978179000000000048e-02
2.031060999999999978e-02
2.155703000000000133e-02
2.095819000000000154e-02
2.269699999999999843e-02
2.115012999999999962e-02
2.352142999999999942e-02
2.419897000000000020e-02
2.080022999999999941e-02
1.863122999999999863e-02
1.880313999999999944e-02
2.213555000000000036e-02
2.564891000000000046e-02
2.850861000000000020e-02
3.050587999999999911e-02
3.053323999999999969e-02
3.804286999999999946e-02
4.017537000000000191e-02
3.201495000000000035e-02
2.828371999999999831e-02
2.693697000000000105e-02
2.883557000000000134e-02
3.190116999999999953e-02
6.065029999999999727e-02
7.585935000000000594e-02
8.963445999999999914e-02
1.076785799999999960e-01
1.215009600000000051e-01
1.343153400000000053e-01
1.351916800000000085e-01
1.183402199999999960e-01
9.311911000000000493e-02
5.016898999999999664e-02
1.867121999999999879e-02
