1.865398000000000056e-02
2.168959999999999985e-02
2.256845999999999852e-02
2.552157999999999857e-02
3.080381000000000091e-02
2.964084000000000163e-02
2.263833000000000165e-02
1.878229000000000010e-02
1.865657999999999900e-02
1.949696000000000068e-02
2.016727000000000103e-02
2.238008999999999832e-02
2.121970999999999927e-02
1.927956000000000114e-02
1.876471999999999862e-02
1.854961000000000110e-02
1.814462000000000019e-02
2.051659000000000121e-02
2.140647000000000036e-02
2.034131000000000133e-02
1.996237000000000011e-02
2.188783999999999869e-02
2.487968999999999944e-02
2.458617999999999915e-02
2.672694999999999932e-02
2.383686999999999959e-02
2.032814999999999969e-02
1.849227000000000162e-02
1.917649999999999910e-02
2.125184000000000101e-02
2.109431000000000153e-02
2.524784999999999877e-02
3.008432000000000120e-02
3.187087000000000253e-02
3.596801000000000165e-02
3.351255999999999680e-02
2.730544000000000027e-02
2.158474000000000156e-02
2.414405999999999844e-02
3.223204000000000347e-02
4.135157999999999889e-02
6.111395000000000022e-02
7.602797000000000027e-02
8.658720000000000305e-02
8.122036000000000533e-02
6.100683999999999968e-02
4.470568999999999932e-02
3.519061999999999885e-02
2.561176000000000078e-02
1.836170999999999984e-02
1.875094000000000066e-02
2.046618000000000048e-02
2.499590000000000145e-02
3.077279999999999946e-02
3.972906999999999827e-02
4.388556999999999875e-02
3.647306000000000159e-02
3.400795999999999680e-02
3.266216000000000258e-02
3.401582999999999690e-02
2.775580000000000061e-02
2.290802000000000116e-02
1.932267000000000012e-02
1.703901999999999847e-02
