2.618540999999999924e-02
3.130601000000000217e-02
2.292583999999999941e-02
2.153421999999999975e-02
1.942115000000000161e-02
1.830953999999999915e-02
1.925264999999999962e-02
2.405395000000000102e-02
2.802079999999999849e-02
2.463131000000000001e-02
2.166059000000000040e-02
2.087595999999999896e-02
2.578870999999999941e-02
3.239072999999999952e-02
2.843243000000000159e-02
2.180034000000000138e-02
2.079848999999999934e-02
2.230858999999999967e-02
2.369974000000000039e-02
2.166923999999999934e-02
2.329265999999999975e-02
2.556514000000000009e-02
2.202774000000000051e-02
2.464906999999999862e-02
2.553630999999999956e-02
2.328476000000000157e-02
2.264994000000000035e-02
2.544259999999999924e-02
3.025142999999999929e-02
3.666319999999999996e-02
3.182466999999999935e-02
2.790778999999999829e-02
2.366897000000000098e-02
2.127903999999999907e-02
2.279304999999999873e-02
3.007334999999999869e-02
3.636120999999999798e-02
3.582132999999999845e-02
3.171608000000000066e-02
2.876033000000000062e-02
4.221852000000000243e-02
4.439674999999999871e-02
4.159936999999999663e-02
3.593857000000000301e-02
2.743664000000000172e-02
3.078163999999999900e-02
4.494487999999999955e-02
6.830023999999999818e-02
1.050318300000000066e-01
1.255360199999999982e-01
1.488722299999999943e-01
1.397056000000000131e-01
1.320299699999999965e-01
1.210145400000000038e-01
8.713882000000000572e-02
5.325761999999999857e-02
3.246252000000000165e-02
2.783725000000000088e-02
2.290526999999999841e-02
1.987863999999999950e-02
2.055670999999999887e-02
2.464124999999999996e-02
2.186926999999999968e-02
1.860059999999999839e-02
