2.065205000000000166e-02
2.030465999999999868e-02
1.862315000000000151e-02
2.058346000000000134e-02
2.212723999999999941e-02
2.096546000000000173e-02
2.308498999999999968e-02
2.246661000000000144e-02
2.022474000000000147e-02
2.392292999999999850e-02
2.105392999999999848e-02
1.979407999999999862e-02
2.603820999999999913e-02
2.638137999999999941e-02
2.948599999999999832e-02
2.287571000000000049e-02
2.853964000000000154e-02
3.420721000000000178e-02
2.847712000000000160e-02
3.022369999999999918e-02
2.371886999999999954e-02
2.411309000000000022e-02
2.896933000000000147e-02
3.073767000000000166e-02
3.252536999999999789e-02
3.550770999999999789e-02
4.862734999999999974e-02
4.896956999999999699e-02
8.479380999999999724e-02
5.055400000000000171e-02
3.570877000000000079e-02
2.952716000000000021e-02
6.440933999999999549e-02
1.009916099999999956e-01
1.637276400000000076e-01
2.375461899999999904e-01
3.077491199999999871e-01
3.020032899999999798e-01
2.667578500000000186e-01
1.555098699999999945e-01
8.757821000000000355e-02
4.738649999999999807e-02
3.443374999999999908e-02
2.839447999999999972e-02
2.712142999999999846e-02
3.335384999999999739e-02
4.027025000000000049e-02
3.813525999999999722e-02
4.213468000000000074e-02
6.461313000000000473e-02
7.173322999999999505e-02
6.170205000000000134e-02
4.347882000000000136e-02
3.555595999999999757e-02
3.352841000000000155e-02
3.246282999999999808e-02
3.906901000000000124e-02
3.693193000000000170e-02
2.700773000000000063e-02
3.244500000000000162e-02
3.727326000000000250e-02
4.314699000000000312e-02
4.213589999999999697e-02
2.010881999999999947e-02
