1.759948999999999888e-02
1.889095999999999831e-02
2.195031000000000065e-02
2.308373999999999843e-02
3.000378000000000073e-02
2.591359000000000024e-02
1.959837999999999858e-02
1.953233000000000052e-02
1.869782999999999862e-02
1.923205999999999874e-02
2.155094999999999927e-02
2.097649000000000041e-02
2.075398000000000173e-02
1.955526000000000139e-02
2.004268999999999842e-02
2.121514000000000039e-02
2.093930999999999917e-02
1.996322999999999848e-02
1.906646000000000035e-02
2.188862999999999920e-02
2.575320000000000040e-02
2.937957999999999889e-02
2.542432000000000025e-02
2.682599000000000095e-02
2.095539000000000082e-02
1.927722999999999937e-02
2.405022999999999883e-02
2.335119999999999904e-02
2.195280999999999968e-02
2.481032000000000029e-02
2.431254999999999875e-02
3.273422000000000137e-02
4.343825999999999937e-02
3.761214999999999697e-02
3.457197000000000048e-02
2.503843000000000041e-02
2.445782000000000164e-02
3.656174999999999703e-02
5.883373000000000075e-02
9.298196000000000239e-02
1.116331899999999933e-01
1.359335899999999930e-01
1.435578799999999988e-01
1.154145200000000065e-01
8.797815000000000496e-02
6.030582000000000303e-02
4.314727000000000146e-02
2.731242999999999865e-02
2.037163000000000168e-02
2.174987999999999921e-02
2.349853999999999832e-02
2.719036000000000022e-02
3.310372000000000314e-02
3.970250000000000168e-02
5.344100999999999713e-02
5.959974999999999995e-02
4.313837000000000227e-02
3.235605999999999899e-02
2.666220000000000048e-02
2.666226000000000013e-02
2.134344000000000172e-02
2.033878000000000075e-02
2.128984999999999905e-02
1.772177999999999948e-02
