1.828890000000000030e-02
1.932978999999999947e-02
2.170023000000000091e-02
2.124575999999999895e-02
2.177563000000000068e-02
2.206411000000000136e-02
2.273203999999999850e-02
2.196255999999999903e-02
2.012227000000000113e-02
2.100288999999999975e-02
2.086450000000000110e-02
1.991795999999999844e-02
2.079005999999999910e-02
2.034663999999999917e-02
2.038231000000000070e-02
2.293417000000000025e-02
2.703969000000000164e-02
2.609554000000000040e-02
2.400905000000000053e-02
2.225720999999999949e-02
2.021531000000000022e-02
2.276262999999999898e-02
2.437368000000000173e-02
2.671507000000000048e-02
2.609157000000000143e-02
2.120216999999999935e-02
2.330203999999999956e-02
2.800657999999999967e-02
2.572245000000000087e-02
2.411129999999999871e-02
2.305549999999999961e-02
2.053255999999999831e-02
2.283858000000000069e-02
2.382288000000000114e-02
2.265359999999999943e-02
2.116186999999999929e-02
2.058161000000000018e-02
2.202315999999999996e-02
2.188564999999999955e-02
1.980159999999999906e-02
1.968044999999999864e-02
1.950355999999999965e-02
2.478088999999999986e-02
2.854659999999999836e-02
2.800653000000000170e-02
2.900743000000000071e-02
2.297118999999999897e-02
1.967640999999999835e-02
2.098010999999999973e-02
2.516712000000000116e-02
2.842942999999999859e-02
2.513883000000000090e-02
2.591210999999999862e-02
3.125661999999999885e-02
4.192371999999999765e-02
4.490651999999999838e-02
3.744915000000000049e-02
3.542105000000000253e-02
3.476835000000000342e-02
2.714064999999999880e-02
2.228491000000000152e-02
3.031067999999999957e-02
2.564624000000000070e-02
1.837563000000000044e-02
