1.963586000000000151e-02
2.159519000000000022e-02
2.257189000000000070e-02
2.679149999999999934e-02
2.845649999999999916e-02
3.180903000000000203e-02
3.366943000000000019e-02
3.442048000000000330e-02
2.787734000000000045e-02
2.085920000000000135e-02
1.876515999999999948e-02
1.983824000000000004e-02
2.380644000000000163e-02
2.805395999999999931e-02
3.559091000000000338e-02
3.614532000000000161e-02
2.885880999999999863e-02
3.062555000000000138e-02
4.010376999999999692e-02
4.899329000000000184e-02
3.716205000000000203e-02
2.421521000000000090e-02
2.341622000000000148e-02
3.598012999999999906e-02
7.562296999999999769e-02
1.217611299999999952e-01
1.549746200000000074e-01
1.783008299999999935e-01
1.350775800000000026e-01
1.202489800000000053e-01
7.123309999999999365e-02
5.025919999999999693e-02
3.710213999999999873e-02
2.034909999999999844e-02
2.037918000000000021e-02
2.005571000000000090e-02
2.368498999999999952e-02
2.912620999999999960e-02
3.182741000000000042e-02
3.651043000000000344e-02
3.750574000000000269e-02
3.333172999999999692e-02
2.817698000000000078e-02
2.155456999999999859e-02
2.005233000000000015e-02
1.948532999999999862e-02
2.136568999999999968e-02
2.052297000000000149e-02
2.055743000000000154e-02
2.151180999999999927e-02
2.153930999999999901e-02
2.140635000000000107e-02
2.271373000000000142e-02
2.209016000000000104e-02
1.946403000000000022e-02
1.872062000000000032e-02
1.837406000000000109e-02
2.029500999999999875e-02
2.124254999999999893e-02
2.205729999999999844e-02
2.153062000000000031e-02
2.041317000000000131e-02
1.861892000000000061e-02
1.747601000000000016e-02
