2.444736999999999952e-02
2.492795999999999901e-02
2.155912000000000106e-02
1.928476999999999969e-02
1.943856000000000056e-02
2.538373000000000018e-02
3.858245999999999898e-02
4.808702000000000115e-02
6.299850999999999368e-02
7.198255000000000625e-02
7.862449000000000521e-02
6.756088999999999845e-02
6.732072000000000056e-02
5.202232999999999857e-02
3.587089999999999723e-02
2.820156999999999872e-02
2.398010999999999893e-02
1.997911999999999952e-02
1.907516000000000073e-02
2.017149999999999846e-02
1.975963000000000025e-02
2.141917000000000126e-02
2.250798000000000035e-02
2.525758999999999990e-02
2.804330999999999838e-02
2.639201000000000047e-02
2.143959999999999963e-02
2.065343999999999861e-02
1.902979999999999949e-02
2.005788999999999836e-02
2.047345000000000068e-02
1.989022000000000012e-02
1.970513000000000126e-02
2.221673999999999871e-02
2.112705999999999959e-02
2.084886999999999851e-02
1.952751000000000139e-02
1.944366999999999970e-02
2.018990999999999841e-02
1.910026999999999905e-02
1.907767000000000143e-02
1.902540999999999954e-02
1.912909999999999958e-02
1.906642000000000059e-02
1.952726000000000114e-02
2.043852999999999989e-02
1.980815000000000006e-02
1.932593999999999979e-02
1.876405999999999907e-02
1.995651999999999843e-02
2.110445999999999850e-02
2.132001000000000035e-02
2.018651000000000126e-02
1.867127999999999843e-02
1.896526999999999935e-02
1.931625999999999829e-02
1.878731999999999971e-02
1.985485000000000028e-02
2.041632000000000169e-02
1.945728999999999861e-02
1.916346999999999842e-02
1.934628000000000042e-02
1.739500999999999895e-02
1.648377999999999996e-02
