2.480312000000000142e-02
2.335622999999999866e-02
2.020782000000000134e-02
2.140877000000000058e-02
2.406464000000000172e-02
2.626784999999999884e-02
2.347455000000000028e-02
2.194294999999999926e-02
2.447165000000000104e-02
2.041170000000000137e-02
2.526919000000000040e-02
2.722116000000000119e-02
3.763774000000000286e-02
3.263793999999999723e-02
2.560170999999999975e-02
2.412515000000000145e-02
2.148831000000000005e-02
2.117020999999999833e-02
2.655058000000000071e-02
2.391673999999999883e-02
1.922855999999999871e-02
2.363963999999999996e-02
2.728258999999999893e-02
2.828593000000000079e-02
3.711509999999999809e-02
2.968542000000000056e-02
3.040042999999999912e-02
3.176057000000000186e-02
3.381863999999999704e-02
4.337532999999999667e-02
2.950380000000000016e-02
1.958255000000000065e-02
2.300738000000000089e-02
2.729302999999999937e-02
2.983647000000000035e-02
3.064609999999999904e-02
3.195753999999999956e-02
4.279865000000000058e-02
4.805384000000000044e-02
5.373855000000000298e-02
5.200902000000000303e-02
3.237922000000000022e-02
3.016067000000000053e-02
4.020018999999999676e-02
7.526434999999999376e-02
1.299091300000000115e-01
1.635698399999999941e-01
1.854679399999999978e-01
1.756832299999999958e-01
1.433233299999999988e-01
1.353526999999999925e-01
1.120126199999999933e-01
7.437185000000000323e-02
5.114401999999999837e-02
2.453775000000000053e-02
2.399553000000000103e-02
2.227669999999999997e-02
2.601977999999999930e-02
2.929860999999999924e-02
3.479542000000000052e-02
4.214720000000000272e-02
4.023394000000000276e-02
3.238408000000000259e-02
1.961312000000000125e-02
