3.744229000000000307e-02
4.335278000000000048e-02
2.843725000000000072e-02
2.328078000000000092e-02
2.727289999999999923e-02
2.837461000000000150e-02
2.750821000000000169e-02
2.945882000000000014e-02
4.105489999999999834e-02
5.729474999999999846e-02
6.529359999999999331e-02
6.989779999999999605e-02
6.326640000000000041e-02
5.048409000000000230e-02
3.513712000000000085e-02
2.451373000000000094e-02
2.677329000000000167e-02
6.293783000000000016e-02
1.339860700000000127e-01
1.844973000000000030e-01
2.310541000000000122e-01
2.522520699999999949e-01
2.088159900000000069e-01
1.590826399999999974e-01
1.103193199999999985e-01
6.940027999999999475e-02
4.149076000000000153e-02
2.533006000000000146e-02
2.702500999999999862e-02
3.150155000000000316e-02
3.876410000000000272e-02
5.753482000000000041e-02
6.455919999999999714e-02
8.541439000000000670e-02
7.486673000000000633e-02
5.223818000000000211e-02
4.488384000000000124e-02
3.801223000000000102e-02
2.905289999999999956e-02
3.370868999999999949e-02
3.574697000000000291e-02
3.617555000000000076e-02
3.455740000000000200e-02
2.501010999999999859e-02
1.966328999999999994e-02
2.366263000000000047e-02
2.353237000000000037e-02
2.103607999999999867e-02
2.328331000000000151e-02
2.457546999999999857e-02
2.911218999999999960e-02
2.907531000000000004e-02
2.361334000000000002e-02
2.328826000000000160e-02
2.515689000000000120e-02
2.920549999999999882e-02
2.743525000000000130e-02
2.714265999999999901e-02
3.070845000000000172e-02
2.646781999999999954e-02
2.223610000000000170e-02
2.615349999999999966e-02
2.485218999999999970e-02
1.971977999999999925e-02
