1.805330000000000129e-02
2.131616000000000066e-02
2.177441999999999919e-02
2.209401999999999894e-02
2.137937000000000171e-02
2.084108000000000141e-02
2.005838000000000065e-02
1.913402999999999979e-02
1.851126999999999981e-02
1.851672999999999861e-02
1.810973000000000097e-02
1.785161999999999860e-02
1.798106000000000010e-02
1.773705999999999894e-02
1.824212999999999876e-02
1.814220999999999889e-02
1.826548999999999881e-02
1.828513999999999834e-02
1.808322999999999875e-02
1.780916999999999917e-02
1.786126000000000033e-02
1.787885000000000169e-02
1.776364999999999889e-02
1.747338999999999837e-02
1.819878999999999941e-02
1.768058000000000130e-02
1.773527999999999910e-02
1.770441999999999849e-02
1.798214999999999883e-02
1.786518999999999954e-02
1.752162000000000164e-02
1.781902999999999959e-02
1.787545000000000106e-02
1.773059999999999914e-02
1.774670999999999887e-02
1.736236999999999850e-02
1.756927999999999962e-02
1.805549999999999863e-02
1.784331000000000111e-02
1.752872000000000111e-02
1.760190000000000018e-02
1.801494999999999833e-02
1.781856999999999885e-02
1.799036000000000038e-02
1.794797000000000059e-02
1.784045999999999896e-02
1.790264999999999912e-02
1.766082000000000068e-02
1.755632000000000026e-02
1.742689000000000044e-02
1.779083999999999874e-02
1.766211000000000170e-02
1.777805999999999831e-02
1.773504000000000053e-02
1.763955999999999857e-02
1.818207000000000156e-02
1.766923000000000105e-02
1.773529999999999898e-02
1.760772999999999852e-02
1.748171000000000100e-02
1.793925999999999854e-02
1.764133000000000021e-02
1.644690000000000041e-02
1.546446999999999926e-02
