2.072364999999999971e-02
2.073525000000000021e-02
3.210709999999999953e-02
3.462806000000000217e-02
3.364794000000000118e-02
2.718022999999999967e-02
2.682050000000000059e-02
2.303523999999999849e-02
2.280043000000000000e-02
2.161048000000000135e-02
2.243780999999999901e-02
4.076737999999999890e-02
9.165592000000000183e-02
8.165999999999999648e-02
7.439379999999999604e-02
6.413803999999999339e-02
4.353259000000000295e-02
7.041466999999999865e-02
4.112728999999999691e-02
2.419875000000000151e-02
2.400189000000000142e-02
2.067010000000000028e-02
1.944463999999999915e-02
2.051234000000000043e-02
2.103692999999999882e-02
2.508260000000000003e-02
3.150916000000000133e-02
3.057657000000000083e-02
3.025359000000000034e-02
3.292492999999999809e-02
2.963518000000000055e-02
2.307342999999999894e-02
2.346795999999999952e-02
2.255530999999999855e-02
2.223367000000000052e-02
2.537903000000000034e-02
2.237286000000000136e-02
1.936560000000000017e-02
1.961442999999999867e-02
2.114152999999999866e-02
1.988476999999999953e-02
1.934135999999999841e-02
1.827776999999999874e-02
1.889315999999999912e-02
1.880603999999999956e-02
1.888079999999999967e-02
1.892664999999999972e-02
2.032954999999999832e-02
2.143400999999999987e-02
2.217995999999999857e-02
2.148999000000000048e-02
2.036781000000000008e-02
1.876759999999999887e-02
1.847682000000000144e-02
1.950183000000000125e-02
2.092472999999999902e-02
2.061806999999999876e-02
2.060878999999999836e-02
2.063554000000000083e-02
1.965694999999999942e-02
1.820698999999999929e-02
1.905532999999999880e-02
1.836967999999999934e-02
1.745023000000000060e-02
