1.597745999999999889e-02
1.803975999999999844e-02
1.776637999999999828e-02
1.800086000000000047e-02
1.801099999999999923e-02
1.789119999999999946e-02
1.798158000000000048e-02
1.768656000000000048e-02
1.781937000000000104e-02
1.788392000000000107e-02
1.855350000000000055e-02
1.829162999999999970e-02
1.896321999999999938e-02
1.845317999999999958e-02
1.908291000000000154e-02
1.798550999999999969e-02
1.803982999999999975e-02
1.731256000000000114e-02
1.749906999999999851e-02
1.797435000000000005e-02
1.781193999999999833e-02
1.828340000000000173e-02
1.758631999999999904e-02
1.738044000000000047e-02
1.842937000000000047e-02
1.820302000000000031e-02
1.756372999999999962e-02
1.814614000000000157e-02
1.763833000000000067e-02
1.757741000000000164e-02
1.798233000000000123e-02
1.815243999999999885e-02
1.838566999999999979e-02
1.841883000000000062e-02
1.790378000000000108e-02
1.830907000000000021e-02
1.800687999999999941e-02
1.786754000000000120e-02
1.753887999999999975e-02
1.721821000000000115e-02
1.715447999999999973e-02
1.755581000000000155e-02
1.809024000000000049e-02
1.757792999999999856e-02
1.736392000000000144e-02
1.722241000000000050e-02
1.753663000000000097e-02
1.755183999999999911e-02
1.742886999999999909e-02
1.745075999999999919e-02
1.758432000000000051e-02
1.758641000000000024e-02
1.721272000000000080e-02
1.766277000000000125e-02
1.777743000000000032e-02
1.779512999999999928e-02
1.755897999999999834e-02
1.759532999999999930e-02
1.743004999999999902e-02
1.755632000000000026e-02
1.778576999999999936e-02
1.774685000000000151e-02
1.628802999999999848e-02
1.525738999999999915e-02
