1.763831000000000079e-02
1.983769000000000157e-02
1.840278000000000053e-02
1.858985000000000151e-02
1.977475000000000066e-02
2.130100999999999870e-02
2.315727999999999884e-02
2.335415000000000060e-02
2.262308000000000027e-02
2.021799999999999986e-02
1.857438000000000144e-02
1.870325000000000112e-02
1.908146000000000148e-02
2.025495000000000073e-02
2.047395999999999938e-02
2.088322999999999915e-02
1.868577999999999906e-02
1.862025999999999959e-02
1.964265000000000108e-02
2.110779000000000127e-02
2.045659000000000019e-02
2.186275000000000024e-02
2.103218999999999922e-02
2.095527999999999974e-02
2.215359999999999899e-02
2.302591999999999833e-02
2.070465000000000153e-02
1.945851999999999998e-02
1.895963999999999983e-02
1.962097999999999967e-02
1.997035000000000129e-02
1.995575000000000127e-02
2.098910000000000012e-02
2.327098000000000014e-02
2.685488000000000111e-02
2.368119999999999947e-02
2.198856000000000074e-02
2.135772000000000018e-02
2.189152999999999932e-02
2.207017000000000007e-02
2.210629000000000066e-02
2.332195000000000101e-02
2.493686000000000166e-02
2.674933999999999992e-02
2.749234999999999873e-02
2.899869999999999878e-02
3.600099999999999828e-02
3.282312999999999897e-02
2.559807000000000055e-02
2.335469000000000087e-02
2.322781999999999972e-02
3.161690999999999807e-02
4.493326000000000264e-02
6.546166999999999958e-02
7.396632000000000207e-02
7.164491000000000609e-02
7.462620999999999838e-02
7.224526000000000558e-02
6.697704000000000157e-02
5.514652999999999916e-02
4.458116000000000162e-02
3.212787999999999755e-02
2.248947999999999919e-02
1.678392000000000078e-02
