1.653674999999999937e-02
1.773121000000000072e-02
1.749393999999999949e-02
1.781109999999999985e-02
1.816672999999999899e-02
1.790949999999999834e-02
1.736920999999999951e-02
1.748691000000000134e-02
1.787706999999999838e-02
1.844445999999999933e-02
1.814607999999999846e-02
1.801965000000000164e-02
1.776045000000000054e-02
1.837137999999999965e-02
1.818648999999999960e-02
1.882127000000000105e-02
1.784731000000000165e-02
1.776567000000000077e-02
1.751894000000000021e-02
1.757020999999999930e-02
1.812244000000000008e-02
1.876699999999999896e-02
1.819619999999999918e-02
1.801200999999999844e-02
1.781879000000000102e-02
1.855390000000000164e-02
1.933259000000000019e-02
1.944471999999999867e-02
1.881336000000000119e-02
1.798210000000000086e-02
1.796112000000000056e-02
1.811895000000000172e-02
1.948563999999999852e-02
1.854091999999999893e-02
1.863091999999999873e-02
1.856818000000000010e-02
1.891462000000000004e-02
1.979293000000000025e-02
1.861992999999999981e-02
1.796410000000000021e-02
1.796348999999999863e-02
1.926782000000000147e-02
2.229524000000000089e-02
2.292680000000000065e-02
2.100822999999999927e-02
1.913014999999999854e-02
1.991661000000000126e-02
1.955428999999999848e-02
1.815684999999999868e-02
1.770251999999999937e-02
1.833879999999999885e-02
1.831054999999999836e-02
1.883164000000000018e-02
2.121218999999999882e-02
2.052547000000000052e-02
2.291477000000000097e-02
2.323773999999999978e-02
2.944528000000000076e-02
3.710955999999999977e-02
3.907055000000000250e-02
3.938777999999999724e-02
3.315267999999999687e-02
2.692500999999999922e-02
1.636647000000000102e-02
