5.966753999999999808e-02
9.582625000000000171e-02
8.663168999999999731e-02
6.490007000000000414e-02
5.444809999999999928e-02
4.526079000000000213e-02
3.614679999999999976e-02
2.425236000000000058e-02
2.056819000000000008e-02
2.023511999999999880e-02
2.103263999999999828e-02
2.198429000000000008e-02
2.626853999999999995e-02
3.101142000000000135e-02
3.152193999999999829e-02
2.926834999999999853e-02
2.981831999999999885e-02
2.875064999999999912e-02
2.317104000000000039e-02
2.128259999999999874e-02
1.911219999999999933e-02
1.867786999999999920e-02
1.856968999999999981e-02
1.836600999999999859e-02
1.945418999999999968e-02
1.921822999999999934e-02
1.848446999999999937e-02
1.859343000000000107e-02
1.811631000000000005e-02
1.804164999999999935e-02
1.851890999999999954e-02
1.866384000000000098e-02
1.873336999999999919e-02
1.844343000000000024e-02
1.843989000000000045e-02
1.890442999999999985e-02
1.906145000000000062e-02
1.878642999999999980e-02
1.828323999999999921e-02
1.787332999999999977e-02
1.846781000000000117e-02
1.951572999999999850e-02
1.926840000000000150e-02
1.903354000000000157e-02
1.846773999999999985e-02
1.851076999999999931e-02
1.910608999999999918e-02
1.902094999999999828e-02
1.856504000000000140e-02
1.842256000000000102e-02
1.806392000000000067e-02
1.771520999999999860e-02
1.847634000000000082e-02
1.917869999999999991e-02
1.940232999999999888e-02
1.934440000000000118e-02
1.829601000000000144e-02
1.865912999999999947e-02
1.899862000000000078e-02
1.962873999999999869e-02
2.025611999999999899e-02
1.991363999999999981e-02
1.786851999999999885e-02
1.654492999999999936e-02
