3.790653000000000078e-02
5.517750999999999906e-02
5.110370999999999664e-02
3.079339000000000034e-02
2.449801999999999882e-02
2.761047000000000154e-02
2.864915999999999990e-02
3.151430000000000203e-02
4.373806999999999695e-02
4.625038000000000066e-02
4.292108000000000034e-02
5.967770000000000019e-02
6.932686000000000404e-02
8.730184000000000555e-02
6.300018999999999758e-02
4.238857000000000042e-02
2.489113000000000089e-02
2.787705000000000044e-02
8.114285999999999721e-02
1.483540799999999993e-01
2.272899300000000011e-01
2.909057400000000237e-01
2.691488000000000214e-01
2.086098799999999975e-01
1.703285300000000058e-01
1.389313899999999879e-01
7.985169999999999768e-02
4.105591000000000101e-02
3.011867999999999837e-02
2.623939999999999953e-02
3.445277000000000062e-02
4.971463999999999744e-02
5.566067999999999710e-02
8.713959000000000288e-02
9.400535999999999615e-02
7.468642000000000336e-02
6.992028999999999606e-02
5.600663000000000169e-02
3.965964999999999768e-02
3.498662999999999773e-02
3.826563000000000186e-02
4.011665999999999843e-02
2.975198000000000079e-02
2.520829999999999946e-02
2.555150999999999950e-02
2.720875999999999850e-02
2.528762999999999844e-02
2.198225999999999999e-02
2.404128000000000168e-02
2.564786000000000149e-02
3.083957000000000018e-02
2.948382999999999907e-02
2.179678000000000171e-02
2.034075999999999940e-02
2.182111000000000120e-02
2.450748999999999983e-02
2.636368999999999865e-02
3.621226000000000306e-02
4.029748999999999831e-02
3.064002999999999866e-02
2.108493999999999993e-02
1.960740000000000052e-02
2.001995000000000163e-02
1.982818000000000080e-02
