1.956331999999999863e-02
2.235318000000000027e-02
1.861615999999999965e-02
1.842076999999999951e-02
2.293651000000000023e-02
2.315841000000000080e-02
2.091929000000000011e-02
2.183600999999999945e-02
2.652163000000000090e-02
3.029569999999999833e-02
3.194961000000000328e-02
3.121712000000000098e-02
2.744875000000000093e-02
2.398814000000000154e-02
2.048281000000000060e-02
2.050644000000000078e-02
2.253828000000000081e-02
3.099435999999999858e-02
4.938812000000000063e-02
6.475678999999999463e-02
7.324073000000000389e-02
6.987340999999999691e-02
6.373658999999999575e-02
4.569443000000000116e-02
3.359600000000000086e-02
2.492271999999999890e-02
1.975727999999999859e-02
1.953188999999999967e-02
2.208728999999999901e-02
2.324818999999999844e-02
2.451992000000000060e-02
2.843052999999999900e-02
3.170814000000000271e-02
3.518883999999999901e-02
3.195511000000000185e-02
2.403047000000000169e-02
2.183167999999999914e-02
2.034586000000000033e-02
2.002895999999999843e-02
2.156722000000000153e-02
2.148214000000000026e-02
2.111197000000000074e-02
2.126060000000000103e-02
1.903356000000000145e-02
1.788721000000000061e-02
1.858885000000000051e-02
1.862905000000000116e-02
1.845137000000000166e-02
1.844816000000000164e-02
1.881064000000000000e-02
2.008534999999999834e-02
1.965605999999999950e-02
1.884096999999999855e-02
1.925347999999999990e-02
2.010910999999999949e-02
1.977527999999999925e-02
1.921401999999999832e-02
1.864195999999999909e-02
1.896339000000000011e-02
1.917525000000000132e-02
1.919569000000000136e-02
1.975574999999999901e-02
1.937142999999999851e-02
1.652483999999999897e-02
