2.051240000000000008e-02
2.365354999999999888e-02
1.924543999999999908e-02
1.887472999999999929e-02
2.049321000000000129e-02
2.001361000000000112e-02
2.065811000000000036e-02
1.974752000000000104e-02
2.074182999999999930e-02
1.898943000000000159e-02
2.314499000000000070e-02
1.995875999999999900e-02
1.846675000000000053e-02
2.020819999999999908e-02
2.888693000000000163e-02
2.201074999999999907e-02
2.217548999999999909e-02
1.999990000000000101e-02
1.825244000000000172e-02
1.899788999999999992e-02
2.050147999999999901e-02
2.253147000000000136e-02
2.058557999999999916e-02
2.512506999999999935e-02
2.495560000000000139e-02
3.180043999999999926e-02
3.427354999999999985e-02
2.691680999999999935e-02
2.328995000000000024e-02
2.137421000000000113e-02
2.242509000000000169e-02
2.522051000000000154e-02
2.689153999999999850e-02
2.671779999999999988e-02
3.090849000000000027e-02
3.590631999999999852e-02
4.444316999999999712e-02
3.924538000000000332e-02
3.209138999999999742e-02
2.620230000000000128e-02
2.305464999999999945e-02
3.320607999999999893e-02
5.750327000000000216e-02
7.737544000000000366e-02
1.036260600000000059e-01
1.373882300000000001e-01
1.132895200000000047e-01
1.159278599999999937e-01
1.016732100000000000e-01
5.370976000000000222e-02
4.776890999999999776e-02
3.704765000000000141e-02
2.699009000000000130e-02
2.378326000000000051e-02
2.200886999999999982e-02
2.201766000000000140e-02
2.625496999999999900e-02
2.597945000000000115e-02
3.277643999999999697e-02
3.680564000000000058e-02
4.307288000000000089e-02
3.494454999999999784e-02
2.546972000000000125e-02
1.828002000000000099e-02
