2.095901000000000014e-02
2.545025999999999886e-02
2.299218000000000095e-02
2.063701000000000077e-02
1.974644999999999873e-02
2.009640000000000037e-02
2.061651000000000108e-02
1.994949999999999848e-02
2.070601999999999859e-02
2.457171000000000008e-02
2.342868999999999854e-02
2.029602000000000142e-02
1.976226999999999845e-02
2.128769999999999968e-02
2.318353999999999901e-02
2.810189999999999910e-02
2.312577000000000035e-02
1.846545999999999951e-02
1.853936999999999946e-02
1.965296999999999877e-02
2.164185000000000067e-02
2.116439999999999988e-02
2.214690000000000061e-02
2.527810000000000126e-02
3.013390999999999986e-02
3.461506999999999779e-02
3.344808999999999977e-02
2.581982000000000027e-02
2.263733999999999885e-02
2.146508000000000096e-02
2.505003000000000091e-02
3.309232000000000146e-02
3.453819000000000333e-02
3.387832999999999817e-02
3.522775999999999685e-02
3.549725000000000102e-02
3.744618999999999726e-02
3.715190000000000159e-02
3.162725000000000258e-02
2.274831000000000075e-02
2.326125000000000068e-02
4.232231000000000187e-02
7.038835000000000230e-02
8.743763999999999703e-02
1.140292700000000020e-01
1.272361700000000095e-01
1.274832499999999924e-01
1.263379199999999924e-01
8.719619000000000675e-02
5.864468999999999932e-02
5.824474999999999791e-02
4.184009999999999813e-02
2.863548999999999956e-02
2.550956999999999877e-02
2.483016999999999863e-02
2.576283999999999866e-02
2.712275000000000102e-02
3.231031000000000181e-02
3.920604999999999923e-02
4.850807000000000035e-02
4.664747000000000338e-02
4.129043999999999770e-02
2.870622000000000104e-02
1.974677000000000029e-02
