1.700611999999999957e-02
1.983911999999999828e-02
2.124981999999999913e-02
2.292548000000000155e-02
2.490341999999999903e-02
3.449043000000000248e-02
2.938032999999999964e-02
2.780341000000000062e-02
2.439523000000000039e-02
2.039022999999999877e-02
2.268326999999999843e-02
2.173535999999999871e-02
2.289903000000000077e-02
2.601697000000000037e-02
1.978531999999999860e-02
2.182871999999999937e-02
2.409559999999999827e-02
2.517915999999999904e-02
2.533538999999999930e-02
2.808723000000000122e-02
2.467509000000000022e-02
2.190231000000000122e-02
2.729554000000000008e-02
2.833398000000000166e-02
2.863759999999999917e-02
2.777144999999999961e-02
2.352233999999999922e-02
2.966896999999999937e-02
2.552882999999999888e-02
2.248210000000000139e-02
2.306694000000000105e-02
2.433733000000000077e-02
2.651894999999999947e-02
3.587960999999999928e-02
4.423691999999999902e-02
3.593210000000000154e-02
2.051408999999999871e-02
2.554174999999999848e-02
3.220438999999999941e-02
3.200001999999999708e-02
2.752117000000000105e-02
3.238300999999999680e-02
4.348906999999999773e-02
6.052311999999999970e-02
6.170827999999999730e-02
5.017635000000000151e-02
4.853140000000000231e-02
3.941116000000000064e-02
3.295254000000000238e-02
6.969417999999999447e-02
8.663848000000000382e-02
1.205896399999999979e-01
1.615802799999999928e-01
2.148044299999999907e-01
2.236731399999999925e-01
2.039908199999999894e-01
1.784729800000000033e-01
1.679370699999999939e-01
1.340991099999999936e-01
9.217904000000000375e-02
5.468851000000000268e-02
3.300825000000000287e-02
2.321292000000000147e-02
2.113320000000000129e-02
