2.317792000000000116e-02
2.445989999999999970e-02
2.148384999999999878e-02
1.993077999999999864e-02
2.199687000000000170e-02
2.941308000000000117e-02
3.786007000000000261e-02
4.514201999999999798e-02
4.124412000000000217e-02
3.074955000000000049e-02
2.347491000000000161e-02
2.180384000000000141e-02
2.480618000000000059e-02
2.655530999999999864e-02
3.534278999999999893e-02
3.378397999999999818e-02
2.495390999999999929e-02
2.079328000000000079e-02
2.370749000000000120e-02
2.725628000000000078e-02
3.202015999999999890e-02
3.923853000000000063e-02
3.343908999999999770e-02
2.269474000000000144e-02
2.715363000000000152e-02
3.548823000000000255e-02
3.177838000000000190e-02
2.921777000000000055e-02
2.416358999999999868e-02
2.053794999999999926e-02
2.263280000000000153e-02
2.539065999999999892e-02
2.927913000000000043e-02
2.761308999999999986e-02
2.622613000000000028e-02
2.451733000000000037e-02
2.448409000000000002e-02
2.675895999999999830e-02
2.348644000000000079e-02
2.133782999999999860e-02
1.905837999999999977e-02
2.007238000000000078e-02
2.157287000000000093e-02
2.352608000000000130e-02
2.300893999999999856e-02
2.716870999999999869e-02
3.557272999999999685e-02
4.119273999999999852e-02
4.333199000000000078e-02
3.734646999999999967e-02
3.150696000000000052e-02
2.694944000000000159e-02
2.445806000000000022e-02
4.563785000000000064e-02
6.598138000000000614e-02
9.210909000000000457e-02
1.126088299999999931e-01
1.303729899999999942e-01
1.124771499999999980e-01
9.656199999999999506e-02
7.536431999999999853e-02
6.256333999999999507e-02
3.936483000000000343e-02
1.792378000000000027e-02
