1.665629000000000068e-02
1.826718000000000092e-02
1.917912999999999910e-02
2.151261999999999966e-02
2.280369999999999966e-02
2.871465000000000128e-02
3.434755999999999920e-02
3.838572999999999985e-02
3.697800999999999866e-02
4.083156000000000285e-02
3.567591999999999985e-02
3.089203000000000088e-02
2.666067000000000090e-02
2.193509999999999904e-02
1.954482999999999915e-02
1.843482999999999927e-02
1.869501999999999969e-02
1.829741999999999827e-02
1.834542000000000117e-02
2.030121999999999829e-02
2.102578000000000086e-02
2.257721999999999854e-02
2.085878999999999858e-02
2.165144999999999917e-02
2.086410000000000001e-02
2.090293999999999833e-02
1.898932999999999871e-02
1.866850999999999927e-02
1.965178999999999884e-02
1.882903000000000007e-02
1.853420000000000067e-02
1.827708000000000110e-02
1.873471000000000164e-02
1.895915999999999921e-02
1.836745999999999865e-02
1.779856000000000146e-02
1.900427999999999840e-02
1.918115999999999918e-02
1.840583000000000150e-02
1.738303000000000070e-02
1.762651000000000148e-02
1.878907999999999967e-02
1.991124000000000019e-02
2.014946999999999919e-02
1.879284000000000163e-02
1.796843000000000051e-02
1.769048999999999969e-02
1.826938999999999994e-02
1.938025000000000164e-02
2.002129000000000061e-02
2.026450000000000126e-02
1.881508999999999959e-02
1.783333000000000140e-02
1.788253999999999885e-02
1.891287999999999997e-02
2.084327000000000055e-02
1.906771000000000160e-02
1.812553999999999901e-02
1.913863999999999843e-02
1.833846999999999908e-02
1.805303000000000116e-02
1.927598999999999979e-02
1.798871000000000150e-02
1.597575000000000037e-02
