2.018968000000000151e-02
2.378289000000000097e-02
2.283359000000000083e-02
1.892471000000000084e-02
2.156875000000000112e-02
2.973560000000000092e-02
3.574444999999999706e-02
3.968238000000000321e-02
3.734109000000000039e-02
2.862742000000000064e-02
2.102866000000000110e-02
1.994759000000000115e-02
2.486321000000000017e-02
2.759487000000000051e-02
2.983252000000000126e-02
2.643635999999999903e-02
2.311869000000000077e-02
2.217598000000000139e-02
2.895112000000000033e-02
3.506266000000000244e-02
3.425382999999999900e-02
3.462102999999999708e-02
3.448957999999999885e-02
3.043645000000000031e-02
3.704371000000000053e-02
3.748205000000000287e-02
3.066812999999999831e-02
2.555543999999999871e-02
2.143066999999999889e-02
2.504713000000000078e-02
2.855366999999999975e-02
2.723391999999999827e-02
2.934078999999999854e-02
3.872388999999999692e-02
4.844973999999999809e-02
3.884742000000000056e-02
3.350716000000000111e-02
3.178015000000000007e-02
2.755105999999999875e-02
2.907482000000000122e-02
2.962945999999999983e-02
3.261267000000000332e-02
3.621241000000000043e-02
4.153665000000000135e-02
4.620892000000000055e-02
5.787143000000000148e-02
7.824029000000000400e-02
7.205788999999999944e-02
4.390108999999999678e-02
3.497122999999999898e-02
3.178642999999999746e-02
5.883495999999999865e-02
8.038267999999999802e-02
1.530549499999999952e-01
2.004228100000000068e-01
2.000801899999999911e-01
2.137386099999999955e-01
2.135089799999999871e-01
2.103701199999999938e-01
1.667733799999999988e-01
9.830015000000000280e-02
7.618141999999999969e-02
4.016233999999999776e-02
2.197052999999999853e-02
