3.510620999999999881e-02
3.685680999999999680e-02
2.714681999999999859e-02
2.269312000000000065e-02
2.210097999999999924e-02
3.289278999999999814e-02
5.526211999999999791e-02
8.095065999999999373e-02
1.126074299999999945e-01
1.427151600000000076e-01
1.473490399999999867e-01
1.375973100000000005e-01
1.290832299999999933e-01
9.437260999999999567e-02
5.051818000000000281e-02
4.419722000000000234e-02
3.127165999999999974e-02
1.979090999999999836e-02
2.180322000000000163e-02
2.303503999999999968e-02
2.321996999999999950e-02
2.763422999999999921e-02
3.272073999999999816e-02
4.168427999999999717e-02
5.074122999999999828e-02
4.345708999999999683e-02
2.753359999999999835e-02
2.158111999999999878e-02
2.123734000000000038e-02
2.271642999999999926e-02
2.358738000000000154e-02
2.380115999999999829e-02
2.323814000000000088e-02
2.502249999999999960e-02
2.493719999999999964e-02
2.267608000000000124e-02
2.165152999999999869e-02
2.355184999999999917e-02
2.310856999999999842e-02
2.043976000000000126e-02
2.033833999999999989e-02
2.023988999999999996e-02
2.252542999999999906e-02
2.183045000000000124e-02
2.348795999999999870e-02
2.354010999999999951e-02
2.153913000000000008e-02
1.947265999999999928e-02
2.041642999999999930e-02
2.356849000000000097e-02
2.631945999999999938e-02
2.632311999999999846e-02
2.261828999999999923e-02
1.890118000000000006e-02
2.025578000000000101e-02
2.209033999999999998e-02
2.133374000000000034e-02
2.225260999999999906e-02
2.374174999999999897e-02
2.116853999999999958e-02
2.225250000000000145e-02
2.134155999999999900e-02
1.980787999999999993e-02
1.728280000000000094e-02
