1.651098000000000149e-02
1.910687999999999970e-02
2.026381000000000016e-02
1.936099999999999974e-02
1.997733000000000148e-02
2.068845999999999880e-02
1.893962999999999897e-02
2.138599000000000055e-02
2.193004999999999954e-02
2.168203999999999965e-02
2.272688000000000139e-02
2.423172999999999994e-02
2.097732000000000069e-02
2.349377999999999883e-02
2.170147000000000048e-02
2.106960000000000083e-02
2.355391999999999902e-02
1.982942000000000038e-02
1.978022999999999934e-02
1.885544999999999929e-02
1.906655000000000155e-02
1.841879999999999906e-02
1.930097000000000063e-02
1.902227999999999905e-02
2.113481999999999861e-02
2.453877000000000141e-02
2.273137999999999895e-02
2.072214000000000000e-02
1.885440999999999853e-02
1.828271999999999883e-02
1.857833999999999874e-02
1.859658999999999965e-02
1.930754000000000151e-02
1.853445000000000092e-02
1.858537000000000036e-02
1.898582999999999868e-02
1.889025999999999900e-02
1.902678000000000008e-02
1.901241999999999863e-02
1.774979000000000140e-02
1.837427999999999978e-02
1.805858999999999936e-02
1.857218000000000063e-02
1.843817000000000025e-02
1.827341999999999855e-02
1.864564999999999972e-02
1.922990999999999936e-02
1.851357000000000003e-02
1.824394000000000016e-02
1.854648000000000060e-02
1.870441999999999938e-02
1.933636999999999856e-02
1.865773999999999905e-02
1.857920999999999878e-02
1.881040000000000142e-02
1.908409999999999968e-02
1.822568999999999925e-02
1.838164999999999938e-02
1.871172000000000113e-02
1.915796999999999986e-02
1.912940999999999947e-02
1.850063999999999875e-02
1.710679999999999840e-02
1.607257999999999951e-02
