1.700248999999999858e-02
2.074393999999999891e-02
2.169520000000000129e-02
2.522898999999999975e-02
2.675311999999999829e-02
2.111920999999999937e-02
2.008187000000000166e-02
2.061568999999999902e-02
2.158931999999999865e-02
2.077733000000000010e-02
2.093534000000000020e-02
2.019110000000000002e-02
2.053475999999999912e-02
1.964575000000000002e-02
2.034893000000000118e-02
2.369115000000000110e-02
2.056335000000000107e-02
1.944569999999999979e-02
2.014492999999999839e-02
2.855697000000000096e-02
3.180593999999999782e-02
3.190848999999999769e-02
2.571655000000000121e-02
2.109035000000000076e-02
2.219404999999999989e-02
2.676426000000000152e-02
3.166659000000000140e-02
2.647957000000000088e-02
2.722103999999999843e-02
3.166824000000000028e-02
3.597642000000000201e-02
4.083886999999999934e-02
3.438131999999999994e-02
2.596446000000000170e-02
2.323967000000000047e-02
2.662232999999999961e-02
3.479182000000000108e-02
8.836757000000000639e-02
1.191188599999999931e-01
1.237814599999999959e-01
1.300550000000000039e-01
1.215690499999999979e-01
1.017587400000000003e-01
6.536654000000000075e-02
3.951408000000000004e-02
2.614154000000000130e-02
2.105173999999999934e-02
2.164040999999999881e-02
2.015190000000000037e-02
2.361836000000000144e-02
2.548426000000000163e-02
3.240768499999999858e-02
3.462664499999999757e-02
3.737187000000000148e-02
4.097333999999999699e-02
3.958306000000000324e-02
3.106523500000000007e-02
2.410695499999999936e-02
2.251465000000000063e-02
2.087549500000000086e-02
2.107652499999999873e-02
2.258686000000000027e-02
2.033685999999999827e-02
1.712248999999999716e-02
