1.726899000000000142e-02
2.316653999999999936e-02
2.879347000000000156e-02
3.071464000000000139e-02
2.969685000000000033e-02
3.629214000000000051e-02
3.725512999999999741e-02
3.716023999999999716e-02
3.610713000000000117e-02
3.820616999999999763e-02
3.275907000000000124e-02
2.518992999999999927e-02
2.283400999999999834e-02
2.072455999999999951e-02
2.102006000000000013e-02
1.955536999999999900e-02
1.948253000000000137e-02
2.083870999999999987e-02
2.286732000000000001e-02
2.407224999999999990e-02
2.570348000000000077e-02
2.523007999999999848e-02
2.350257999999999861e-02
2.136346999999999899e-02
2.014577999999999855e-02
2.049673999999999940e-02
2.066110000000000169e-02
2.008679999999999841e-02
2.102506999999999987e-02
2.014178999999999969e-02
1.900995999999999936e-02
1.969165999999999972e-02
1.905089999999999908e-02
1.908185000000000089e-02
1.854621999999999868e-02
1.880369999999999958e-02
1.977463000000000137e-02
2.036152999999999921e-02
1.910034000000000037e-02
1.865063999999999958e-02
1.880220999999999976e-02
2.171150000000000163e-02
2.229302999999999840e-02
1.988457999999999892e-02
1.913124999999999895e-02
1.965137000000000134e-02
2.023016000000000050e-02
2.026359000000000146e-02
2.217515999999999932e-02
2.155467000000000147e-02
1.965996000000000063e-02
1.905445000000000055e-02
1.938225000000000017e-02
2.142292999999999975e-02
2.248402000000000039e-02
2.260202999999999865e-02
2.079117000000000118e-02
1.867850999999999886e-02
1.851915999999999979e-02
1.938080999999999832e-02
1.897282000000000135e-02
2.097653000000000018e-02
1.894937000000000010e-02
1.660849000000000006e-02
