1.809764999999999985e-02
2.552810000000000148e-02
2.836514999999999870e-02
2.295074999999999893e-02
2.337043000000000106e-02
2.566608999999999904e-02
2.279986999999999986e-02
2.473258999999999874e-02
2.963081000000000048e-02
2.769902000000000128e-02
2.822587000000000013e-02
2.330841000000000163e-02
2.026441999999999827e-02
2.282848999999999989e-02
2.414501999999999968e-02
2.522223000000000173e-02
2.570023000000000099e-02
2.241633999999999988e-02
2.419235999999999956e-02
3.120496000000000034e-02
3.593741000000000296e-02
3.357672999999999908e-02
2.270971000000000101e-02
2.300243000000000079e-02
3.724366999999999955e-02
1.177686500000000025e-01
1.211081774999999972e-01
1.244477050000000057e-01
1.277872325000000142e-01
1.311267600000000089e-01
1.362782999999999911e-01
1.410814800000000091e-01
1.112138900000000097e-01
8.134629999999999639e-02
3.965294999999999931e-02
2.989614999999999981e-02
1.968282000000000018e-02
2.205868000000000065e-02
2.644867999999999872e-02
2.844077999999999884e-02
3.976963000000000026e-02
3.961511000000000199e-02
5.132727000000000123e-02
5.005739000000000022e-02
4.079042000000000084e-02
3.049676999999999943e-02
2.131956999999999949e-02
2.133687000000000084e-02
2.549933999999999881e-02
2.726171000000000150e-02
2.863941000000000056e-02
2.492555000000000118e-02
2.606328999999999937e-02
2.594300999999999899e-02
2.075536999999999868e-02
2.128591000000000164e-02
2.186385000000000065e-02
2.051632999999999929e-02
1.999247999999999997e-02
2.263298000000000046e-02
2.420411999999999911e-02
2.273466000000000029e-02
1.926156000000000049e-02
1.898719999999999922e-02
