2.975432999999999897e-02
4.205542999999999781e-02
6.965467000000000186e-02
1.044129000000000029e-01
1.518607999999999902e-01
1.703838299999999861e-01
1.718497999999999970e-01
1.396236899999999947e-01
1.021209500000000020e-01
8.865322000000000480e-02
7.628099000000000685e-02
4.845949000000000090e-02
3.179561000000000193e-02
2.255657999999999969e-02
2.353546999999999931e-02
2.234649999999999831e-02
2.771283000000000080e-02
3.375746999999999776e-02
3.574822999999999890e-02
3.637880000000000280e-02
4.016113999999999795e-02
3.775553000000000242e-02
2.879175999999999958e-02
2.512642000000000000e-02
2.266583999999999960e-02
2.179700999999999861e-02
2.327227000000000115e-02
2.326690000000000008e-02
2.648338999999999901e-02
2.555369000000000043e-02
2.079626999999999865e-02
2.033126000000000030e-02
2.088817000000000104e-02
1.933102999999999905e-02
1.937639000000000028e-02
2.027525999999999981e-02
2.123157000000000169e-02
2.094601999999999922e-02
2.222657000000000105e-02
2.267233000000000095e-02
2.418090999999999990e-02
2.282083000000000028e-02
2.163129000000000093e-02
2.047457000000000096e-02
2.177586000000000105e-02
2.461616000000000151e-02
2.366323999999999858e-02
2.219573000000000032e-02
2.120189000000000101e-02
1.957153999999999838e-02
1.893695000000000100e-02
2.167252999999999888e-02
2.473014000000000115e-02
2.637621999999999883e-02
2.405486999999999903e-02
2.113966999999999929e-02
2.176669000000000173e-02
2.514132000000000172e-02
2.220567000000000027e-02
2.303258000000000041e-02
2.057310000000000041e-02
2.078539000000000081e-02
1.984500000000000153e-02
1.803746999999999989e-02
