1.793490999999999835e-02
2.075170000000000139e-02
1.826411000000000007e-02
1.989333000000000073e-02
2.033056999999999920e-02
2.330474999999999908e-02
2.430718000000000115e-02
2.568024000000000001e-02
2.326732999999999926e-02
1.940118999999999871e-02
1.792656000000000110e-02
1.810770999999999908e-02
1.958999000000000157e-02
2.072813000000000086e-02
2.312791999999999973e-02
2.386492000000000127e-02
2.083072999999999869e-02
2.007134000000000001e-02
2.345958999999999892e-02
3.058272999999999894e-02
2.805194999999999911e-02
2.133641000000000010e-02
1.841773000000000021e-02
1.919929000000000080e-02
2.651950999999999961e-02
3.891283999999999715e-02
5.298405999999999949e-02
6.499860000000000360e-02
5.823661000000000115e-02
5.158193999999999974e-02
4.491205000000000197e-02
3.376934000000000186e-02
2.498507000000000158e-02
2.041313999999999976e-02
1.778098999999999999e-02
1.836977999999999875e-02
2.061904999999999988e-02
2.336993999999999877e-02
2.292875999999999942e-02
2.338387999999999925e-02
2.597506999999999941e-02
2.503721000000000071e-02
2.280555000000000082e-02
2.151913999999999910e-02
1.969575000000000145e-02
1.875372999999999971e-02
1.891392999999999894e-02
1.932532000000000000e-02
1.839096999999999954e-02
2.053597999999999882e-02
1.973327000000000067e-02
1.867774000000000170e-02
1.959305999999999895e-02
1.924849000000000004e-02
1.805251000000000078e-02
1.823090999999999948e-02
1.825641000000000069e-02
1.826198999999999878e-02
1.854222000000000162e-02
1.893295999999999868e-02
1.841798999999999867e-02
1.875401999999999972e-02
1.741441999999999990e-02
1.613414000000000167e-02
