2.799329000000000053e-02
3.733452000000000298e-02
3.713530000000000303e-02
3.521417000000000297e-02
3.614305000000000295e-02
3.609688999999999953e-02
3.051569000000000156e-02
2.401464000000000029e-02
1.969409000000000090e-02
1.988909000000000163e-02
2.077168000000000070e-02
2.125942000000000109e-02
2.363523000000000013e-02
2.529220999999999900e-02
2.838707999999999856e-02
3.099150000000000169e-02
3.617117000000000249e-02
3.843437999999999716e-02
2.916737999999999970e-02
2.626198999999999895e-02
2.229452000000000170e-02
2.138684999999999892e-02
2.088852000000000070e-02
2.137164999999999898e-02
2.680750000000000147e-02
2.533919000000000102e-02
2.033953000000000150e-02
2.147481000000000043e-02
2.251792999999999850e-02
2.305153999999999884e-02
2.306483999999999965e-02
2.422488000000000072e-02
2.183041999999999969e-02
2.104434000000000166e-02
2.153810000000000099e-02
2.047937999999999842e-02
2.380285999999999860e-02
2.610836999999999880e-02
2.548802000000000012e-02
2.147997000000000101e-02
2.106016999999999958e-02
2.619753000000000012e-02
3.140464999999999923e-02
3.535623999999999711e-02
2.728618000000000016e-02
2.141927000000000067e-02
2.414033000000000151e-02
2.824565999999999882e-02
2.653954999999999856e-02
2.432859999999999884e-02
2.288540999999999839e-02
2.095295000000000143e-02
1.960454000000000016e-02
2.104831999999999884e-02
2.346994000000000163e-02
2.369421999999999848e-02
2.308094999999999938e-02
2.115171999999999886e-02
2.073983000000000076e-02
2.059199999999999919e-02
2.197284000000000043e-02
2.258980999999999836e-02
1.905942000000000053e-02
1.731310999999999961e-02
