1.812222000000000138e-02
2.052816999999999836e-02
2.048718999999999887e-02
2.051456000000000113e-02
1.876420000000000171e-02
1.806572999999999860e-02
1.849964999999999943e-02
1.902902999999999886e-02
1.872129999999999975e-02
2.009168000000000065e-02
2.016766999999999865e-02
1.894602000000000092e-02
2.061288999999999830e-02
2.280951999999999980e-02
2.512208999999999970e-02
2.359030999999999975e-02
2.044974000000000097e-02
1.872992999999999880e-02
1.850457000000000143e-02
2.005345000000000044e-02
2.068735999999999839e-02
2.196636999999999895e-02
2.388940000000000161e-02
2.205415000000000153e-02
2.528160000000000129e-02
2.903415000000000162e-02
3.345601000000000130e-02
3.314352999999999744e-02
2.098474000000000173e-02
2.041480999999999851e-02
2.816801000000000027e-02
3.392483000000000304e-02
5.873074999999999823e-02
6.259805000000000230e-02
6.110659999999999703e-02
6.931824999999999792e-02
6.029690000000000050e-02
4.856477000000000016e-02
3.349797999999999665e-02
2.176221999999999879e-02
1.810033000000000128e-02
1.852557999999999983e-02
1.911569000000000115e-02
2.021993999999999875e-02
2.228870999999999977e-02
2.693887000000000018e-02
3.226232999999999879e-02
2.919725999999999919e-02
2.526607000000000158e-02
2.344989000000000101e-02
2.388374999999999873e-02
2.185580000000000161e-02
1.995900000000000105e-02
2.110775999999999972e-02
2.240645000000000137e-02
2.184826999999999950e-02
2.371389000000000136e-02
2.587006999999999848e-02
2.407395999999999842e-02
2.247236000000000025e-02
2.397389999999999938e-02
2.377519999999999981e-02
2.063359000000000026e-02
1.661440999999999960e-02
