2.055152999999999841e-02
2.783855999999999831e-02
3.546637999999999874e-02
4.335390000000000077e-02
4.810352999999999851e-02
5.261750999999999928e-02
4.561221000000000025e-02
4.047197000000000294e-02
3.522871999999999809e-02
3.415080999999999672e-02
2.749006999999999840e-02
2.125004999999999949e-02
1.904731000000000132e-02
1.869407000000000013e-02
1.994517999999999985e-02
1.970519000000000090e-02
2.051969000000000015e-02
2.168660000000000032e-02
2.157132999999999967e-02
2.299121000000000151e-02
2.321132999999999877e-02
2.179713999999999957e-02
1.960995999999999920e-02
1.836085999999999968e-02
1.814253000000000046e-02
1.828851999999999908e-02
1.848175000000000165e-02
1.906605999999999926e-02
1.990335999999999841e-02
1.879226000000000160e-02
1.824695999999999957e-02
1.808925000000000116e-02
1.836081000000000171e-02
1.804586999999999858e-02
1.811520999999999965e-02
1.816738000000000033e-02
1.863458999999999949e-02
1.827911999999999940e-02
1.899568999999999910e-02
1.874893999999999866e-02
1.873077999999999896e-02
1.890268000000000156e-02
1.860575000000000076e-02
1.820259999999999934e-02
1.871719999999999981e-02
1.947925000000000004e-02
1.919057999999999875e-02
1.830450999999999953e-02
1.785528000000000115e-02
1.762276999999999941e-02
1.806579000000000171e-02
1.853735999999999925e-02
1.880884000000000028e-02
1.909198000000000145e-02
1.877339999999999912e-02
1.825784999999999908e-02
1.878702000000000150e-02
1.896696000000000146e-02
1.838938999999999852e-02
1.799680000000000030e-02
1.805922000000000083e-02
1.812775000000000150e-02
1.731977000000000169e-02
1.597426000000000054e-02
