1.661773000000000070e-02
2.305708000000000063e-02
3.470200999999999841e-02
2.607456000000000010e-02
2.761506000000000030e-02
3.180532999999999971e-02
2.538674000000000139e-02
3.175599999999999951e-02
2.868170999999999915e-02
4.364963000000000176e-02
4.082304999999999962e-02
4.130356000000000305e-02
2.751912999999999929e-02
2.765667000000000125e-02
3.430021999999999932e-02
3.636543999999999888e-02
4.445140000000000202e-02
3.255258999999999930e-02
3.091156999999999933e-02
4.130124000000000295e-02
6.133784999999999932e-02
5.953819999999999946e-02
6.890432000000000501e-02
3.276489999999999958e-02
2.583857000000000168e-02
3.203351000000000115e-02
6.340521999999999825e-02
1.350003200000000070e-01
1.942525800000000080e-01
1.823657899999999998e-01
1.735882199999999875e-01
1.618678299999999903e-01
1.369003699999999935e-01
7.355986999999999942e-02
4.566139999999999782e-02
2.538369000000000042e-02
2.214172999999999836e-02
2.619468000000000144e-02
2.829964999999999911e-02
3.638556999999999902e-02
4.473275000000000168e-02
4.639760999999999885e-02
4.949158000000000029e-02
4.789072999999999941e-02
3.648913000000000156e-02
2.790012000000000048e-02
1.952589000000000061e-02
2.124225999999999892e-02
2.453065999999999927e-02
3.116396999999999917e-02
3.197320000000000023e-02
2.759545999999999874e-02
2.657498000000000152e-02
2.404041000000000164e-02
2.244540999999999897e-02
2.519015999999999963e-02
2.531345000000000123e-02
2.367355000000000154e-02
2.249345000000000164e-02
2.988241999999999982e-02
2.926540999999999865e-02
2.315247999999999959e-02
2.098316999999999891e-02
1.959448999999999913e-02
