2.892325000000000104e-02
4.018660000000000287e-02
3.878057000000000032e-02
3.245214999999999905e-02
2.824675999999999923e-02
2.403972999999999874e-02
2.240686000000000067e-02
1.959535999999999917e-02
1.841169999999999959e-02
1.867894000000000151e-02
1.910970000000000030e-02
1.861163000000000053e-02
1.922304999999999847e-02
2.130910000000000096e-02
2.185635999999999829e-02
2.052237000000000158e-02
1.976098999999999911e-02
2.001415000000000138e-02
1.898417000000000160e-02
1.855847999999999873e-02
1.839634999999999881e-02
1.851399999999999921e-02
1.804147999999999863e-02
1.796659000000000103e-02
1.857781999999999836e-02
1.865721000000000046e-02
1.831388000000000113e-02
1.834538000000000141e-02
1.815958999999999976e-02
1.834076999999999930e-02
1.826337999999999920e-02
1.844134999999999872e-02
1.832614000000000118e-02
1.866117999999999943e-02
1.772218000000000057e-02
1.800830000000000139e-02
1.895414999999999947e-02
1.869733000000000159e-02
1.854060000000000083e-02
1.782090000000000063e-02
1.798537999999999873e-02
1.835965999999999987e-02
1.969022999999999954e-02
1.937393999999999922e-02
1.879441000000000098e-02
1.884247000000000005e-02
1.925046999999999869e-02
2.040424000000000057e-02
2.004107000000000111e-02
1.928641999999999856e-02
1.871398000000000159e-02
1.850624000000000019e-02
1.897027999999999909e-02
1.889599000000000140e-02
2.002461000000000171e-02
2.062976999999999866e-02
2.010980000000000059e-02
2.024619000000000071e-02
2.052477000000000121e-02
2.014225999999999864e-02
2.100522000000000153e-02
2.179309000000000107e-02
1.911422999999999942e-02
1.727172000000000082e-02
