3.001693000000000069e-02
4.178488999999999814e-02
4.010576999999999892e-02
3.435418999999999973e-02
2.967859999999999943e-02
2.843096999999999985e-02
2.586743000000000028e-02
2.058257999999999963e-02
1.854775999999999994e-02
1.980171000000000014e-02
1.906644000000000047e-02
2.010504000000000110e-02
2.121763999999999942e-02
2.327277000000000165e-02
2.575256000000000073e-02
2.550819000000000003e-02
2.379171000000000064e-02
2.272456000000000129e-02
2.005412000000000167e-02
1.914019999999999957e-02
1.912602000000000052e-02
1.908448000000000089e-02
1.840268999999999933e-02
1.818213000000000121e-02
1.864371000000000084e-02
1.906044000000000141e-02
1.848061000000000148e-02
1.857916000000000081e-02
1.892355000000000079e-02
1.838354999999999850e-02
1.849034000000000094e-02
1.871474999999999875e-02
1.836992999999999959e-02
1.789075000000000040e-02
1.826904000000000028e-02
1.809778999999999902e-02
1.819942000000000087e-02
1.816670000000000090e-02
1.823560000000000111e-02
1.755889000000000061e-02
1.798044999999999852e-02
1.870052000000000172e-02
1.894679000000000155e-02
1.857964000000000143e-02
1.807200999999999946e-02
1.801209999999999964e-02
1.903940999999999967e-02
1.905263999999999916e-02
1.835764999999999966e-02
1.755993999999999958e-02
1.786957000000000129e-02
1.776482000000000061e-02
1.789856000000000086e-02
1.818789000000000169e-02
1.870913000000000090e-02
1.809258999999999867e-02
1.797011999999999915e-02
1.823057000000000150e-02
1.847677000000000000e-02
1.804216000000000153e-02
1.787414999999999837e-02
1.817331999999999975e-02
1.703560999999999964e-02
1.575841999999999868e-02
