1.729054999999999828e-02
2.101617999999999889e-02
2.171833999999999917e-02
2.545978999999999950e-02
2.787434000000000092e-02
2.954265999999999837e-02
2.638957999999999929e-02
2.438685000000000158e-02
2.185751999999999834e-02
2.208517000000000119e-02
2.001864000000000074e-02
1.917688999999999852e-02
1.871453000000000005e-02
1.840668000000000165e-02
1.836611000000000146e-02
1.833546000000000134e-02
1.868277000000000132e-02
1.796572000000000099e-02
1.796897999999999898e-02
1.847278000000000114e-02
1.825003999999999862e-02
1.831266000000000144e-02
1.795758000000000076e-02
1.782606999999999942e-02
1.825759000000000062e-02
1.863172000000000092e-02
1.849220000000000030e-02
1.823773000000000061e-02
1.820228999999999944e-02
1.788460999999999870e-02
1.811050000000000160e-02
1.820810000000000137e-02
1.838474000000000011e-02
1.839456000000000077e-02
1.812998000000000040e-02
1.820089000000000082e-02
1.839688999999999908e-02
1.922298999999999883e-02
1.856995999999999994e-02
1.817507000000000150e-02
1.748662999999999954e-02
1.823239999999999930e-02
1.918223000000000150e-02
1.884991999999999918e-02
1.842631999999999950e-02
1.876653000000000002e-02
1.893032999999999869e-02
1.901894999999999974e-02
2.008230999999999905e-02
1.946755000000000013e-02
1.870983000000000021e-02
1.839740000000000125e-02
1.889781000000000100e-02
2.031936999999999979e-02
2.108049999999999854e-02
2.110104000000000146e-02
1.952382999999999896e-02
1.810248999999999886e-02
1.865771999999999917e-02
1.940379000000000062e-02
1.867063000000000056e-02
2.007658000000000012e-02
1.852660000000000071e-02
1.661560999999999941e-02
