2.577553999999999956e-02
2.970329999999999845e-02
2.601049000000000069e-02
2.284392000000000020e-02
1.866686000000000040e-02
2.114914999999999851e-02
2.401974999999999943e-02
2.413202000000000055e-02
2.228298999999999905e-02
2.401769999999999947e-02
2.608844999999999914e-02
3.393083999999999684e-02
4.025838999999999807e-02
5.196390000000000037e-02
4.393409999999999677e-02
3.359800999999999760e-02
2.164574999999999833e-02
2.270532000000000106e-02
2.712082999999999855e-02
2.864430000000000101e-02
2.819897000000000029e-02
3.277383999999999853e-02
3.539211999999999914e-02
5.324579000000000117e-02
6.063661000000000051e-02
4.540870999999999796e-02
5.407266000000000156e-02
3.327597999999999667e-02
3.199402999999999969e-02
6.490016999999999314e-02
1.119626499999999969e-01
1.576892099999999963e-01
2.286989500000000120e-01
2.193224400000000074e-01
1.941236899999999876e-01
1.862308400000000086e-01
1.307462299999999911e-01
7.129022000000000137e-02
4.125171999999999867e-02
2.330308999999999853e-02
2.509213000000000068e-02
3.226591000000000181e-02
3.883894999999999709e-02
4.226392999999999817e-02
4.683115000000000194e-02
5.975811999999999791e-02
7.352021000000000250e-02
5.833445999999999770e-02
3.941719999999999946e-02
2.407837999999999992e-02
2.147831999999999866e-02
2.310513999999999971e-02
2.296994999999999940e-02
2.923471000000000056e-02
3.450290000000000301e-02
3.526268999999999931e-02
3.688247000000000053e-02
4.073948000000000152e-02
3.559919999999999751e-02
2.503876000000000018e-02
2.363625999999999922e-02
2.503767000000000145e-02
2.153508000000000158e-02
1.934189999999999868e-02
