2.849107999999999849e-02
3.002695000000000017e-02
2.533115000000000019e-02
2.428082999999999977e-02
2.056946999999999942e-02
1.918531999999999876e-02
1.940319999999999892e-02
2.114711000000000021e-02
2.589125999999999928e-02
2.688812000000000146e-02
2.446498999999999896e-02
2.164465000000000139e-02
2.411765999999999910e-02
2.839937999999999838e-02
2.660761999999999849e-02
2.512431999999999860e-02
2.621893999999999961e-02
2.531718999999999983e-02
2.325667000000000012e-02
2.020838000000000148e-02
2.487197000000000019e-02
2.718384000000000078e-02
2.299108999999999875e-02
2.425959999999999922e-02
2.569725999999999955e-02
2.530560000000000101e-02
2.560892000000000029e-02
2.867489999999999969e-02
3.009051999999999907e-02
3.624187000000000242e-02
3.103517000000000081e-02
2.898525000000000060e-02
2.423053000000000012e-02
2.152915000000000037e-02
2.157130000000000158e-02
2.676461999999999938e-02
3.010904999999999831e-02
2.831985000000000058e-02
2.513889000000000054e-02
3.042409000000000086e-02
3.951501000000000319e-02
4.723378000000000299e-02
4.295199000000000239e-02
3.678184000000000314e-02
2.772960999999999829e-02
3.413830999999999810e-02
4.866597000000000284e-02
7.980220000000000369e-02
1.074145400000000028e-01
1.428596400000000100e-01
1.613566300000000009e-01
1.499246200000000084e-01
1.448080800000000057e-01
1.258699000000000068e-01
8.192707999999999935e-02
4.373545999999999684e-02
2.923674999999999885e-02
2.206324000000000132e-02
2.065677999999999959e-02
2.149167000000000091e-02
2.460369999999999918e-02
2.455550999999999914e-02
2.179872999999999880e-02
1.840473999999999929e-02
