1.766639999999999877e-02
1.941994999999999832e-02
1.834902000000000061e-02
1.832541000000000031e-02
1.958454000000000098e-02
1.970165999999999931e-02
1.864999999999999991e-02
1.834567999999999963e-02
1.814599999999999894e-02
1.819886000000000073e-02
1.793660000000000046e-02
1.811358000000000065e-02
1.884196000000000135e-02
1.884293000000000079e-02
1.815833000000000030e-02
1.797498999999999972e-02
1.808409000000000058e-02
1.867221999999999979e-02
1.909212999999999882e-02
1.914677999999999866e-02
1.961550000000000099e-02
1.882926000000000044e-02
2.086398999999999893e-02
2.190044000000000018e-02
2.135470000000000076e-02
2.065147000000000163e-02
1.918600999999999987e-02
1.816003000000000062e-02
1.833821000000000062e-02
1.992756999999999862e-02
2.022648999999999975e-02
2.236194000000000029e-02
2.471483000000000013e-02
2.524275999999999950e-02
2.622315000000000063e-02
2.564552999999999972e-02
2.225098000000000006e-02
2.074410999999999963e-02
2.205127000000000129e-02
2.682197999999999874e-02
3.918698999999999794e-02
5.528092999999999896e-02
6.115745999999999682e-02
6.488182000000000671e-02
6.218751000000000140e-02
5.200617999999999908e-02
4.246068000000000064e-02
3.658539000000000235e-02
2.630334000000000144e-02
1.979699000000000042e-02
1.903298000000000142e-02
1.935202999999999923e-02
2.146098000000000103e-02
2.542296000000000139e-02
3.451129000000000002e-02
3.523111000000000298e-02
3.245471999999999940e-02
3.016078000000000162e-02
2.978263999999999911e-02
3.066521999999999998e-02
2.757859000000000005e-02
2.310844000000000092e-02
1.839585999999999999e-02
1.656163000000000080e-02
