5.540358000000000088e-02
7.422692999999999652e-02
5.327695999999999821e-02
3.396984000000000115e-02
2.818172000000000038e-02
2.648073999999999914e-02
2.443510999999999947e-02
2.672831000000000165e-02
3.945883000000000029e-02
3.858418000000000264e-02
3.304859999999999742e-02
4.756698000000000176e-02
6.889267000000000307e-02
8.324014999999999886e-02
8.485977000000000103e-02
4.683129999999999932e-02
2.963404999999999859e-02
2.610923000000000063e-02
6.516718999999999984e-02
1.019120399999999954e-01
1.871231600000000106e-01
2.691338699999999973e-01
2.533052599999999766e-01
2.223808200000000068e-01
1.991989899999999925e-01
1.739281099999999969e-01
1.018503399999999975e-01
4.550324000000000035e-02
2.797627000000000100e-02
2.221889000000000156e-02
3.102167000000000119e-02
4.256091000000000041e-02
4.580516999999999922e-02
6.841597000000000650e-02
9.232258999999999605e-02
7.799876000000000031e-02
8.266405999999999754e-02
7.715524999999999467e-02
5.227178999999999853e-02
4.076251000000000180e-02
3.729193000000000091e-02
3.701162999999999675e-02
3.108696000000000029e-02
2.638255000000000114e-02
3.108305000000000096e-02
3.197979000000000099e-02
2.806735000000000133e-02
2.384850999999999985e-02
2.404330000000000009e-02
2.664934000000000053e-02
3.494793000000000205e-02
2.923778000000000141e-02
2.187176999999999871e-02
2.069417999999999952e-02
2.199686000000000002e-02
2.628971999999999906e-02
2.879432000000000172e-02
4.142126000000000141e-02
4.912488000000000271e-02
3.569835999999999843e-02
2.289191000000000142e-02
1.993007999999999932e-02
2.002351999999999951e-02
2.061491000000000018e-02
