2.209126999999999966e-02
3.320726999999999707e-02
3.306822000000000233e-02
3.730506000000000100e-02
4.936730000000000285e-02
5.228369000000000072e-02
3.684583000000000302e-02
2.479036999999999907e-02
2.072434999999999902e-02
2.178017999999999968e-02
3.420614000000000293e-02
6.981663000000000452e-02
9.743625000000000203e-02
1.215945600000000043e-01
1.290165500000000076e-01
1.366064300000000009e-01
1.232180699999999990e-01
8.480938000000000365e-02
5.624197000000000224e-02
3.570667000000000285e-02
2.469528000000000001e-02
2.139382999999999910e-02
2.087835999999999859e-02
2.331926000000000138e-02
2.789907999999999971e-02
3.323659000000000335e-02
4.481206000000000078e-02
4.835199999999999915e-02
3.727244999999999864e-02
3.602451000000000264e-02
3.111743000000000148e-02
2.712397999999999892e-02
2.621783999999999920e-02
2.644118999999999983e-02
2.753357000000000027e-02
2.855540000000000161e-02
2.172467000000000148e-02
2.035614999999999994e-02
2.220261000000000109e-02
2.219700999999999966e-02
2.087591999999999920e-02
1.916852000000000139e-02
2.022875999999999841e-02
2.066286999999999985e-02
2.019655000000000061e-02
1.895248000000000071e-02
2.241214000000000053e-02
2.623494999999999994e-02
2.678374999999999853e-02
2.852400000000000074e-02
2.526754999999999973e-02
2.045838999999999991e-02
1.950593000000000118e-02
2.162356000000000000e-02
2.327755999999999922e-02
2.365814999999999932e-02
2.438527999999999876e-02
2.071307000000000009e-02
1.974454000000000140e-02
2.058959000000000136e-02
2.170493000000000075e-02
2.273023000000000057e-02
2.158716999999999928e-02
1.744483000000000145e-02
