1.797970999999999944e-02
2.123651000000000011e-02
2.081683999999999965e-02
1.806550000000000170e-02
2.030886000000000149e-02
2.345544000000000101e-02
2.663246999999999837e-02
3.161150000000000071e-02
3.179552000000000073e-02
2.544394000000000169e-02
2.144822000000000048e-02
2.001233999999999999e-02
2.149097999999999981e-02
2.259144000000000083e-02
2.471150999999999903e-02
2.475408999999999943e-02
2.329954999999999873e-02
2.046308000000000155e-02
2.222866999999999899e-02
2.512860999999999914e-02
2.868756000000000084e-02
3.475289000000000156e-02
2.890117999999999854e-02
2.323965999999999879e-02
2.723029000000000074e-02
3.203703000000000106e-02
3.008896999999999960e-02
2.589709999999999929e-02
2.152118999999999907e-02
2.020730999999999916e-02
2.370759000000000061e-02
2.624587999999999921e-02
2.673344999999999888e-02
2.603346999999999953e-02
2.794055000000000150e-02
2.830892999999999951e-02
3.289107000000000142e-02
3.500439999999999802e-02
2.571814000000000044e-02
2.158113999999999866e-02
2.109095000000000067e-02
2.613131999999999955e-02
2.992942999999999992e-02
3.164891999999999705e-02
3.195151999999999715e-02
3.393987999999999866e-02
4.982874000000000331e-02
5.111468000000000261e-02
4.440514000000000266e-02
3.649887000000000270e-02
2.749127999999999988e-02
2.840269999999999948e-02
2.844740999999999936e-02
5.585268000000000177e-02
6.199057000000000178e-02
7.935704000000000369e-02
9.306119000000000197e-02
1.054174300000000064e-01
9.866384000000000265e-02
8.562337999999999893e-02
6.885924999999999685e-02
5.526338000000000084e-02
2.731012000000000023e-02
1.753735999999999837e-02
