1.652108000000000049e-02
1.999346999999999930e-02
2.215877000000000124e-02
2.161139000000000115e-02
2.232753000000000168e-02
2.191173000000000079e-02
2.187004999999999852e-02
2.442244000000000012e-02
2.647862000000000132e-02
2.697725000000000123e-02
2.587180999999999856e-02
1.963511999999999896e-02
1.830601999999999924e-02
2.122237999999999902e-02
2.733727000000000032e-02
3.987415999999999877e-02
4.312769999999999798e-02
4.751707000000000153e-02
5.174647999999999748e-02
5.066268000000000160e-02
4.258109999999999673e-02
3.124149999999999844e-02
2.520566000000000126e-02
2.121407000000000154e-02
1.820909999999999890e-02
1.847131999999999941e-02
1.880325000000000052e-02
1.838936000000000043e-02
2.047343000000000079e-02
2.515861999999999959e-02
2.519696000000000088e-02
2.494553999999999869e-02
2.429511000000000170e-02
2.210097999999999924e-02
2.097382000000000066e-02
1.912515000000000048e-02
1.905607999999999955e-02
1.914978000000000166e-02
1.972037000000000095e-02
1.925444000000000114e-02
1.844971000000000111e-02
1.846375000000000099e-02
1.814137999999999862e-02
1.804626999999999967e-02
1.795789999999999886e-02
1.832343999999999987e-02
1.868995000000000031e-02
1.851753999999999900e-02
1.798548000000000160e-02
1.820884000000000044e-02
1.899887000000000103e-02
1.987701000000000051e-02
2.000493000000000063e-02
1.920323000000000169e-02
1.857255999999999838e-02
1.821969999999999840e-02
1.767480000000000093e-02
1.846441999999999875e-02
1.829980000000000148e-02
1.819789999999999949e-02
1.891628000000000059e-02
1.942369999999999861e-02
1.755164000000000030e-02
1.626340000000000077e-02
