1.869784000000000029e-02
2.137208000000000163e-02
2.160004000000000091e-02
1.957520000000000093e-02
1.820143999999999929e-02
1.938006999999999924e-02
1.990605999999999973e-02
1.957615999999999870e-02
1.916941000000000131e-02
1.901952999999999977e-02
1.846512000000000153e-02
1.846594999999999834e-02
1.902765999999999832e-02
2.144930999999999921e-02
2.260198000000000068e-02
2.202874999999999972e-02
1.979521999999999879e-02
1.932959000000000066e-02
1.996823000000000001e-02
2.181951999999999850e-02
2.146021999999999860e-02
2.035096000000000127e-02
2.159726999999999827e-02
2.381685999999999873e-02
2.761370999999999964e-02
3.152470000000000272e-02
2.621976999999999988e-02
2.205607999999999874e-02
2.050435999999999925e-02
2.104554000000000147e-02
2.164713999999999874e-02
2.482670999999999836e-02
2.820363999999999857e-02
3.311995000000000217e-02
4.300227000000000216e-02
3.999380000000000296e-02
3.565383999999999914e-02
3.280795999999999712e-02
2.403910000000000075e-02
2.170431000000000096e-02
3.342258000000000034e-02
6.288947000000000287e-02
8.954468999999999623e-02
1.137936300000000067e-01
1.314812999999999954e-01
1.205754899999999935e-01
1.134726900000000011e-01
1.062279599999999963e-01
8.267887999999999626e-02
4.197578999999999894e-02
3.058713000000000057e-02
2.512330999999999939e-02
2.001611999999999836e-02
2.612391000000000019e-02
3.837716000000000044e-02
3.500852000000000130e-02
3.476991000000000109e-02
3.953182999999999697e-02
4.793378999999999696e-02
5.601922000000000151e-02
5.043119000000000074e-02
3.844061000000000006e-02
2.510468999999999895e-02
1.933164999999999883e-02
