2.395608999999999933e-02
3.159636999999999862e-02
2.560379999999999948e-02
1.983963999999999867e-02
2.163061000000000150e-02
2.481983000000000106e-02
2.593828000000000106e-02
2.459839999999999943e-02
2.174399000000000123e-02
2.029241000000000031e-02
1.896078000000000000e-02
2.026328999999999977e-02
2.182597999999999830e-02
2.675386000000000083e-02
2.396233000000000044e-02
2.144959000000000102e-02
1.969419000000000031e-02
2.350912999999999961e-02
2.386622999999999870e-02
2.837929000000000146e-02
2.586248000000000019e-02
2.103692999999999882e-02
2.978046000000000165e-02
3.708855999999999958e-02
3.422682999999999975e-02
3.492122999999999755e-02
2.568646999999999944e-02
1.981315999999999980e-02
2.028823999999999905e-02
2.556720000000000173e-02
2.850841999999999959e-02
3.905973000000000084e-02
4.236586999999999992e-02
4.696481000000000267e-02
5.379261999999999933e-02
4.357953999999999994e-02
4.179276999999999992e-02
2.983364999999999975e-02
2.965276999999999843e-02
4.250662000000000190e-02
7.876339999999999730e-02
1.233229599999999954e-01
1.717383899999999908e-01
1.884066799999999930e-01
1.815537799999999979e-01
1.418377899999999914e-01
1.201653599999999988e-01
9.178661999999999932e-02
5.661162000000000138e-02
2.857751000000000041e-02
2.071548999999999960e-02
2.299634999999999874e-02
2.750700999999999841e-02
4.429824999999999735e-02
6.722511999999999932e-02
7.259137999999999702e-02
6.511975000000000402e-02
5.564605000000000246e-02
6.139685000000000281e-02
6.111429000000000167e-02
4.653477000000000308e-02
3.166874000000000078e-02
2.365799999999999847e-02
1.920337999999999906e-02
