3.167553000000000035e-02
3.333620000000000333e-02
2.392216999999999955e-02
2.265816000000000011e-02
2.055175999999999878e-02
2.075727999999999948e-02
2.194642999999999941e-02
2.763762000000000163e-02
2.588678999999999980e-02
2.425290000000000085e-02
2.166852999999999835e-02
2.515496999999999872e-02
3.462910999999999767e-02
3.433202999999999949e-02
3.300361999999999740e-02
2.073875000000000024e-02
1.952167999999999959e-02
2.187477999999999992e-02
3.200505000000000017e-02
2.475718000000000016e-02
2.614297000000000148e-02
2.440492999999999829e-02
2.648483000000000087e-02
3.674755999999999856e-02
4.140574999999999811e-02
2.586582000000000117e-02
2.697112999999999941e-02
2.976673000000000166e-02
4.648272999999999988e-02
6.210318000000000088e-02
4.572869000000000239e-02
2.675245000000000054e-02
2.282003000000000156e-02
2.719192000000000137e-02
3.243530000000000024e-02
4.423215999999999953e-02
4.714966999999999769e-02
4.229832000000000036e-02
4.854474000000000289e-02
7.262820999999999860e-02
8.230706000000000133e-02
6.083482999999999946e-02
4.085794000000000231e-02
2.925434999999999841e-02
4.560208999999999790e-02
1.317110800000000081e-01
1.791447599999999862e-01
2.341912399999999950e-01
2.456778699999999926e-01
2.512153400000000092e-01
2.557302399999999976e-01
2.245244200000000023e-01
1.640199699999999872e-01
1.261001499999999942e-01
6.212855999999999934e-02
3.702537000000000189e-02
2.452332999999999943e-02
2.511185000000000153e-02
2.659247000000000000e-02
3.290756000000000236e-02
3.480836000000000346e-02
4.429467000000000126e-02
3.409565999999999986e-02
2.255104999999999957e-02
