3.180643999999999832e-02
4.505653999999999909e-02
4.080302999999999708e-02
2.923119000000000064e-02
2.255201000000000081e-02
2.113982999999999834e-02
2.975710999999999981e-02
4.884440000000000309e-02
7.474472999999999534e-02
9.702552000000000398e-02
1.123353599999999952e-01
1.203786099999999970e-01
1.250336800000000081e-01
1.135482300000000000e-01
7.167276999999999676e-02
5.676346000000000169e-02
4.060630999999999963e-02
2.702490000000000100e-02
2.159909000000000134e-02
2.214460000000000039e-02
2.104380000000000139e-02
2.049582000000000140e-02
2.524792999999999829e-02
3.565404999999999963e-02
4.241562000000000110e-02
4.101097000000000076e-02
3.288591999999999904e-02
2.562164000000000108e-02
2.214483000000000076e-02
2.234811000000000089e-02
2.457012999999999905e-02
2.306104000000000140e-02
2.593474999999999947e-02
2.706835000000000144e-02
2.759560999999999958e-02
2.619909999999999947e-02
2.226937000000000014e-02
2.057983999999999855e-02
2.233575000000000144e-02
2.161963000000000079e-02
2.161081000000000113e-02
2.048700999999999994e-02
1.943034000000000081e-02
2.069365999999999914e-02
2.295871000000000023e-02
2.422973999999999961e-02
2.390652000000000055e-02
2.360802999999999860e-02
2.190906999999999924e-02
2.115720999999999921e-02
2.444042000000000089e-02
2.570383999999999863e-02
2.410119999999999971e-02
2.162696000000000063e-02
2.094125000000000153e-02
1.919082999999999900e-02
1.880199999999999927e-02
2.219225000000000017e-02
2.276105000000000142e-02
2.317958999999999992e-02
2.380795999999999954e-02
2.251720999999999931e-02
1.892471000000000084e-02
1.653672999999999949e-02
