2.933490999999999876e-02
3.526659000000000044e-02
2.316375000000000031e-02
2.074615000000000140e-02
2.174299999999999844e-02
2.120158999999999933e-02
2.268413000000000027e-02
2.853216999999999906e-02
2.856898999999999897e-02
2.430467999999999865e-02
2.082097000000000114e-02
2.775605000000000086e-02
3.656978999999999785e-02
4.192266000000000048e-02
2.643623000000000153e-02
2.021447999999999995e-02
1.911186999999999955e-02
2.151271999999999907e-02
3.082317999999999864e-02
3.049972000000000100e-02
2.320031999999999997e-02
2.162427999999999920e-02
2.219847000000000140e-02
2.668169999999999917e-02
3.483672000000000157e-02
2.674235999999999974e-02
2.153911000000000020e-02
2.087409000000000139e-02
3.001138999999999890e-02
3.736430000000000307e-02
2.955868000000000037e-02
2.148125999999999855e-02
2.215214999999999892e-02
2.053127999999999898e-02
1.999752000000000127e-02
2.078669000000000003e-02
2.666117999999999960e-02
2.543294000000000110e-02
2.957511999999999988e-02
3.792264000000000052e-02
4.130675000000000319e-02
3.512586999999999654e-02
2.518379000000000104e-02
2.222526999999999836e-02
2.989193000000000058e-02
5.510575999999999669e-02
8.227684999999999860e-02
1.074129600000000018e-01
1.213647100000000006e-01
1.200672700000000037e-01
1.315577599999999958e-01
1.170699300000000026e-01
9.014503000000000099e-02
7.088237000000000010e-02
4.116749000000000103e-02
2.569569999999999840e-02
2.680777999999999980e-02
2.717251000000000041e-02
2.641637000000000152e-02
2.832838999999999843e-02
3.411213999999999913e-02
4.105704000000000298e-02
3.514165999999999818e-02
2.023718999999999865e-02
