2.722625000000000045e-02
3.493017999999999817e-02
4.521337999999999746e-02
5.465129999999999988e-02
4.653816999999999676e-02
4.115462000000000287e-02
2.751912000000000108e-02
2.498219999999999955e-02
2.283738999999999908e-02
2.424099000000000045e-02
2.554495000000000030e-02
2.650885999999999867e-02
3.119188999999999989e-02
4.120122999999999841e-02
4.716510000000000147e-02
5.019675999999999999e-02
4.969089000000000145e-02
4.684071000000000068e-02
4.075787000000000160e-02
3.124450999999999964e-02
2.855747999999999967e-02
5.460857000000000211e-02
9.508925000000000016e-02
1.240152300000000041e-01
1.620541699999999974e-01
1.964508899999999891e-01
1.908639799999999886e-01
1.385997999999999952e-01
8.655227999999999533e-02
5.810677000000000203e-02
3.365678999999999893e-02
2.672039999999999832e-02
2.278080999999999856e-02
2.175710000000000144e-02
3.286060999999999843e-02
3.520507999999999971e-02
5.110155000000000253e-02
7.545825999999999922e-02
6.738484999999999614e-02
5.337758000000000086e-02
3.908539999999999931e-02
2.710643000000000080e-02
2.506119999999999876e-02
2.431370999999999880e-02
3.078658000000000089e-02
2.138516999999999849e-02
2.470928999999999834e-02
2.766135000000000121e-02
2.683634999999999840e-02
2.254957000000000142e-02
2.084675999999999890e-02
1.950286999999999854e-02
1.955704999999999943e-02
2.399238999999999886e-02
2.811641999999999961e-02
2.425731000000000068e-02
2.061578000000000022e-02
2.098382000000000025e-02
2.180214000000000110e-02
2.305221999999999827e-02
2.300208000000000114e-02
3.023775000000000074e-02
2.702562999999999840e-02
1.840839999999999838e-02
