1.783716000000000121e-02
2.119348999999999886e-02
1.950908000000000156e-02
2.055496999999999880e-02
2.525275000000000089e-02
3.553546999999999956e-02
3.729746999999999924e-02
3.930286999999999670e-02
3.425898000000000138e-02
2.108768000000000101e-02
1.999230999999999925e-02
2.278714000000000087e-02
3.207785999999999971e-02
2.995335999999999832e-02
2.879316999999999988e-02
2.509799000000000058e-02
2.251221999999999945e-02
2.533971999999999961e-02
2.704793000000000128e-02
3.273986000000000257e-02
2.606330999999999926e-02
2.259413999999999867e-02
2.887502000000000124e-02
2.746782999999999864e-02
3.437300000000000078e-02
3.187343000000000121e-02
2.618436000000000027e-02
2.348062999999999886e-02
2.374464999999999909e-02
2.263503000000000043e-02
2.065658999999999898e-02
2.354747000000000090e-02
2.379908000000000023e-02
3.883005999999999958e-02
4.290436000000000250e-02
3.656567000000000150e-02
2.461407999999999999e-02
2.306648000000000032e-02
2.589537999999999909e-02
2.855322000000000068e-02
2.631013000000000102e-02
3.117852999999999944e-02
4.174023999999999790e-02
5.322437000000000001e-02
5.637952999999999715e-02
5.669397999999999799e-02
6.442046999999999357e-02
5.312672999999999701e-02
2.970454999999999970e-02
3.014413999999999982e-02
4.031896000000000091e-02
8.018081999999999987e-02
1.370465200000000050e-01
2.088726300000000036e-01
2.373275599999999930e-01
2.269999199999999939e-01
1.771570600000000051e-01
1.499240099999999964e-01
1.249825299999999945e-01
9.706831999999999960e-02
7.330535000000000523e-02
4.377534999999999760e-02
2.511607000000000076e-02
1.956315999999999958e-02
