4.157758999999999761e-02
9.555673000000000639e-02
1.377567899999999901e-01
1.254169300000000098e-01
1.283926499999999971e-01
1.194817900000000044e-01
1.066954199999999991e-01
7.215961999999999377e-02
5.411872000000000210e-02
4.996984000000000148e-02
3.490391000000000327e-02
2.735927999999999971e-02
2.345921000000000117e-02
2.293550999999999923e-02
2.552273000000000042e-02
2.943952999999999848e-02
3.528927999999999926e-02
3.983384000000000230e-02
3.357456000000000329e-02
3.014790999999999999e-02
2.862216999999999886e-02
2.420428999999999983e-02
2.272259999999999905e-02
2.309086000000000125e-02
2.457414000000000126e-02
2.153961999999999891e-02
2.034495999999999874e-02
2.109072999999999851e-02
2.282054999999999848e-02
2.264911000000000008e-02
2.120928999999999870e-02
2.090269999999999975e-02
2.025311000000000125e-02
1.947981000000000018e-02
1.909800000000000039e-02
1.868476999999999985e-02
1.884653999999999843e-02
2.023101000000000066e-02
2.509083999999999967e-02
2.279103999999999852e-02
2.092957999999999971e-02
2.084327000000000055e-02
2.341226000000000071e-02
2.483644000000000129e-02
2.580232999999999832e-02
2.303660999999999903e-02
1.972629000000000049e-02
1.918728000000000100e-02
2.066518999999999995e-02
1.996490999999999891e-02
2.138210999999999931e-02
2.071753000000000136e-02
1.998849000000000112e-02
1.909295000000000089e-02
1.939433000000000129e-02
2.167246999999999924e-02
2.210662999999999864e-02
2.389691000000000037e-02
2.224158999999999858e-02
1.938151999999999930e-02
1.876121999999999859e-02
1.862302000000000055e-02
1.793194000000000038e-02
1.815918999999999867e-02
