2.302380000000000052e-02
3.334233000000000335e-02
4.705775000000000236e-02
3.964132000000000072e-02
4.259411999999999920e-02
4.878322999999999687e-02
2.816360000000000044e-02
1.958220000000000099e-02
2.708270999999999942e-02
4.494605000000000128e-02
6.388810000000000322e-02
9.207160999999999818e-02
1.258435800000000104e-01
1.292884900000000059e-01
1.189654299999999970e-01
1.127836599999999939e-01
9.382205000000000406e-02
6.018978999999999996e-02
3.643350000000000061e-02
2.252675000000000163e-02
2.035642000000000007e-02
2.093880999999999867e-02
2.185238999999999931e-02
2.634059000000000053e-02
3.173621000000000081e-02
3.542801999999999757e-02
4.055017000000000343e-02
3.986064999999999747e-02
3.206463999999999842e-02
2.856097000000000150e-02
2.615204000000000140e-02
2.437396999999999828e-02
2.997522000000000034e-02
2.960828000000000071e-02
2.736382000000000050e-02
2.668202999999999894e-02
2.411115000000000133e-02
2.020475000000000049e-02
2.135793999999999887e-02
2.107550999999999869e-02
2.034738999999999992e-02
1.929844000000000004e-02
1.994057000000000121e-02
2.013993000000000033e-02
2.057799999999999907e-02
1.907566000000000123e-02
2.194168000000000160e-02
2.547655999999999879e-02
2.659482999999999986e-02
2.413364999999999955e-02
2.166500000000000023e-02
1.909923999999999997e-02
2.081269999999999995e-02
2.342539999999999900e-02
2.285380000000000050e-02
2.206425999999999873e-02
2.091434000000000001e-02
1.892798000000000050e-02
1.862617999999999913e-02
2.212613999999999900e-02
2.511976999999999960e-02
2.269055000000000030e-02
2.049986000000000169e-02
1.745052999999999882e-02
