3.774334000000000022e-02
6.709892000000000634e-02
4.985842000000000052e-02
3.366360000000000186e-02
2.895808999999999883e-02
2.313358999999999902e-02
4.156519000000000186e-02
6.951751999999999931e-02
1.078604700000000000e-01
1.480049599999999910e-01
1.581675399999999954e-01
1.768862200000000107e-01
1.812484000000000040e-01
1.618953499999999934e-01
1.081991199999999959e-01
9.021126000000000145e-02
5.401393000000000166e-02
3.304258999999999669e-02
2.479943999999999898e-02
2.435353000000000170e-02
2.264284000000000088e-02
2.544182000000000041e-02
3.501506000000000063e-02
4.917818000000000189e-02
6.261740000000000361e-02
5.331687000000000232e-02
4.216879999999999934e-02
3.175021000000000093e-02
2.472925000000000123e-02
2.401922999999999905e-02
2.732885999999999996e-02
2.645168000000000172e-02
2.791429999999999953e-02
3.171268000000000004e-02
3.369370000000000004e-02
2.883646999999999946e-02
2.479487999999999831e-02
2.265197000000000044e-02
2.513641999999999960e-02
2.270290999999999976e-02
2.385063999999999934e-02
2.202940999999999927e-02
2.092134000000000008e-02
2.171361000000000124e-02
2.462821999999999928e-02
2.786198999999999967e-02
2.778635999999999953e-02
2.468294000000000044e-02
2.214458999999999872e-02
2.401139000000000051e-02
2.879270999999999914e-02
3.041073999999999861e-02
2.810922999999999894e-02
2.144226000000000118e-02
2.168159000000000058e-02
2.185737999999999917e-02
2.078303999999999915e-02
2.430861000000000133e-02
2.823903999999999997e-02
2.596758000000000052e-02
2.538736000000000118e-02
2.487394000000000063e-02
2.084182000000000048e-02
1.882307000000000077e-02
