1.845077999999999996e-02
4.167810999999999738e-02
4.471395999999999704e-02
3.460863000000000134e-02
5.325811999999999907e-02
3.059964000000000087e-02
4.342292999999999847e-02
3.048365999999999923e-02
2.023085000000000161e-02
2.118406999999999929e-02
1.984647999999999968e-02
1.952165999999999971e-02
2.050578999999999943e-02
1.968612000000000140e-02
2.166258000000000072e-02
2.574566000000000007e-02
2.028233000000000119e-02
3.234112000000000098e-02
2.286882999999999971e-02
2.117927000000000004e-02
2.406550999999999829e-02
1.987055000000000071e-02
1.843449000000000129e-02
2.028401999999999983e-02
1.932354999999999837e-02
1.863791999999999879e-02
1.856299000000000143e-02
1.837979000000000002e-02
1.877451000000000120e-02
1.962088000000000027e-02
1.867697999999999928e-02
1.905696000000000126e-02
1.801455000000000070e-02
1.823657000000000056e-02
1.817658999999999941e-02
1.777865000000000001e-02
1.813027000000000041e-02
1.889710000000000001e-02
1.983199000000000073e-02
1.853331000000000076e-02
1.806531000000000109e-02
1.891750999999999849e-02
1.919575000000000101e-02
1.910107999999999945e-02
1.840059000000000139e-02
1.838257000000000085e-02
1.814976999999999910e-02
1.795244000000000006e-02
1.780247999999999900e-02
1.781394999999999854e-02
1.872512999999999955e-02
1.828486000000000000e-02
1.829193000000000138e-02
1.769491999999999940e-02
1.868138000000000090e-02
1.874098000000000083e-02
1.895453999999999889e-02
1.825434999999999905e-02
1.853151999999999924e-02
1.809521000000000046e-02
1.762218000000000118e-02
1.806088999999999958e-02
1.641224999999999976e-02
1.610547000000000020e-02
