2.560756999999999964e-02
2.807667999999999969e-02
3.913959000000000188e-02
4.744276000000000049e-02
3.743119999999999781e-02
3.716976000000000308e-02
2.367999000000000145e-02
2.072604999999999933e-02
2.622820000000000012e-02
2.406474000000000113e-02
3.122002000000000110e-02
3.001430000000000070e-02
3.479708000000000107e-02
3.833877000000000118e-02
4.599879999999999941e-02
5.711622999999999700e-02
4.889074999999999671e-02
4.518938000000000121e-02
3.854048000000000196e-02
2.773743999999999862e-02
3.147165999999999852e-02
5.743813999999999864e-02
8.853360000000000396e-02
1.082379200000000014e-01
1.534565499999999971e-01
1.847716000000000081e-01
1.536425399999999941e-01
1.050799300000000019e-01
6.938263999999999543e-02
4.492167999999999856e-02
3.078964999999999827e-02
2.417862000000000136e-02
2.278149999999999967e-02
2.511141999999999888e-02
3.096236999999999948e-02
3.601710999999999802e-02
5.235946999999999824e-02
7.216119999999999479e-02
6.164327000000000001e-02
3.836698000000000192e-02
2.993153000000000133e-02
2.486690000000000081e-02
2.252149000000000165e-02
2.727798000000000028e-02
3.449959999999999832e-02
2.620611999999999941e-02
2.422832000000000111e-02
2.834255000000000108e-02
2.827290000000000011e-02
2.323375999999999914e-02
2.103800999999999935e-02
2.058542999999999831e-02
2.014484000000000066e-02
2.666061999999999946e-02
3.010434999999999847e-02
2.162504999999999983e-02
2.014855000000000118e-02
2.249860999999999875e-02
2.168673999999999949e-02
2.256986999999999882e-02
2.703880000000000172e-02
1.958073999999999926e-02
1.735650000000000040e-02
1.780848000000000153e-02
