3.102830000000000171e-02
4.145353999999999706e-02
3.948212999999999723e-02
3.571706000000000186e-02
2.430741000000000152e-02
2.063202999999999912e-02
2.322602000000000000e-02
2.628834000000000032e-02
3.041916999999999885e-02
2.916287000000000046e-02
2.493286999999999934e-02
2.906865000000000143e-02
2.757969000000000045e-02
3.375927000000000094e-02
3.631807000000000091e-02
3.265098000000000306e-02
2.517122999999999930e-02
2.383686000000000138e-02
3.081837000000000118e-02
5.116321000000000063e-02
7.982630000000000281e-02
1.102226500000000053e-01
1.080874500000000016e-01
9.431404000000000176e-02
9.056902999999999482e-02
7.894727999999999468e-02
5.772137000000000101e-02
3.866180000000000311e-02
2.584155999999999953e-02
2.177913000000000071e-02
2.352278999999999828e-02
2.367214999999999944e-02
2.308622000000000105e-02
3.046269999999999881e-02
3.405775999999999942e-02
3.213694000000000273e-02
3.723897999999999792e-02
3.819876999999999995e-02
3.258847000000000133e-02
2.860986000000000085e-02
2.708732000000000154e-02
2.502102999999999966e-02
2.252006999999999967e-02
2.155247999999999886e-02
2.401100999999999930e-02
2.429589000000000054e-02
2.149583000000000049e-02
2.046695999999999932e-02
1.940042000000000155e-02
1.987028999999999879e-02
2.373994000000000104e-02
2.236743999999999885e-02
2.068661999999999931e-02
2.114966000000000068e-02
2.085286999999999905e-02
1.979430000000000078e-02
2.126549999999999968e-02
3.005118999999999846e-02
3.734665000000000207e-02
2.897388999999999867e-02
2.100344999999999990e-02
1.880675000000000055e-02
1.832721000000000003e-02
1.852037999999999948e-02
