1.886244999999999936e-02
2.241059999999999927e-02
2.400354000000000029e-02
2.044262999999999983e-02
2.054537999999999850e-02
2.870081999999999842e-02
2.586528999999999912e-02
3.187997000000000053e-02
2.347507000000000066e-02
2.591003999999999877e-02
2.177012999999999865e-02
2.117022000000000001e-02
2.448985999999999871e-02
2.588218000000000116e-02
3.857693000000000233e-02
2.777432999999999985e-02
2.486818000000000015e-02
2.705781000000000158e-02
3.714231999999999950e-02
3.784035000000000176e-02
3.407900999999999986e-02
2.862864000000000034e-02
1.953094000000000011e-02
2.249183000000000085e-02
4.275799000000000266e-02
5.632484000000000102e-02
7.265360999999999347e-02
8.897346000000000421e-02
7.416646000000000349e-02
6.366827999999999377e-02
5.240680000000000338e-02
4.780443000000000192e-02
2.905750000000000000e-02
2.308883999999999936e-02
2.118333000000000022e-02
1.994200999999999960e-02
2.235403000000000043e-02
2.743314999999999990e-02
2.914320999999999925e-02
3.008324000000000067e-02
3.136507999999999657e-02
3.094944000000000167e-02
3.011988999999999986e-02
2.303026999999999852e-02
2.018148999999999985e-02
1.918817000000000092e-02
2.021513000000000129e-02
1.946459999999999857e-02
1.943757999999999944e-02
2.180736999999999953e-02
2.102483999999999950e-02
1.989693999999999838e-02
2.129904000000000172e-02
2.154452999999999924e-02
1.928606000000000070e-02
1.894374000000000058e-02
1.886383999999999977e-02
1.884757999999999920e-02
2.005532000000000148e-02
2.158430000000000071e-02
2.032201999999999967e-02
1.973774999999999835e-02
1.877028999999999850e-02
1.708756000000000164e-02
