1.690519999999999870e-02
2.010742999999999905e-02
2.585629000000000052e-02
3.034730999999999887e-02
3.682016999999999929e-02
3.294379000000000057e-02
3.003174000000000121e-02
3.615321999999999980e-02
4.354683000000000165e-02
5.291318999999999884e-02
4.806056000000000217e-02
3.122501999999999917e-02
2.164937000000000111e-02
2.270722999999999839e-02
3.891735999999999807e-02
6.994702999999999338e-02
8.910714999999999608e-02
1.030585900000000055e-01
1.260287599999999897e-01
1.393520099999999984e-01
1.198883099999999979e-01
8.684672999999999699e-02
6.661781999999999426e-02
3.911495999999999723e-02
2.210517000000000037e-02
1.884026999999999924e-02
1.945355000000000001e-02
2.065376999999999838e-02
2.741560999999999998e-02
4.112678000000000167e-02
4.060613999999999890e-02
4.331530000000000102e-02
4.450431999999999999e-02
3.940449000000000035e-02
3.176672999999999997e-02
2.309643000000000113e-02
2.221816999999999889e-02
2.360804999999999848e-02
2.616494999999999932e-02
2.513858999999999885e-02
2.196754999999999888e-02
2.223744999999999888e-02
2.182898999999999951e-02
1.970883999999999830e-02
1.962674999999999836e-02
1.991220000000000143e-02
2.105718000000000173e-02
2.077767000000000155e-02
1.872325999999999852e-02
2.168646000000000115e-02
2.453547000000000020e-02
2.647358000000000003e-02
2.593002999999999975e-02
2.486421000000000117e-02
2.385806999999999858e-02
2.057076000000000043e-02
1.943537000000000042e-02
2.008085999999999899e-02
1.986877000000000087e-02
1.961745000000000155e-02
2.251080999999999915e-02
2.456209000000000170e-02
2.093017000000000141e-02
1.750608999999999846e-02
