2.086257000000000042e-02
2.887941999999999940e-02
2.948997999999999897e-02
3.053936999999999971e-02
5.238468999999999764e-02
5.163790000000000047e-02
4.736626000000000031e-02
4.993294999999999678e-02
4.029312000000000171e-02
2.719183000000000017e-02
2.048238999999999962e-02
2.897268000000000066e-02
5.382321000000000327e-02
8.394202000000000607e-02
1.151192600000000010e-01
1.458935000000000093e-01
1.493244300000000080e-01
1.296889300000000078e-01
1.044295600000000046e-01
7.629023999999999528e-02
5.337974000000000191e-02
3.067900999999999961e-02
2.351904000000000147e-02
2.091907000000000141e-02
2.251790000000000042e-02
2.573297000000000084e-02
3.239204999999999862e-02
3.045561999999999922e-02
3.469127000000000322e-02
4.885164000000000173e-02
4.737469999999999876e-02
3.289550000000000113e-02
2.728078999999999921e-02
2.141022999999999885e-02
2.519748000000000127e-02
2.716705000000000161e-02
2.452299999999999966e-02
1.976392000000000079e-02
1.945211999999999983e-02
2.225743000000000166e-02
2.238872000000000084e-02
2.060574000000000086e-02
1.841800000000000034e-02
1.875245000000000037e-02
2.008477999999999999e-02
2.128605999999999901e-02
2.281918000000000141e-02
2.212642000000000081e-02
2.156111000000000139e-02
2.881881999999999847e-02
2.865569999999999923e-02
2.354283000000000070e-02
2.194513999999999840e-02
2.002506000000000078e-02
1.950237999999999972e-02
2.139301000000000050e-02
2.146431999999999854e-02
2.409646000000000010e-02
2.498958000000000082e-02
2.240941999999999934e-02
1.923870999999999915e-02
2.019964999999999955e-02
1.977668999999999955e-02
1.828735000000000083e-02
