1.942052000000000014e-02
2.333017000000000077e-02
2.491929999999999840e-02
2.452609000000000039e-02
2.540811999999999932e-02
2.213044000000000122e-02
2.044653000000000095e-02
2.243418000000000148e-02
2.090362999999999943e-02
2.019794000000000103e-02
2.119545999999999930e-02
1.990953000000000167e-02
1.963403000000000023e-02
2.038248999999999964e-02
2.191827000000000011e-02
2.158685999999999938e-02
2.065836999999999882e-02
2.182877000000000081e-02
2.447037999999999991e-02
3.324719000000000285e-02
3.462073999999999707e-02
2.901683999999999861e-02
2.151658000000000043e-02
2.070059000000000135e-02
2.419038999999999912e-02
2.683680999999999914e-02
3.067479000000000039e-02
2.867023999999999961e-02
2.647243999999999986e-02
3.532778000000000307e-02
3.720195999999999920e-02
4.199405999999999972e-02
3.020453999999999847e-02
2.128220000000000112e-02
2.750336999999999921e-02
4.514685000000000226e-02
7.277007000000000614e-02
1.300216299999999991e-01
1.438830799999999965e-01
1.161354799999999993e-01
9.937374000000000207e-02
7.117779999999999940e-02
5.570565000000000239e-02
3.166565999999999825e-02
2.004848000000000047e-02
2.006698999999999983e-02
2.001707000000000139e-02
2.175032999999999828e-02
2.650784000000000126e-02
3.130386000000000279e-02
3.952424000000000215e-02
4.564030000000000170e-02
4.700301999999999952e-02
4.155136999999999720e-02
3.305305000000000049e-02
2.932935999999999876e-02
2.481900000000000078e-02
2.052473000000000145e-02
2.099397999999999889e-02
2.172568999999999889e-02
2.358673999999999840e-02
2.796233999999999872e-02
2.545998999999999832e-02
1.809735999999999984e-02
