1.728992999999999849e-02
1.973868999999999971e-02
2.138618999999999937e-02
2.554879999999999998e-02
3.363175999999999666e-02
2.981705999999999940e-02
2.078444000000000125e-02
1.990079000000000153e-02
1.849655000000000049e-02
2.068590999999999833e-02
2.411512000000000031e-02
2.515890999999999961e-02
2.192797999999999969e-02
2.071643000000000095e-02
1.949027000000000051e-02
2.116528000000000159e-02
2.169607999999999953e-02
2.392731999999999845e-02
2.253145000000000148e-02
2.647100999999999968e-02
3.745430000000000287e-02
3.801287999999999889e-02
3.968694999999999862e-02
3.340126999999999680e-02
2.367321999999999829e-02
2.147121999999999920e-02
2.688122999999999901e-02
2.898022000000000098e-02
2.632862999999999870e-02
2.831128000000000117e-02
3.349574000000000301e-02
4.918925999999999854e-02
4.931823999999999930e-02
4.024954000000000032e-02
3.555487999999999704e-02
2.726833999999999855e-02
2.489494999999999902e-02
6.107433000000000306e-02
1.169742000000000004e-01
1.346993300000000060e-01
1.876237400000000111e-01
1.971896599999999888e-01
1.831931599999999938e-01
1.462405200000000127e-01
1.007670299999999936e-01
6.361287999999999665e-02
3.842037000000000230e-02
2.621634999999999938e-02
2.026984999999999898e-02
2.287611000000000158e-02
2.712751000000000051e-02
3.364583000000000157e-02
4.736387000000000236e-02
5.996202999999999950e-02
8.518080000000000096e-02
8.641508999999999996e-02
6.513990000000000058e-02
4.223886000000000307e-02
3.446414999999999895e-02
2.520168999999999881e-02
2.161781000000000119e-02
2.287975000000000078e-02
2.168424000000000046e-02
1.867479999999999835e-02
