1.782480999999999996e-02
2.094034999999999994e-02
2.694026999999999880e-02
3.177115999999999968e-02
2.158832000000000112e-02
2.329217000000000093e-02
2.306924000000000127e-02
1.862261000000000125e-02
2.084992000000000095e-02
2.774849999999999886e-02
2.848590999999999970e-02
2.531805999999999987e-02
2.206912999999999930e-02
2.361977999999999994e-02
2.062241999999999895e-02
3.937465999999999883e-02
3.040081000000000033e-02
1.844118000000000146e-02
1.785565999999999889e-02
1.979770999999999961e-02
2.380834999999999896e-02
3.067351999999999926e-02
2.440816999999999987e-02
2.494487999999999914e-02
4.317851000000000328e-02
2.227068999999999924e-02
5.054921999999999888e-02
2.450501999999999889e-02
2.821645000000000056e-02
1.832272999999999888e-02
2.309668999999999958e-02
2.569756000000000123e-02
3.617334999999999995e-02
3.186594999999999706e-02
3.766971999999999682e-02
7.205533999999999550e-02
4.941683000000000187e-02
3.080582000000000112e-02
2.492350999999999941e-02
2.532792000000000029e-02
2.416217999999999838e-02
2.955541000000000071e-02
1.127898499999999971e-01
1.303160899999999955e-01
1.808856899999999879e-01
2.609412700000000029e-01
1.735374799999999940e-01
3.051349500000000159e-01
1.002192100000000030e-01
1.274899399999999960e-01
4.528454999999999980e-02
3.513940000000000119e-02
3.541864000000000123e-02
2.764493999999999979e-02
2.567341000000000067e-02
3.987286999999999776e-02
3.845563999999999927e-02
2.302094000000000015e-02
3.573425000000000212e-02
3.165007999999999710e-02
4.658346000000000015e-02
4.352787000000000323e-02
2.675179000000000099e-02
2.542737000000000122e-02
