1.741739000000000134e-02
1.885670000000000054e-02
1.868055000000000063e-02
1.849823999999999913e-02
1.818263999999999991e-02
1.821027000000000062e-02
1.860242000000000145e-02
1.859179000000000040e-02
1.881489000000000078e-02
2.074091999999999950e-02
2.192985000000000073e-02
1.887528999999999943e-02
1.913350999999999941e-02
1.973433999999999952e-02
2.135609999999999939e-02
2.055268000000000025e-02
1.826385999999999982e-02
1.905182999999999877e-02
2.010454000000000060e-02
1.932831000000000132e-02
1.961732000000000059e-02
1.984332999999999930e-02
2.476077000000000139e-02
2.807223999999999831e-02
2.577959000000000153e-02
2.272576999999999930e-02
1.949077999999999922e-02
2.176714999999999900e-02
2.888780000000000167e-02
2.752767999999999882e-02
2.966618999999999853e-02
3.798992999999999814e-02
3.949882999999999866e-02
3.414409999999999668e-02
3.161318999999999935e-02
2.656514000000000097e-02
2.095953999999999873e-02
1.956145000000000106e-02
1.950007000000000129e-02
1.967701000000000172e-02
2.066488000000000005e-02
1.993893000000000054e-02
1.890725000000000044e-02
1.857417000000000096e-02
1.905553999999999928e-02
1.905503000000000058e-02
1.886428000000000063e-02
1.895354999999999956e-02
1.856243999999999950e-02
1.825312999999999936e-02
1.811228000000000143e-02
1.853486999999999843e-02
1.805930999999999856e-02
1.814647000000000135e-02
1.850156000000000023e-02
1.879677000000000084e-02
1.806276000000000062e-02
1.806100000000000066e-02
1.836838999999999833e-02
1.892546000000000159e-02
1.903809999999999877e-02
1.940510999999999972e-02
1.754763999999999977e-02
1.611823000000000075e-02
