3.345187000000000160e-02
4.970449999999999868e-02
4.855530999999999736e-02
4.376316000000000234e-02
4.242930000000000312e-02
3.779800999999999994e-02
3.067767999999999884e-02
2.360363999999999865e-02
2.095914000000000110e-02
2.187358999999999831e-02
2.149958999999999898e-02
2.145212000000000160e-02
2.383462000000000081e-02
2.780126000000000125e-02
3.192314999999999736e-02
3.479088000000000319e-02
3.809979000000000143e-02
3.631468999999999669e-02
2.944164000000000156e-02
2.451829999999999982e-02
2.170858000000000163e-02
1.958734999999999990e-02
2.033004999999999882e-02
2.108395999999999881e-02
2.278260999999999828e-02
2.183194000000000107e-02
1.991276999999999978e-02
2.038792000000000035e-02
2.057321000000000150e-02
2.000013000000000138e-02
2.091488999999999848e-02
2.076093999999999856e-02
1.965435000000000099e-02
1.878791999999999962e-02
1.929874999999999993e-02
1.925860999999999892e-02
1.988149000000000166e-02
2.012289999999999912e-02
1.923628000000000143e-02
1.873197000000000056e-02
1.825092999999999854e-02
1.952194000000000151e-02
2.005844999999999850e-02
2.010730999999999977e-02
1.914215000000000014e-02
1.841148000000000090e-02
1.889255999999999922e-02
1.916643999999999987e-02
1.864183000000000159e-02
1.837990000000000110e-02
1.813311999999999910e-02
1.825219999999999967e-02
1.777602000000000002e-02
1.854859000000000022e-02
1.832908999999999927e-02
1.813255000000000075e-02
1.819459999999999827e-02
1.811422999999999853e-02
1.850136000000000142e-02
1.822090999999999988e-02
1.812553999999999901e-02
1.931143000000000096e-02
1.775863999999999915e-02
1.655552999999999886e-02
