1.925427000000000041e-02
2.247156999999999974e-02
1.981476000000000071e-02
1.885358999999999993e-02
2.350425000000000084e-02
2.253327999999999928e-02
2.006244999999999903e-02
1.996289999999999870e-02
1.876314000000000107e-02
1.884105999999999975e-02
1.881075000000000108e-02
1.989938999999999944e-02
2.039242000000000138e-02
2.118176999999999907e-02
1.958462999999999871e-02
1.886414999999999967e-02
1.886666000000000037e-02
2.059213999999999836e-02
2.053075000000000039e-02
2.111210000000000170e-02
2.105695000000000136e-02
2.025392999999999985e-02
2.396531999999999829e-02
2.596800000000000150e-02
2.400259000000000073e-02
2.251256000000000090e-02
1.980395000000000072e-02
1.893173999999999899e-02
2.001446000000000128e-02
2.102750000000000105e-02
2.317883000000000096e-02
2.657299999999999940e-02
2.980087999999999834e-02
3.136747000000000146e-02
3.216514000000000179e-02
3.068382999999999874e-02
2.653507999999999908e-02
2.252223000000000072e-02
2.290069000000000132e-02
2.851042000000000159e-02
4.390687000000000062e-02
7.313925000000000287e-02
9.073502999999999430e-02
1.034956300000000051e-01
9.757415999999999312e-02
8.466258999999999590e-02
7.142887000000000541e-02
5.839827999999999686e-02
4.020101999999999703e-02
2.276163999999999965e-02
1.972774000000000055e-02
2.047888000000000139e-02
2.244352999999999973e-02
3.223758000000000179e-02
4.358618999999999688e-02
4.511057999999999735e-02
4.197821000000000191e-02
3.675853999999999927e-02
4.399382000000000292e-02
4.232977000000000267e-02
3.787201999999999930e-02
2.740692000000000128e-02
2.022635999999999878e-02
1.781881000000000090e-02
