1.966228999999999894e-02
2.224194000000000171e-02
2.811601000000000031e-02
2.493012000000000006e-02
2.654745000000000021e-02
2.316469999999999987e-02
2.090382000000000004e-02
2.413192000000000115e-02
2.261880999999999961e-02
2.026460000000000067e-02
2.058395999999999837e-02
1.974286000000000096e-02
2.033787999999999915e-02
1.996209999999999998e-02
2.178350999999999899e-02
2.202573999999999851e-02
2.112941999999999945e-02
2.250401000000000137e-02
2.640224999999999864e-02
3.312251000000000084e-02
3.700305000000000261e-02
2.903541999999999929e-02
2.237619000000000066e-02
2.043315999999999882e-02
2.517430999999999836e-02
2.876959000000000113e-02
3.133038999999999963e-02
2.879984999999999837e-02
2.870947999999999903e-02
3.586336999999999858e-02
3.982328000000000257e-02
4.179689999999999794e-02
2.973871000000000153e-02
2.125064000000000120e-02
2.832449000000000078e-02
5.041840000000000210e-02
7.185669999999999558e-02
1.197151399999999977e-01
1.391772900000000091e-01
1.134713599999999933e-01
9.125355999999999745e-02
7.219868000000000119e-02
5.229898999999999659e-02
3.128529000000000032e-02
1.980240999999999946e-02
1.926258000000000137e-02
1.889802000000000148e-02
2.065786999999999832e-02
2.434220999999999954e-02
2.729484999999999897e-02
3.281474999999999670e-02
4.067049999999999832e-02
4.148562000000000083e-02
3.665816000000000213e-02
3.030238999999999849e-02
2.662872000000000156e-02
2.202381000000000130e-02
1.947868000000000169e-02
2.003363000000000019e-02
2.064629000000000117e-02
2.064621999999999985e-02
2.568252999999999855e-02
2.348170999999999939e-02
1.696759000000000114e-02
