1.839804999999999913e-02
2.066772999999999874e-02
1.974118000000000053e-02
1.890147999999999828e-02
1.754843000000000028e-02
1.838671000000000055e-02
1.911602000000000093e-02
1.918591999999999867e-02
1.896677999999999906e-02
1.870507999999999893e-02
1.948634999999999950e-02
2.094731000000000024e-02
2.328001000000000029e-02
2.919973999999999834e-02
2.587922000000000139e-02
2.198098000000000066e-02
1.833533000000000038e-02
1.946588999999999958e-02
2.135358000000000048e-02
2.144837999999999953e-02
2.228422000000000042e-02
2.547719999999999846e-02
3.064835999999999949e-02
3.081327999999999845e-02
3.137132000000000115e-02
3.044865000000000071e-02
2.656027999999999861e-02
2.322296000000000082e-02
2.974177999999999891e-02
4.382695999999999814e-02
6.709373999999999894e-02
7.741196000000000188e-02
1.002239999999999936e-01
9.818604999999999694e-02
7.541931999999999803e-02
7.304982999999999616e-02
5.322663999999999868e-02
3.110570000000000002e-02
2.122011999999999857e-02
1.895128999999999911e-02
2.058236999999999914e-02
2.356857000000000049e-02
2.540931999999999913e-02
2.481527999999999859e-02
2.605491999999999878e-02
2.737811999999999885e-02
2.963390000000000121e-02
2.686225000000000071e-02
2.075228000000000142e-02
1.881299999999999986e-02
1.835799000000000111e-02
1.824042999999999845e-02
1.825007999999999839e-02
2.003183000000000047e-02
2.139925000000000160e-02
2.175792000000000004e-02
2.216869000000000131e-02
2.308993000000000156e-02
2.147908999999999929e-02
1.942624999999999907e-02
1.852234999999999993e-02
1.942821999999999952e-02
1.779785000000000048e-02
1.643916999999999948e-02
