1.746680999999999928e-02
2.404734000000000038e-02
4.529143000000000058e-02
7.594926999999999928e-02
9.390139999999999598e-02
1.161404399999999976e-01
1.314044099999999993e-01
1.297580200000000017e-01
1.198390500000000025e-01
1.162813500000000055e-01
1.029886599999999958e-01
6.754496999999999585e-02
4.768779000000000073e-02
3.157713999999999660e-02
2.447210999999999831e-02
2.325125000000000108e-02
2.291918999999999901e-02
2.369846000000000105e-02
2.919911000000000034e-02
3.522201999999999972e-02
4.125091000000000174e-02
4.179718999999999796e-02
3.281186999999999993e-02
2.907596999999999959e-02
2.798832000000000056e-02
2.758885000000000157e-02
2.585470999999999950e-02
2.503328999999999971e-02
2.562446000000000168e-02
2.192654999999999951e-02
2.068677000000000016e-02
2.033775999999999987e-02
2.008497999999999881e-02
2.012183999999999848e-02
2.011477999999999877e-02
2.034232999999999875e-02
2.225239000000000036e-02
2.428593999999999892e-02
2.164098999999999884e-02
1.969753000000000129e-02
1.976717000000000057e-02
2.320571000000000092e-02
2.353194999999999940e-02
2.238864999999999952e-02
2.054026999999999936e-02
1.996811999999999893e-02
2.120605000000000059e-02
2.114200999999999928e-02
2.397492000000000026e-02
2.336788000000000060e-02
2.081871000000000069e-02
1.883285000000000167e-02
1.957568999999999976e-02
2.340158000000000169e-02
2.360962999999999951e-02
2.472772000000000164e-02
2.100172000000000150e-02
1.906230999999999898e-02
1.881135000000000099e-02
2.084878000000000078e-02
1.985918999999999879e-02
2.105976000000000029e-02
2.112723999999999852e-02
1.724975000000000119e-02
