1.886925999999999881e-02
2.151389999999999900e-02
2.237915999999999864e-02
2.715427000000000118e-02
2.968606999999999843e-02
3.175510000000000138e-02
2.502271000000000009e-02
2.367235000000000172e-02
2.131569999999999993e-02
2.247367000000000115e-02
3.008716000000000168e-02
2.490277999999999936e-02
2.287416000000000102e-02
2.181268999999999916e-02
2.098061999999999844e-02
2.389907000000000142e-02
3.046050000000000146e-02
3.194243000000000082e-02
2.849354999999999943e-02
2.303403000000000048e-02
2.448654000000000108e-02
3.063507000000000036e-02
3.148056999999999939e-02
2.873061000000000018e-02
2.263789000000000079e-02
2.375539999999999943e-02
2.853260999999999992e-02
3.599063999999999736e-02
3.302354999999999874e-02
2.275568000000000035e-02
2.643770000000000148e-02
2.957407000000000091e-02
2.987106999999999957e-02
3.898751000000000300e-02
3.457721999999999879e-02
2.871537000000000048e-02
2.470280000000000045e-02
3.520579000000000069e-02
3.408347999999999933e-02
3.073578999999999894e-02
2.637424999999999839e-02
2.998537000000000077e-02
4.207601999999999870e-02
5.412663000000000196e-02
4.971335999999999811e-02
3.663918000000000036e-02
2.850110999999999964e-02
2.986429999999999987e-02
4.391495000000000121e-02
9.102736000000000161e-02
1.297501899999999875e-01
1.394603399999999882e-01
1.646802099999999935e-01
1.885982300000000056e-01
1.981959000000000082e-01
1.494065400000000043e-01
1.138774300000000017e-01
8.669580999999999815e-02
6.287283000000000455e-02
3.915103999999999806e-02
3.014700999999999839e-02
2.409860999999999948e-02
2.116275999999999921e-02
2.002046999999999854e-02
