2.148370000000000141e-02
4.440410000000000190e-02
5.027447000000000166e-02
4.812870000000000342e-02
5.881103000000000025e-02
6.437808000000000419e-02
6.214478999999999836e-02
8.987407000000000035e-02
9.129526000000000308e-02
7.958110999999999657e-02
4.522211999999999760e-02
2.767787000000000025e-02
4.386643999999999960e-02
8.869963000000000153e-02
1.892256599999999900e-01
2.546878200000000092e-01
2.711631099999999850e-01
2.596606300000000034e-01
2.344920799999999916e-01
1.992991000000000068e-01
1.413199199999999878e-01
7.772990000000000455e-02
4.933387999999999662e-02
2.967144999999999852e-02
2.418920000000000098e-02
2.793003000000000152e-02
3.605884000000000172e-02
3.623134000000000077e-02
5.333428999999999948e-02
1.038253499999999968e-01
8.417544999999999888e-02
6.532931000000000155e-02
4.947371999999999881e-02
3.952003999999999934e-02
4.014710999999999974e-02
3.641409999999999786e-02
3.171113999999999877e-02
2.676239999999999869e-02
3.081878000000000048e-02
3.022704999999999836e-02
2.729784000000000030e-02
2.414298999999999959e-02
2.132888999999999965e-02
2.155514000000000041e-02
2.115134999999999932e-02
2.526176999999999936e-02
2.741744000000000125e-02
2.663932000000000105e-02
2.211435999999999957e-02
3.051183000000000020e-02
3.960526000000000324e-02
3.755734000000000156e-02
3.348551999999999779e-02
2.424576999999999982e-02
2.232641000000000139e-02
2.148376999999999926e-02
2.320995000000000003e-02
3.099874999999999853e-02
3.185065000000000118e-02
2.571056000000000036e-02
2.433799000000000032e-02
2.671321000000000112e-02
2.317550999999999986e-02
2.202286999999999995e-02
