1.831839000000000037e-02
1.967570999999999903e-02
1.971488999999999880e-02
2.080765000000000045e-02
2.035117999999999996e-02
1.895816000000000168e-02
1.832651999999999892e-02
1.797525000000000164e-02
1.836818000000000131e-02
2.051450999999999969e-02
2.071208000000000077e-02
1.993783999999999834e-02
1.867322000000000079e-02
1.932460999999999901e-02
1.935914999999999858e-02
1.960496000000000114e-02
2.095723999999999851e-02
2.002726000000000159e-02
1.912472000000000130e-02
1.803592999999999863e-02
1.948847000000000079e-02
2.055828000000000169e-02
2.068918000000000146e-02
1.937913000000000135e-02
1.832690000000000013e-02
1.895062000000000135e-02
2.050249999999999989e-02
2.219499999999999945e-02
2.107233000000000023e-02
1.956654999999999853e-02
1.996035999999999991e-02
2.119673999999999864e-02
2.188046000000000088e-02
2.229839000000000127e-02
1.986198000000000130e-02
1.970436000000000062e-02
2.087703999999999949e-02
2.252188000000000107e-02
2.218942999999999957e-02
1.977980999999999837e-02
2.023588999999999943e-02
2.299541999999999906e-02
2.552240000000000064e-02
2.696888999999999884e-02
2.398998000000000103e-02
2.150583999999999829e-02
2.066867000000000010e-02
2.324046999999999918e-02
3.037176000000000112e-02
4.045580000000000009e-02
4.767147000000000051e-02
4.954373000000000110e-02
5.319353999999999749e-02
5.576504000000000183e-02
5.229889000000000066e-02
4.009325999999999862e-02
3.141672999999999688e-02
2.810170000000000029e-02
2.434789000000000050e-02
2.118501000000000065e-02
1.937196999999999877e-02
1.916359000000000118e-02
1.792250999999999914e-02
1.644868999999999845e-02
