2.993917999999999927e-02
3.898657999999999985e-02
3.211155999999999733e-02
2.537323999999999830e-02
2.302457000000000115e-02
2.280820000000000070e-02
2.139220000000000010e-02
2.277639999999999873e-02
2.698040000000000160e-02
2.839596000000000134e-02
2.844295999999999977e-02
3.541778000000000287e-02
3.907329999999999831e-02
4.205640000000000073e-02
3.903493999999999714e-02
2.632688999999999863e-02
1.987592999999999999e-02
2.403038000000000049e-02
4.238573999999999814e-02
6.972530999999999868e-02
1.136474400000000023e-01
1.499479300000000070e-01
1.434115199999999868e-01
1.144433100000000064e-01
9.639071999999999918e-02
8.189788000000000623e-02
5.104651999999999801e-02
3.041564000000000073e-02
2.271398999999999987e-02
2.050255000000000133e-02
2.439964000000000022e-02
3.001171000000000047e-02
3.384999000000000341e-02
4.679633999999999877e-02
5.250719000000000219e-02
4.272871000000000308e-02
4.287851000000000162e-02
3.834595999999999838e-02
2.861268999999999965e-02
2.595333999999999836e-02
2.560474999999999904e-02
2.628230999999999970e-02
2.475818000000000116e-02
2.133447000000000121e-02
2.147531999999999913e-02
2.347418999999999895e-02
2.248301999999999939e-02
1.993843000000000004e-02
2.026025999999999869e-02
2.188344000000000053e-02
2.856471999999999831e-02
2.696095999999999909e-02
2.122160000000000019e-02
1.922884999999999872e-02
2.062374999999999972e-02
2.401106000000000074e-02
2.405478999999999951e-02
2.832977000000000065e-02
3.276006000000000057e-02
2.621058999999999889e-02
2.001450000000000104e-02
1.924870000000000053e-02
1.922973000000000043e-02
1.748734999999999873e-02
