3.452500000000000013e-02
4.410598999999999770e-02
4.260118999999999712e-02
3.598403000000000018e-02
3.175371999999999917e-02
2.909147999999999942e-02
2.478245000000000101e-02
2.008089000000000054e-02
1.896447000000000063e-02
1.950897999999999868e-02
1.983375000000000069e-02
2.103371000000000060e-02
2.497722999999999957e-02
3.190964999999999774e-02
3.603175000000000128e-02
3.494665000000000271e-02
2.918946999999999861e-02
2.603076000000000001e-02
2.269778999999999894e-02
2.069148000000000168e-02
2.006836999999999857e-02
2.024712000000000039e-02
1.893894999999999953e-02
1.903459000000000054e-02
2.158844999999999861e-02
2.194217000000000042e-02
2.125934000000000157e-02
2.087595999999999896e-02
2.047020000000000090e-02
1.937252999999999892e-02
2.006372000000000017e-02
2.048086000000000004e-02
1.968285999999999994e-02
1.880594999999999836e-02
2.017414999999999833e-02
2.065035000000000134e-02
2.126062999999999911e-02
2.127897000000000122e-02
1.978815000000000088e-02
1.957437999999999886e-02
1.992603000000000082e-02
2.341394000000000114e-02
2.472645999999999872e-02
2.443603000000000094e-02
2.218679999999999958e-02
2.071902999999999939e-02
2.285154000000000005e-02
2.383377999999999886e-02
2.305957000000000146e-02
2.020308000000000173e-02
1.896801999999999863e-02
1.880168999999999938e-02
2.096800999999999873e-02
2.152824999999999878e-02
2.035286000000000040e-02
2.011898000000000158e-02
2.036748000000000031e-02
2.067853000000000052e-02
2.040575999999999848e-02
2.033062999999999884e-02
2.115107999999999919e-02
2.031341000000000049e-02
1.769816999999999918e-02
1.720810999999999868e-02
