1.954826999999999954e-02
2.655145000000000075e-02
3.125337999999999727e-02
4.661070999999999964e-02
5.011132000000000086e-02
5.877200999999999953e-02
7.528181000000000456e-02
7.524962000000000317e-02
6.314783999999999675e-02
6.751764999999999850e-02
5.162210999999999883e-02
3.980853000000000169e-02
2.873463999999999879e-02
2.473770000000000135e-02
2.713147999999999949e-02
2.158937999999999829e-02
2.249382000000000117e-02
2.385257000000000002e-02
2.456556000000000017e-02
2.889256999999999936e-02
2.863384000000000068e-02
2.893507999999999844e-02
2.614752000000000048e-02
2.179891999999999941e-02
1.902436999999999878e-02
1.937505000000000130e-02
2.115805000000000116e-02
2.038794999999999843e-02
2.080945000000000017e-02
2.013786000000000048e-02
1.911422000000000121e-02
1.855180000000000023e-02
1.819064000000000098e-02
1.814655000000000087e-02
1.826981999999999912e-02
1.865342000000000042e-02
1.983694999999999903e-02
1.928550999999999876e-02
1.994129000000000040e-02
1.850840000000000124e-02
1.887855000000000089e-02
1.865458999999999867e-02
1.936925999999999926e-02
1.816825999999999858e-02
1.822297000000000153e-02
1.988936999999999997e-02
2.074468999999999966e-02
1.984777999999999890e-02
1.901250999999999983e-02
1.884407999999999916e-02
1.829387999999999848e-02
1.843724999999999878e-02
2.089316000000000090e-02
2.075810999999999976e-02
2.082318999999999837e-02
2.001462000000000033e-02
1.944643999999999887e-02
1.936353000000000033e-02
1.913333000000000048e-02
1.985699000000000145e-02
1.939644000000000090e-02
2.038815000000000072e-02
1.914402000000000117e-02
1.665474000000000121e-02
