1.692219999999999835e-02
1.973926000000000153e-02
2.556127999999999872e-02
3.159080999999999695e-02
3.678860999999999937e-02
3.079147000000000134e-02
3.071062999999999918e-02
3.995300000000000240e-02
5.004141000000000145e-02
5.494248000000000187e-02
5.070232000000000211e-02
3.296171999999999991e-02
2.213891000000000123e-02
2.495114000000000012e-02
5.278449999999999809e-02
8.106695999999999347e-02
9.622042000000000095e-02
1.122510699999999945e-01
1.350723500000000077e-01
1.491645299999999896e-01
1.203064199999999973e-01
8.861117999999999773e-02
6.094812000000000146e-02
3.778920999999999669e-02
2.129233000000000167e-02
2.029413999999999871e-02
2.161288999999999919e-02
2.234074999999999950e-02
3.761430999999999802e-02
5.192038000000000209e-02
4.853215000000000307e-02
5.253162000000000109e-02
5.037826000000000110e-02
4.576229999999999881e-02
3.723743999999999665e-02
2.418423000000000100e-02
2.310562000000000032e-02
2.541782999999999890e-02
2.895417000000000129e-02
2.689582999999999904e-02
2.409796000000000160e-02
2.305230000000000126e-02
2.262863999999999848e-02
2.001765000000000141e-02
1.957611999999999894e-02
2.024820000000000092e-02
2.107101000000000113e-02
2.091575999999999852e-02
1.916641999999999998e-02
2.063442000000000054e-02
2.537688999999999917e-02
2.740162000000000153e-02
2.973525000000000126e-02
2.685991000000000073e-02
2.338519000000000014e-02
2.084077999999999972e-02
1.996157999999999960e-02
2.086497000000000004e-02
2.001814000000000024e-02
2.099494999999999834e-02
2.423136000000000040e-02
2.698930000000000079e-02
2.266941999999999915e-02
1.853058999999999956e-02
