2.308483000000000063e-02
3.094188000000000147e-02
5.730103999999999753e-02
8.396894000000000580e-02
1.032369699999999973e-01
1.144665299999999969e-01
1.086718599999999951e-01
1.015106999999999954e-01
8.427882999999999902e-02
8.171122000000000107e-02
6.732567000000000412e-02
4.273326000000000208e-02
3.283044000000000240e-02
2.462245000000000059e-02
2.527093999999999868e-02
2.253952000000000039e-02
2.358586999999999836e-02
2.747857999999999898e-02
2.995429999999999968e-02
3.276492999999999767e-02
3.735088999999999770e-02
3.527084999999999942e-02
2.790292999999999940e-02
2.426626999999999951e-02
2.096987000000000156e-02
2.040029999999999968e-02
2.162945999999999966e-02
2.132637999999999895e-02
2.283357000000000095e-02
2.210310999999999873e-02
1.900840999999999989e-02
2.024576999999999974e-02
1.999690999999999969e-02
1.844755000000000006e-02
1.890038999999999955e-02
1.992949000000000109e-02
2.037827999999999862e-02
2.087011000000000074e-02
2.141362000000000126e-02
2.060756000000000046e-02
2.046923000000000145e-02
2.104605000000000017e-02
2.138860999999999887e-02
1.953150000000000025e-02
2.035723999999999867e-02
2.249713000000000060e-02
2.223301000000000097e-02
2.022428000000000073e-02
2.013320999999999861e-02
1.981617999999999921e-02
1.847002999999999839e-02
1.948948000000000000e-02
2.212853999999999863e-02
2.451127000000000167e-02
2.316928000000000043e-02
2.223206999999999961e-02
2.074611999999999984e-02
2.126607000000000150e-02
1.953981999999999941e-02
2.213764999999999830e-02
1.981018999999999836e-02
2.010705000000000131e-02
2.028746999999999842e-02
1.730107000000000173e-02
