2.363695999999999853e-02
4.055153999999999703e-02
3.361381000000000091e-02
3.839204000000000228e-02
3.612562999999999885e-02
3.457770999999999761e-02
2.119483999999999951e-02
1.916135999999999881e-02
2.955402000000000029e-02
3.883331999999999756e-02
5.515351000000000281e-02
7.511540999999999357e-02
8.749398999999999371e-02
9.217024999999999524e-02
8.219811000000000478e-02
8.057744999999999491e-02
5.515636000000000150e-02
4.113821000000000144e-02
2.745066999999999993e-02
1.983468000000000037e-02
2.008168000000000106e-02
1.979969000000000173e-02
1.957093000000000027e-02
2.236635000000000012e-02
2.514281999999999975e-02
2.627258000000000024e-02
2.789070999999999911e-02
2.668024000000000090e-02
2.423263999999999974e-02
2.052150999999999975e-02
1.992085000000000036e-02
1.906243999999999994e-02
2.339037000000000061e-02
2.322841000000000142e-02
2.103850999999999985e-02
2.193633000000000041e-02
2.082782999999999857e-02
2.035007999999999956e-02
2.114525999999999906e-02
2.100764999999999924e-02
2.006654999999999897e-02
1.879424999999999846e-02
2.068321000000000048e-02
2.017197999999999908e-02
2.017321999999999865e-02
1.991464000000000081e-02
2.315648000000000012e-02
2.668502999999999847e-02
2.798370000000000024e-02
2.735995999999999914e-02
2.459431000000000117e-02
1.979360000000000147e-02
2.135868000000000141e-02
2.722016000000000019e-02
2.677650000000000169e-02
2.889672000000000074e-02
2.544439999999999896e-02
2.085313000000000097e-02
2.049586999999999937e-02
2.513757999999999965e-02
2.617492999999999903e-02
2.852141000000000051e-02
2.858921000000000032e-02
1.934717000000000034e-02
