1.661309000000000050e-02
1.987188999999999969e-02
2.739201999999999956e-02
5.459572000000000036e-02
8.470713000000000548e-02
1.001799300000000004e-01
1.154810099999999951e-01
1.159372000000000041e-01
1.150265500000000052e-01
1.242511300000000013e-01
1.128096299999999941e-01
7.724404999999999466e-02
5.628756000000000037e-02
3.500282999999999867e-02
2.424375999999999962e-02
2.176923000000000052e-02
2.187524999999999886e-02
2.168375000000000163e-02
2.419734000000000121e-02
2.918729000000000115e-02
3.889219000000000009e-02
4.371993999999999880e-02
3.684131000000000211e-02
3.153373999999999761e-02
3.215918000000000249e-02
2.944095000000000045e-02
2.592629999999999935e-02
2.432049999999999837e-02
2.614230999999999847e-02
2.250314999999999954e-02
2.135161000000000003e-02
2.194799000000000055e-02
2.068936000000000039e-02
2.030739999999999976e-02
1.978637999999999925e-02
2.044711000000000098e-02
2.361956999999999945e-02
2.370788000000000062e-02
2.058234999999999926e-02
1.868078000000000100e-02
1.871104999999999990e-02
2.198883999999999908e-02
2.432232000000000144e-02
2.185530000000000111e-02
1.947047999999999834e-02
1.921445999999999918e-02
2.017365000000000130e-02
1.973000000000000101e-02
2.365839000000000136e-02
2.450725000000000126e-02
2.171572999999999906e-02
1.967520999999999853e-02
1.921416000000000096e-02
2.270101000000000063e-02
2.385276000000000063e-02
2.492282999999999998e-02
2.233189000000000007e-02
1.904555999999999957e-02
1.834333000000000144e-02
1.944999000000000033e-02
1.902279000000000123e-02
2.240906000000000148e-02
2.235049000000000063e-02
1.754636999999999863e-02
