3.162700999999999707e-02
3.348016999999999660e-02
2.423466999999999982e-02
2.309138000000000163e-02
1.957729999999999887e-02
1.878640999999999991e-02
2.022836999999999899e-02
2.632947000000000065e-02
2.863676000000000069e-02
2.711001999999999856e-02
2.348222999999999977e-02
2.288965000000000097e-02
3.058444000000000093e-02
3.320337999999999762e-02
3.000490000000000101e-02
2.248966000000000159e-02
2.075174999999999936e-02
2.153721999999999928e-02
2.624867999999999993e-02
2.308933999999999986e-02
2.410614999999999980e-02
2.616523000000000113e-02
2.273914000000000143e-02
2.642658999999999980e-02
3.128696000000000255e-02
2.778699999999999920e-02
2.607479999999999867e-02
2.695441000000000156e-02
3.248610999999999860e-02
4.354837999999999765e-02
3.760564999999999741e-02
2.882138999999999882e-02
2.624013000000000040e-02
2.249512000000000039e-02
2.030513999999999930e-02
2.445597000000000049e-02
3.092338999999999852e-02
3.229839000000000321e-02
2.897473999999999883e-02
3.139817000000000302e-02
4.319615999999999734e-02
4.836394000000000110e-02
4.542801999999999951e-02
4.236352000000000173e-02
2.957825999999999858e-02
2.702627999999999975e-02
3.598198999999999842e-02
6.653963000000000239e-02
9.697258000000000266e-02
1.294528400000000135e-01
1.382652099999999995e-01
1.345101099999999883e-01
1.412067300000000025e-01
1.459147299999999925e-01
1.080669600000000036e-01
5.721174999999999872e-02
3.214892999999999917e-02
2.348346999999999934e-02
1.993202000000000168e-02
2.049284999999999995e-02
2.111352000000000020e-02
2.674305999999999905e-02
2.427597000000000088e-02
1.983771999999999966e-02
