2.147053999999999976e-02
2.258049000000000167e-02
2.151772999999999880e-02
2.076812000000000102e-02
2.024683999999999859e-02
1.871458999999999970e-02
1.837278999999999995e-02
1.951475000000000085e-02
2.051590000000000011e-02
2.311459999999999904e-02
2.065691000000000055e-02
1.925910000000000122e-02
2.035386000000000140e-02
2.231191000000000077e-02
2.194524000000000127e-02
2.063103999999999980e-02
2.222620000000000151e-02
2.018083000000000030e-02
1.999230000000000104e-02
1.898437000000000041e-02
2.233071000000000014e-02
2.180143000000000011e-02
2.080807000000000143e-02
2.025158000000000166e-02
2.067130999999999830e-02
2.062073000000000031e-02
2.246375999999999928e-02
2.290346999999999869e-02
2.377931999999999962e-02
2.744376999999999928e-02
2.696010000000000073e-02
2.501926999999999970e-02
2.363024000000000027e-02
2.112854999999999941e-02
2.082838000000000050e-02
2.526801999999999868e-02
3.083137000000000030e-02
3.064106000000000121e-02
2.713932999999999970e-02
2.677126000000000158e-02
3.683224999999999694e-02
4.082199000000000244e-02
3.763819999999999666e-02
3.176468000000000347e-02
2.505355999999999903e-02
3.244620000000000143e-02
4.697148999999999769e-02
7.150631999999999822e-02
1.005968700000000049e-01
1.289446099999999873e-01
1.351324799999999993e-01
1.307412699999999928e-01
1.234002399999999944e-01
1.064293500000000059e-01
7.571229000000000153e-02
4.506509999999999683e-02
3.028078999999999840e-02
2.317945000000000075e-02
2.003515999999999977e-02
1.919861000000000137e-02
2.016992999999999911e-02
2.244159999999999905e-02
2.178062999999999874e-02
1.848732999999999974e-02
