1.719924000000000106e-02
1.850956999999999950e-02
1.802414000000000099e-02
1.949802000000000132e-02
2.089975999999999987e-02
2.013672999999999852e-02
1.982683999999999835e-02
1.892086000000000115e-02
1.848284000000000038e-02
2.009961000000000039e-02
1.988629000000000091e-02
2.003616999999999898e-02
2.010918999999999901e-02
2.091024000000000008e-02
2.083087000000000133e-02
2.127744000000000163e-02
2.314518000000000131e-02
2.329548000000000035e-02
2.257015000000000063e-02
1.987879999999999855e-02
1.872145000000000059e-02
1.928343000000000071e-02
2.198987000000000164e-02
2.130630000000000024e-02
2.207786999999999944e-02
2.068601999999999941e-02
2.611673000000000119e-02
2.907150999999999832e-02
2.849880000000000121e-02
2.704213000000000103e-02
2.465486999999999887e-02
2.247940999999999828e-02
2.610996000000000150e-02
3.239333999999999963e-02
4.848733000000000209e-02
6.490371999999999808e-02
7.584693000000000684e-02
8.552395000000000136e-02
8.036258000000000290e-02
5.030654999999999849e-02
3.911670999999999898e-02
2.952737000000000070e-02
2.443595999999999963e-02
2.084835999999999981e-02
1.905712000000000031e-02
2.033965999999999899e-02
2.334069999999999895e-02
2.371873999999999857e-02
2.769846000000000114e-02
3.130006999999999928e-02
3.596678999999999848e-02
3.469015000000000293e-02
2.960134000000000029e-02
2.534778000000000031e-02
2.254507999999999859e-02
2.109391000000000044e-02
2.440236000000000141e-02
2.397849999999999981e-02
2.070918999999999885e-02
2.304876999999999967e-02
2.274052000000000018e-02
2.861947999999999923e-02
2.270082000000000003e-02
1.656089999999999993e-02
