2.086353000000000166e-02
2.356681000000000054e-02
2.083776000000000031e-02
1.982116999999999907e-02
1.849637999999999977e-02
1.854338000000000167e-02
1.827082999999999832e-02
2.025597999999999982e-02
2.146761999999999976e-02
2.150735999999999967e-02
1.925494999999999984e-02
1.935417000000000040e-02
2.223409999999999970e-02
2.514562999999999868e-02
2.232902999999999971e-02
1.900589000000000098e-02
1.867337999999999984e-02
1.919115999999999878e-02
2.081782000000000077e-02
1.989358999999999919e-02
2.091279999999999875e-02
2.087405000000000163e-02
1.954644999999999994e-02
2.091406999999999988e-02
2.246423000000000170e-02
2.100341000000000014e-02
1.935494999999999924e-02
2.071660999999999989e-02
2.393962000000000173e-02
2.885684999999999986e-02
2.687435000000000171e-02
2.195275000000000004e-02
2.033178999999999889e-02
1.960303000000000045e-02
2.080320999999999906e-02
2.781360999999999903e-02
3.067688000000000012e-02
2.926186999999999885e-02
2.491859000000000088e-02
2.676620000000000041e-02
3.479118999999999962e-02
3.419897999999999688e-02
2.892192999999999847e-02
2.578843000000000107e-02
2.395581000000000099e-02
3.192007000000000178e-02
4.206552000000000208e-02
6.047019000000000005e-02
7.981528000000000234e-02
9.279880000000000073e-02
1.052251700000000068e-01
9.406921000000000033e-02
8.863786999999999361e-02
7.801979000000000553e-02
5.837806000000000245e-02
3.786342000000000180e-02
2.299638999999999850e-02
2.041586000000000095e-02
1.957930000000000087e-02
1.886329000000000131e-02
1.909196000000000157e-02
2.147187999999999874e-02
2.195449000000000012e-02
1.691805999999999865e-02
