2.064902000000000057e-02
2.633136000000000157e-02
2.275927999999999979e-02
2.020266999999999896e-02
1.876440999999999873e-02
1.846470999999999876e-02
2.155682000000000084e-02
2.980556999999999998e-02
3.814909999999999829e-02
4.591618000000000088e-02
5.095750000000000279e-02
5.031552000000000247e-02
4.777423000000000086e-02
4.267475999999999908e-02
3.211242999999999737e-02
2.880786999999999931e-02
2.364859999999999879e-02
1.839763999999999983e-02
1.791256000000000098e-02
1.861238999999999949e-02
1.809217999999999937e-02
1.930739999999999887e-02
2.025081000000000103e-02
2.278600999999999890e-02
2.518661999999999984e-02
2.474027000000000170e-02
2.115826999999999986e-02
1.952426999999999982e-02
1.875488000000000155e-02
1.833608000000000113e-02
1.914723000000000119e-02
1.880804000000000156e-02
1.959212999999999927e-02
2.009129999999999944e-02
2.000737000000000002e-02
1.984564999999999940e-02
1.881905999999999857e-02
1.878372999999999848e-02
1.936471999999999846e-02
1.838253999999999930e-02
1.825885000000000008e-02
1.801306999999999908e-02
1.808444999999999844e-02
1.834061000000000025e-02
1.895741999999999913e-02
1.879926000000000166e-02
1.899071999999999913e-02
1.857920000000000058e-02
1.824032000000000084e-02
1.842047000000000129e-02
1.937494000000000022e-02
1.968527000000000124e-02
1.920414999999999969e-02
1.852070000000000105e-02
1.851459000000000091e-02
1.801749000000000059e-02
1.806365999999999875e-02
1.866233999999999948e-02
1.937788000000000010e-02
1.927038000000000015e-02
1.918556000000000081e-02
1.824233999999999925e-02
1.764947000000000044e-02
1.578633000000000119e-02
