3.999286999999999981e-02
6.510124000000000466e-02
7.132873000000000685e-02
4.442561999999999900e-02
4.606049999999999728e-02
4.049258000000000024e-02
2.873648999999999995e-02
3.617167000000000299e-02
7.982229000000000407e-02
1.237275800000000037e-01
1.496021899999999960e-01
1.860883500000000135e-01
2.069793500000000064e-01
1.641717900000000119e-01
1.449802400000000102e-01
1.380032900000000007e-01
8.896695999999999771e-02
4.703974999999999823e-02
3.052413000000000001e-02
2.202041999999999888e-02
2.270700000000000149e-02
2.464701999999999865e-02
3.047226999999999922e-02
4.139223999999999681e-02
5.627526000000000056e-02
5.427503999999999662e-02
5.284565000000000096e-02
4.324986000000000108e-02
3.214478999999999947e-02
2.646302999999999850e-02
2.743922999999999848e-02
3.017902999999999905e-02
3.655222999999999806e-02
3.688174000000000313e-02
3.827935999999999839e-02
3.405467000000000216e-02
2.636811000000000016e-02
2.504875999999999978e-02
2.398344000000000170e-02
2.209266999999999828e-02
2.306037999999999838e-02
2.113858000000000056e-02
2.075764999999999902e-02
2.174958000000000100e-02
2.270696000000000173e-02
2.603648000000000073e-02
2.828869999999999996e-02
3.076852000000000059e-02
2.630669000000000063e-02
2.659289000000000097e-02
2.455606999999999929e-02
2.703973000000000140e-02
2.906368000000000146e-02
2.672015000000000154e-02
2.549834000000000128e-02
2.265825999999999951e-02
1.997521000000000019e-02
2.118876999999999913e-02
2.425437000000000079e-02
2.998721000000000025e-02
3.210334000000000104e-02
2.599838000000000149e-02
2.087502999999999928e-02
1.855704000000000034e-02
