2.775152999999999995e-02
2.880287999999999946e-02
2.641761999999999930e-02
1.980024000000000020e-02
1.943293999999999924e-02
2.441178999999999918e-02
3.461086000000000024e-02
4.865905000000000230e-02
6.430793999999999400e-02
7.671641999999999351e-02
8.289842999999999518e-02
7.301921999999999580e-02
7.162683000000000244e-02
5.711625000000000035e-02
3.639242000000000171e-02
2.911118000000000039e-02
2.462102999999999861e-02
2.026767000000000152e-02
1.928712000000000135e-02
1.984359000000000123e-02
2.024095000000000061e-02
2.231100000000000097e-02
2.225200000000000095e-02
2.704335999999999893e-02
3.340052000000000298e-02
3.115120999999999862e-02
2.573657999999999849e-02
2.126047999999999827e-02
2.021351000000000050e-02
1.974520000000000094e-02
2.208550999999999917e-02
2.159971999999999934e-02
2.203783000000000131e-02
2.470243000000000091e-02
2.508608999999999839e-02
2.493659000000000153e-02
1.978065000000000032e-02
1.995656000000000166e-02
2.092410999999999924e-02
2.078636000000000025e-02
1.963714000000000084e-02
1.944266999999999870e-02
1.899554000000000173e-02
1.971979000000000093e-02
2.107989000000000043e-02
2.217279000000000125e-02
2.138595000000000079e-02
2.009210000000000163e-02
1.904267999999999933e-02
2.096320000000000128e-02
2.235066000000000136e-02
2.319436999999999888e-02
2.137317000000000036e-02
1.964901999999999968e-02
1.917343999999999993e-02
1.907346999999999862e-02
1.819501000000000104e-02
2.060319000000000039e-02
2.124053000000000052e-02
2.077618999999999994e-02
2.108871999999999830e-02
2.026176000000000019e-02
1.893032000000000048e-02
1.664830999999999950e-02
