1.854725999999999944e-02
3.123331999999999845e-02
3.804760000000000086e-02
3.803316999999999809e-02
4.656094999999999678e-02
4.520728000000000246e-02
3.099777999999999908e-02
2.399232999999999921e-02
2.324754000000000057e-02
2.639514999999999917e-02
4.888002999999999793e-02
7.388052999999999981e-02
1.112299000000000065e-01
1.320246900000000001e-01
1.341515199999999963e-01
1.302263100000000118e-01
1.038589099999999987e-01
7.749150999999999956e-02
4.780933999999999878e-02
2.916726999999999861e-02
2.280124000000000040e-02
2.086377000000000023e-02
2.139411999999999911e-02
2.402212999999999918e-02
2.865022999999999875e-02
3.456245000000000150e-02
4.496789000000000341e-02
4.762783000000000294e-02
4.106594999999999690e-02
3.659271000000000051e-02
2.953978999999999980e-02
2.470280000000000045e-02
2.694703000000000029e-02
2.820028999999999939e-02
2.858952000000000021e-02
2.920390999999999959e-02
2.431275999999999923e-02
2.116830999999999921e-02
2.122163999999999995e-02
2.237346000000000126e-02
2.106997999999999857e-02
1.868910999999999836e-02
2.080689999999999970e-02
2.092756000000000130e-02
1.963312000000000043e-02
1.896433000000000146e-02
2.119820000000000038e-02
2.666255999999999834e-02
2.774474999999999858e-02
2.745099999999999971e-02
2.270720000000000030e-02
1.909717000000000012e-02
1.995399000000000131e-02
2.312022000000000035e-02
2.401075000000000084e-02
2.385218999999999881e-02
2.250709000000000043e-02
1.847166000000000086e-02
1.896273999999999876e-02
2.210845000000000171e-02
2.403898999999999966e-02
2.434433000000000083e-02
2.207529999999999909e-02
1.797591000000000119e-02
