2.219638000000000166e-02
3.022760000000000030e-02
3.464222000000000135e-02
4.080576999999999815e-02
4.578020000000000006e-02
4.664282000000000150e-02
5.342833000000000304e-02
4.897939999999999933e-02
2.419307999999999875e-02
2.160750000000000171e-02
2.483724000000000001e-02
4.073678000000000021e-02
9.245008999999999866e-02
1.012364800000000037e-01
1.351754699999999920e-01
1.801795800000000058e-01
1.448654699999999962e-01
1.106001800000000063e-01
7.477180999999999411e-02
4.783691000000000332e-02
3.296740000000000087e-02
2.198452000000000045e-02
1.910511999999999974e-02
2.226677999999999991e-02
2.896707000000000101e-02
3.357596999999999665e-02
4.828923000000000243e-02
4.921322000000000196e-02
4.230666999999999761e-02
4.407625999999999905e-02
3.669722999999999735e-02
3.017819000000000057e-02
2.552623000000000045e-02
2.391975000000000004e-02
2.664172000000000068e-02
3.011343000000000006e-02
2.285819000000000045e-02
2.017659000000000119e-02
2.124639999999999862e-02
2.308889000000000080e-02
2.448041999999999926e-02
2.078400999999999860e-02
1.991781000000000107e-02
2.024199000000000137e-02
1.943898999999999974e-02
1.945028999999999855e-02
2.102164999999999936e-02
2.279178000000000107e-02
2.307982000000000089e-02
2.823053000000000021e-02
2.440453000000000067e-02
2.172812000000000007e-02
2.048526999999999987e-02
1.968902999999999973e-02
2.230319999999999872e-02
2.327146999999999896e-02
2.450213000000000044e-02
2.306203000000000072e-02
2.334926000000000015e-02
2.187963999999999881e-02
1.988264000000000004e-02
1.956182999999999880e-02
2.072956000000000104e-02
1.828743999999999856e-02
