1.736545000000000102e-02
2.526416999999999899e-02
2.401972999999999955e-02
2.168834999999999860e-02
2.251111000000000084e-02
2.157919000000000156e-02
2.146901999999999838e-02
2.576573999999999878e-02
2.662196999999999827e-02
2.877261999999999875e-02
2.602820999999999954e-02
2.183041999999999969e-02
1.936592999999999995e-02
2.436887000000000081e-02
2.203739999999999866e-02
2.933306000000000108e-02
3.036639000000000005e-02
2.516786000000000023e-02
2.563831999999999917e-02
3.684965999999999936e-02
3.992282999999999943e-02
4.486964000000000230e-02
3.830073999999999979e-02
2.220213000000000048e-02
2.199349999999999916e-02
3.408483000000000346e-02
6.276605000000000378e-02
9.142991000000000312e-02
1.108833000000000041e-01
1.363442099999999935e-01
1.358727999999999880e-01
1.428511299999999928e-01
1.094019900000000045e-01
7.733818000000000636e-02
4.185422999999999921e-02
3.045410999999999951e-02
2.580895999999999885e-02
2.356698999999999947e-02
2.222305000000000114e-02
2.752189999999999845e-02
3.319492000000000276e-02
3.708949000000000273e-02
4.359335999999999767e-02
4.819447999999999788e-02
4.070717000000000085e-02
2.997423000000000101e-02
2.112709000000000115e-02
2.319660000000000125e-02
2.304412999999999948e-02
2.587464000000000083e-02
2.773052000000000156e-02
2.359843999999999831e-02
2.278981000000000062e-02
2.258417000000000063e-02
2.274247000000000074e-02
2.230323999999999848e-02
2.259136999999999951e-02
2.026228000000000057e-02
1.945751999999999898e-02
2.206069999999999906e-02
2.189935000000000145e-02
2.037510000000000016e-02
1.850622000000000031e-02
1.682967999999999964e-02
