1.930774999999999852e-02
2.579941999999999999e-02
2.606643999999999975e-02
3.128232999999999708e-02
2.786510000000000029e-02
2.903775999999999927e-02
2.286962999999999843e-02
2.090443999999999983e-02
2.299146999999999996e-02
3.667295999999999750e-02
2.832271000000000094e-02
2.651701999999999879e-02
2.565680000000000044e-02
2.320795000000000149e-02
2.707274999999999959e-02
4.013094999999999857e-02
3.168917000000000261e-02
2.357795000000000030e-02
1.959328000000000111e-02
2.478119000000000155e-02
2.882585000000000008e-02
2.609863999999999934e-02
2.747356000000000104e-02
3.159440000000000165e-02
3.761691999999999814e-02
4.417447000000000040e-02
4.549365999999999827e-02
4.260585000000000067e-02
2.896113999999999980e-02
3.000761000000000053e-02
2.593424999999999897e-02
3.267246000000000039e-02
4.075108999999999676e-02
4.214980000000000115e-02
4.712656999999999957e-02
4.879896999999999707e-02
5.911629999999999663e-02
6.767376999999999421e-02
5.800320999999999949e-02
3.932287999999999756e-02
2.991941999999999866e-02
7.298912999999999929e-02
1.346034600000000081e-01
1.851347200000000026e-01
2.313407100000000050e-01
2.700408100000000200e-01
2.779707000000000150e-01
2.719472099999999948e-01
2.112840599999999958e-01
1.302079999999999904e-01
1.187785900000000033e-01
7.470419999999999838e-02
4.402164000000000077e-02
3.202225000000000210e-02
3.156931999999999794e-02
3.802047000000000065e-02
4.443724999999999759e-02
4.628738000000000297e-02
6.611670999999999521e-02
9.758345999999999687e-02
8.793099999999999528e-02
8.392069000000000611e-02
5.039158999999999999e-02
2.409199000000000063e-02
