1.761052999999999924e-02
2.178433000000000105e-02
2.292057000000000122e-02
2.179406000000000052e-02
2.508594999999999922e-02
2.681309999999999943e-02
2.547523000000000148e-02
2.442889999999999992e-02
2.190616999999999912e-02
1.945202000000000042e-02
1.866958000000000159e-02
2.259293999999999886e-02
3.020174000000000122e-02
3.918106999999999840e-02
5.099557999999999869e-02
6.071656000000000275e-02
5.554910999999999877e-02
4.992413999999999880e-02
4.025176999999999922e-02
3.168156999999999918e-02
2.438488999999999934e-02
2.031074000000000074e-02
1.870644000000000126e-02
1.842946999999999988e-02
1.884202999999999920e-02
2.013753999999999891e-02
2.305242000000000055e-02
2.363847999999999991e-02
2.418717999999999910e-02
2.783657999999999966e-02
2.458619000000000082e-02
2.168973999999999902e-02
2.112228999999999843e-02
1.951086000000000140e-02
2.006546000000000024e-02
2.073062000000000168e-02
1.970314000000000093e-02
1.831307000000000074e-02
1.885749000000000106e-02
1.906779999999999933e-02
1.880860999999999991e-02
1.815107999999999999e-02
1.788899999999999865e-02
1.797108000000000039e-02
1.796752999999999892e-02
1.814959000000000017e-02
1.865620000000000125e-02
1.898135000000000100e-02
1.878548000000000023e-02
1.999862000000000167e-02
2.042211000000000026e-02
1.969568000000000013e-02
1.808364999999999972e-02
1.814982000000000054e-02
1.833233000000000085e-02
1.908506999999999912e-02
1.887782000000000002e-02
1.918343999999999952e-02
1.944624000000000005e-02
1.871534000000000045e-02
1.762891999999999931e-02
1.778851000000000043e-02
1.759112999999999996e-02
1.592222999999999902e-02
