1.701646000000000061e-02
1.803615999999999900e-02
1.810203999999999980e-02
1.776727999999999988e-02
1.805440999999999990e-02
1.841631999999999991e-02
1.787054000000000073e-02
1.779394000000000114e-02
1.797088000000000158e-02
1.812276000000000165e-02
1.880611000000000088e-02
1.935966000000000076e-02
1.912118999999999971e-02
1.938584999999999961e-02
1.871230999999999936e-02
1.864586000000000021e-02
1.776708999999999927e-02
1.865547999999999859e-02
1.861060000000000145e-02
1.859645999999999869e-02
1.891819999999999960e-02
1.979192000000000104e-02
1.993373999999999840e-02
1.964070000000000052e-02
1.916914999999999938e-02
1.952177000000000079e-02
1.868037999999999990e-02
1.839340000000000072e-02
2.112717999999999888e-02
2.503187000000000120e-02
2.725054999999999839e-02
3.041477999999999890e-02
3.325655000000000278e-02
3.137206000000000022e-02
2.716044999999999918e-02
2.548231999999999928e-02
2.303322000000000008e-02
1.933549999999999852e-02
1.795321999999999890e-02
1.807111999999999954e-02
1.885668000000000066e-02
1.968821000000000113e-02
2.054059999999999914e-02
2.123486000000000123e-02
2.135692999999999966e-02
2.047879999999999839e-02
2.153874000000000066e-02
2.070815000000000156e-02
1.897543999999999967e-02
1.806340999999999850e-02
1.812882999999999856e-02
1.833743999999999999e-02
1.860006999999999980e-02
1.977165000000000172e-02
1.969610999999999931e-02
1.963695000000000024e-02
2.012743000000000171e-02
1.958673000000000011e-02
1.984363000000000099e-02
1.961919000000000163e-02
1.897234000000000073e-02
1.932932999999999873e-02
1.805050000000000057e-02
1.553394999999999949e-02
