2.784371000000000068e-02
4.663546999999999831e-02
6.072421000000000069e-02
6.943800999999999446e-02
6.695916000000000368e-02
6.768504000000000187e-02
5.960543000000000091e-02
4.119228999999999946e-02
3.335095999999999894e-02
3.176841999999999860e-02
2.660376999999999881e-02
2.070079999999999837e-02
1.941127000000000130e-02
1.911447000000000146e-02
1.942672999999999969e-02
1.962171000000000054e-02
2.074538999999999897e-02
2.202182000000000098e-02
2.226024000000000058e-02
2.348219000000000001e-02
2.341288999999999870e-02
2.304213000000000094e-02
2.071575000000000152e-02
1.857543999999999862e-02
1.855812000000000087e-02
1.835213999999999943e-02
1.845963000000000118e-02
1.838601000000000124e-02
1.865332000000000101e-02
1.843838000000000074e-02
1.753288000000000069e-02
1.779808000000000084e-02
1.797825999999999938e-02
1.780398999999999871e-02
1.803433000000000119e-02
1.742739000000000094e-02
1.780262999999999984e-02
1.840245000000000075e-02
1.853362999999999886e-02
1.783639000000000058e-02
1.745406999999999861e-02
1.766523999999999872e-02
1.801180999999999963e-02
1.806224999999999845e-02
1.821472000000000022e-02
1.836714999999999876e-02
1.820321999999999912e-02
1.767784000000000022e-02
1.751921999999999854e-02
1.767876000000000170e-02
1.763545999999999864e-02
1.808111999999999914e-02
1.824987000000000137e-02
1.879478999999999872e-02
1.877148999999999832e-02
1.837228000000000125e-02
1.915464999999999876e-02
1.960980999999999835e-02
1.993612999999999982e-02
1.929389999999999925e-02
1.784420999999999924e-02
1.785934000000000133e-02
1.766248000000000123e-02
1.636732999999999938e-02
