1.771700000000000011e-02
2.003939999999999888e-02
2.106968000000000035e-02
2.183041000000000148e-02
2.333636999999999864e-02
2.402276000000000064e-02
1.881711999999999968e-02
1.881390999999999966e-02
1.912201999999999999e-02
2.225989999999999913e-02
2.640651999999999930e-02
2.335208000000000075e-02
2.521073000000000064e-02
2.450195999999999971e-02
2.402038000000000090e-02
2.682541999999999913e-02
2.315626000000000143e-02
2.040219000000000060e-02
2.131573999999999969e-02
2.113152999999999906e-02
1.961038000000000017e-02
2.261486000000000052e-02
2.495365999999999904e-02
2.580203000000000010e-02
2.758800999999999962e-02
2.716292999999999833e-02
3.086766999999999983e-02
3.163222999999999729e-02
2.875430000000000000e-02
2.904473000000000124e-02
2.161058999999999897e-02
2.067617000000000066e-02
2.304352000000000136e-02
2.420252999999999988e-02
2.863256000000000134e-02
2.900522999999999990e-02
3.128703000000000040e-02
3.923171000000000297e-02
4.464465000000000100e-02
4.297120000000000106e-02
3.385784000000000016e-02
2.767885999999999957e-02
3.377466999999999969e-02
4.624783999999999839e-02
6.962430000000000008e-02
1.149778300000000031e-01
1.300656199999999929e-01
1.337882400000000027e-01
1.103561799999999982e-01
9.880292000000000241e-02
9.517140000000000322e-02
6.983425999999999523e-02
5.242639999999999800e-02
3.446938000000000085e-02
2.139450999999999853e-02
2.217871000000000078e-02
2.197177000000000158e-02
2.526449000000000056e-02
2.800698000000000076e-02
3.480616000000000265e-02
3.369955000000000173e-02
3.465867000000000253e-02
3.154960999999999877e-02
1.872073000000000140e-02
