1.961109999999999937e-02
2.857155999999999932e-02
2.700767999999999919e-02
2.485019999999999937e-02
2.594768999999999895e-02
2.271155000000000049e-02
1.942222999999999866e-02
1.984023999999999857e-02
2.857590000000000130e-02
3.614662999999999904e-02
4.166679999999999690e-02
5.655181000000000097e-02
6.416773000000000615e-02
6.481475999999999904e-02
5.249700000000000200e-02
4.811001000000000166e-02
3.742890000000000106e-02
2.995195000000000149e-02
2.104556999999999956e-02
1.815649999999999903e-02
1.855733999999999856e-02
1.834875000000000048e-02
1.923839000000000105e-02
2.126271999999999884e-02
2.445680000000000076e-02
2.546978000000000089e-02
2.583273999999999987e-02
2.618026999999999854e-02
2.316798999999999942e-02
2.028891000000000028e-02
1.974265000000000048e-02
1.953558999999999851e-02
2.177176000000000111e-02
2.143004999999999910e-02
2.042586000000000054e-02
2.123602999999999949e-02
1.935573000000000154e-02
1.860233000000000025e-02
1.863553000000000084e-02
1.851136999999999921e-02
1.813823000000000171e-02
1.786607000000000126e-02
1.794776999999999831e-02
1.857928000000000010e-02
1.825488000000000111e-02
1.824332999999999858e-02
1.938244999999999899e-02
2.025476000000000013e-02
1.968386000000000094e-02
1.889267999999999850e-02
1.842121999999999857e-02
1.827000999999999972e-02
1.852666999999999856e-02
1.931302000000000019e-02
1.915682000000000149e-02
1.860119000000000009e-02
1.794012999999999858e-02
1.831061999999999967e-02
1.814943999999999932e-02
1.918964000000000086e-02
1.963281999999999874e-02
1.983787000000000050e-02
1.782103000000000159e-02
1.556343999999999957e-02
