1.835940999999999962e-02
1.925222999999999865e-02
1.918658999999999989e-02
1.996061999999999836e-02
2.109681999999999877e-02
2.132449000000000150e-02
1.868966999999999851e-02
1.920136999999999886e-02
1.916609000000000021e-02
1.987331999999999987e-02
2.083180000000000101e-02
2.196396000000000112e-02
2.360941999999999902e-02
2.230638999999999886e-02
2.076392000000000168e-02
2.108888999999999903e-02
1.988583000000000017e-02
1.884916000000000022e-02
2.061794000000000127e-02
2.002009000000000080e-02
1.809532999999999975e-02
1.948273999999999839e-02
2.155684000000000072e-02
2.248516000000000056e-02
2.399014000000000008e-02
2.222307999999999922e-02
2.264064000000000007e-02
2.286859000000000114e-02
2.584617000000000164e-02
2.782834000000000002e-02
2.202695000000000000e-02
1.872961999999999891e-02
2.004130999999999968e-02
2.179578000000000071e-02
2.260378000000000040e-02
2.353337000000000137e-02
2.433623999999999857e-02
2.864513999999999949e-02
3.387186999999999837e-02
3.530897999999999676e-02
3.389284000000000047e-02
2.574142000000000097e-02
2.342688000000000062e-02
2.866511999999999880e-02
4.026623000000000008e-02
7.139789000000000552e-02
7.559085000000000110e-02
8.870385000000000075e-02
8.253125999999999518e-02
7.308244999999999325e-02
7.089874999999999650e-02
5.904021999999999742e-02
4.483298000000000144e-02
3.464090000000000225e-02
2.237313999999999969e-02
2.099018000000000064e-02
1.986916000000000029e-02
2.113558000000000103e-02
2.279526999999999942e-02
2.591138000000000122e-02
2.779660999999999937e-02
2.879657000000000050e-02
2.300813999999999984e-02
1.798693000000000167e-02
