1.917342000000000005e-02
2.421382000000000048e-02
2.281924999999999926e-02
2.846090999999999899e-02
3.412611000000000117e-02
3.548400000000000165e-02
2.732615000000000044e-02
3.322155000000000247e-02
4.505544999999999689e-02
5.780219999999999803e-02
6.352423999999999571e-02
5.854807000000000067e-02
3.996096999999999844e-02
2.730909999999999935e-02
2.424876000000000115e-02
3.559902000000000205e-02
5.232281999999999905e-02
7.622220000000000384e-02
1.277262399999999909e-01
1.623921799999999971e-01
1.822399799999999959e-01
1.698512899999999881e-01
1.323693099999999900e-01
8.697512999999999772e-02
4.933351999999999876e-02
3.205008000000000162e-02
2.278155000000000110e-02
2.113933000000000131e-02
3.071990000000000137e-02
4.008107000000000336e-02
4.590322000000000152e-02
5.870887000000000328e-02
5.967307000000000167e-02
5.906310000000000032e-02
4.835765999999999676e-02
3.309128000000000069e-02
2.415859999999999883e-02
2.456254999999999897e-02
2.607059999999999933e-02
2.823370000000000046e-02
2.687724000000000016e-02
2.764221000000000039e-02
2.905541000000000026e-02
2.454312999999999981e-02
1.983321999999999863e-02
1.948164999999999966e-02
2.052893000000000079e-02
2.028456000000000009e-02
2.039169000000000051e-02
2.121003999999999945e-02
2.240297000000000122e-02
2.529054999999999845e-02
2.596069999999999975e-02
2.549875000000000058e-02
2.439523000000000039e-02
2.470200999999999994e-02
2.306789000000000062e-02
1.934380999999999948e-02
1.892790999999999918e-02
2.126764000000000085e-02
2.612004000000000062e-02
3.006406999999999829e-02
2.639303000000000135e-02
1.769236000000000072e-02
