3.262426999999999688e-02
3.624542000000000042e-02
2.587957000000000105e-02
2.326709999999999889e-02
2.024855999999999878e-02
1.848340999999999873e-02
2.190964999999999926e-02
2.698369000000000115e-02
2.847815000000000069e-02
2.497181000000000053e-02
2.159874999999999989e-02
2.214647000000000143e-02
3.328654999999999808e-02
3.385467999999999811e-02
2.945972999999999994e-02
2.078568000000000082e-02
1.967843000000000023e-02
2.064084000000000058e-02
2.783168000000000100e-02
2.426178999999999836e-02
2.245824999999999905e-02
2.557666999999999927e-02
2.268608999999999903e-02
2.850166000000000158e-02
3.489028000000000268e-02
2.777666000000000163e-02
2.436195999999999848e-02
2.395080000000000126e-02
3.787116000000000093e-02
4.885545000000000165e-02
3.694959999999999911e-02
2.602756999999999987e-02
2.268337999999999952e-02
2.278581000000000009e-02
2.893816000000000097e-02
3.487172000000000188e-02
3.857784999999999687e-02
3.455665000000000125e-02
3.673619999999999663e-02
5.135044999999999887e-02
6.488702000000000358e-02
6.519170999999999994e-02
3.804724999999999774e-02
2.889612000000000083e-02
3.807586000000000304e-02
8.008089000000000179e-02
1.257466700000000048e-01
1.765129300000000123e-01
2.020246699999999895e-01
2.178046700000000058e-01
2.255868199999999935e-01
1.891253900000000043e-01
1.672018200000000010e-01
1.240565000000000001e-01
7.298659999999999870e-02
4.200816000000000272e-02
2.397710999999999940e-02
2.219979999999999870e-02
2.215177000000000118e-02
2.408232999999999902e-02
2.769637000000000140e-02
3.351259000000000182e-02
2.856958000000000067e-02
1.973019999999999982e-02
