1.811153999999999889e-02
1.916301000000000115e-02
1.933375000000000024e-02
1.969160000000000008e-02
1.947534999999999891e-02
1.863124000000000030e-02
1.775542999999999913e-02
1.898907000000000025e-02
2.006242000000000095e-02
2.097720000000000140e-02
2.217865000000000114e-02
2.223313999999999846e-02
1.865582000000000004e-02
1.790399000000000157e-02
1.970051999999999914e-02
2.176954999999999862e-02
1.998735999999999915e-02
1.894948999999999939e-02
1.924143999999999854e-02
1.877300000000000149e-02
2.112966000000000150e-02
2.546172000000000019e-02
2.365613000000000091e-02
2.023753000000000010e-02
1.922106999999999982e-02
1.999470999999999887e-02
2.156842000000000134e-02
2.154382000000000172e-02
2.215570999999999860e-02
2.048035000000000133e-02
1.839243999999999948e-02
1.888814999999999938e-02
1.991532999999999845e-02
1.915874999999999870e-02
1.950179999999999969e-02
1.929503000000000121e-02
2.130782999999999983e-02
2.447917000000000148e-02
2.299819000000000169e-02
1.966812000000000074e-02
1.874071000000000070e-02
1.829460000000000114e-02
1.980215000000000100e-02
2.205939999999999984e-02
2.369397999999999990e-02
2.400311000000000111e-02
2.448917999999999928e-02
2.467079999999999967e-02
2.695567999999999922e-02
2.664267000000000024e-02
2.758288999999999880e-02
2.544922999999999977e-02
2.044523999999999994e-02
2.119940000000000019e-02
2.490128999999999954e-02
3.222672000000000037e-02
4.408861000000000030e-02
5.295836000000000293e-02
6.648410999999999904e-02
7.110732000000000164e-02
7.679255000000000109e-02
7.535653999999999963e-02
4.945242999999999861e-02
1.702216000000000146e-02
