1.731809999999999947e-02
2.021378999999999884e-02
2.324514999999999915e-02
2.431196000000000051e-02
2.541888999999999954e-02
2.242521000000000098e-02
1.936610000000000067e-02
1.842415999999999845e-02
1.910995999999999875e-02
2.165475000000000039e-02
2.334518000000000010e-02
2.345103999999999939e-02
2.373484000000000010e-02
2.172204000000000149e-02
2.201770000000000116e-02
2.325363000000000083e-02
2.211429999999999993e-02
1.930105999999999836e-02
2.023136999999999852e-02
1.988171000000000035e-02
1.906568000000000151e-02
2.120425999999999908e-02
2.213257999999999892e-02
2.170508999999999980e-02
2.438927999999999929e-02
2.742286999999999850e-02
2.763215000000000116e-02
2.535818000000000100e-02
2.647673999999999861e-02
2.612319999999999920e-02
2.053527000000000130e-02
2.113614000000000118e-02
2.324866999999999906e-02
2.487338999999999870e-02
2.810098999999999930e-02
2.886881999999999990e-02
3.345291999999999710e-02
4.282140000000000252e-02
4.318559999999999760e-02
3.799895999999999829e-02
2.967155999999999960e-02
2.689360000000000014e-02
3.471624999999999711e-02
4.562652999999999848e-02
6.875417999999999807e-02
9.039540999999999549e-02
1.033672999999999953e-01
1.080632700000000029e-01
8.761293000000000553e-02
7.308507999999999671e-02
7.128378000000000492e-02
5.578003000000000128e-02
3.794739999999999919e-02
2.782168999999999962e-02
1.914615000000000067e-02
2.023089000000000137e-02
2.104367999999999864e-02
2.145829000000000139e-02
2.627360999999999933e-02
3.318894000000000011e-02
3.420817000000000302e-02
3.357113999999999931e-02
2.364843999999999974e-02
1.832606999999999986e-02
