1.672444999999999835e-02
2.063709999999999850e-02
2.269080999999999876e-02
2.051330000000000167e-02
2.079918999999999865e-02
2.204781000000000102e-02
2.225825000000000026e-02
2.404397999999999952e-02
2.501387000000000055e-02
2.448341999999999880e-02
2.190885999999999875e-02
1.894677999999999987e-02
2.024671999999999930e-02
2.423033999999999952e-02
3.317209000000000130e-02
4.445426999999999712e-02
4.290909999999999863e-02
4.472796999999999884e-02
4.551278999999999741e-02
4.129754000000000064e-02
3.347514000000000045e-02
2.652807000000000082e-02
2.099909000000000150e-02
1.894331999999999960e-02
1.811942999999999887e-02
1.840798000000000087e-02
1.912950999999999888e-02
1.894324000000000008e-02
2.117008000000000084e-02
2.516575000000000062e-02
2.502949000000000146e-02
2.472355000000000039e-02
2.222367999999999913e-02
2.068414000000000016e-02
2.000532000000000005e-02
1.932170999999999889e-02
1.827383999999999953e-02
1.881489999999999899e-02
1.911803999999999934e-02
1.889267999999999850e-02
1.827925999999999856e-02
1.815065999999999902e-02
1.782140000000000113e-02
1.798013000000000042e-02
1.823877999999999958e-02
1.798846000000000125e-02
1.867204000000000086e-02
1.846089000000000063e-02
1.781399999999999997e-02
1.917260999999999965e-02
1.976839999999999847e-02
1.943850999999999912e-02
1.954028000000000015e-02
1.897563000000000027e-02
1.878662000000000040e-02
1.787673999999999860e-02
1.822785999999999851e-02
1.849871999999999975e-02
1.889553999999999886e-02
1.834409999999999860e-02
1.815887999999999877e-02
1.817641999999999869e-02
1.650911999999999866e-02
1.605652000000000121e-02
