1.699718000000000062e-02
2.306802000000000158e-02
2.372555999999999971e-02
2.654224999999999987e-02
2.840747999999999884e-02
2.781836999999999852e-02
2.828032000000000115e-02
3.156583999999999779e-02
4.308743000000000295e-02
5.007716000000000250e-02
4.467572000000000210e-02
2.866161999999999876e-02
2.201923999999999895e-02
2.046082999999999930e-02
3.353046999999999972e-02
5.681272999999999879e-02
6.596008000000000426e-02
9.020379000000000591e-02
1.057160099999999991e-01
1.048501299999999997e-01
1.013738400000000067e-01
7.262441999999999509e-02
5.956705000000000333e-02
3.521523000000000014e-02
2.126551999999999956e-02
2.000319000000000055e-02
2.055022000000000099e-02
2.163877999999999982e-02
2.780521999999999855e-02
3.943842000000000181e-02
3.679525000000000157e-02
3.594651000000000096e-02
3.459734999999999894e-02
3.028617999999999935e-02
2.517749000000000029e-02
2.006522999999999987e-02
1.937037000000000134e-02
2.099447999999999939e-02
2.393001000000000156e-02
2.353500000000000036e-02
1.963463999999999834e-02
2.021571000000000132e-02
2.106890000000000152e-02
2.003720999999999974e-02
1.883237999999999926e-02
1.928068000000000143e-02
1.899583999999999995e-02
1.846186000000000008e-02
1.812607000000000107e-02
1.947052000000000158e-02
2.063219999999999985e-02
2.215463000000000154e-02
2.239348000000000033e-02
2.148175000000000084e-02
2.096612999999999949e-02
2.032271999999999898e-02
1.902277999999999955e-02
1.895693999999999851e-02
1.856903999999999846e-02
1.976214999999999916e-02
2.105612000000000109e-02
2.221300999999999831e-02
1.951709999999999903e-02
1.674650000000000097e-02
