1.938888999999999890e-02
2.288398999999999989e-02
2.219331000000000081e-02
2.174821000000000046e-02
2.381126000000000076e-02
2.862353999999999940e-02
3.007510999999999865e-02
3.040657999999999903e-02
2.798054000000000166e-02
2.507064999999999988e-02
2.173711999999999867e-02
1.938793999999999934e-02
1.920998999999999970e-02
2.648110999999999868e-02
2.803061000000000094e-02
3.353568999999999994e-02
2.778042999999999832e-02
2.419272999999999910e-02
3.077608999999999900e-02
4.585285000000000055e-02
4.656089000000000061e-02
3.205478999999999967e-02
2.104846000000000147e-02
2.191152000000000030e-02
4.060426000000000313e-02
7.187786999999999649e-02
1.031943899999999970e-01
1.342911699999999875e-01
1.393092700000000128e-01
1.062121199999999932e-01
8.382963000000000220e-02
6.487671999999999883e-02
4.394407000000000174e-02
3.192504000000000175e-02
2.137340999999999894e-02
1.954590000000000147e-02
2.102004999999999846e-02
2.436728999999999978e-02
2.631854000000000138e-02
2.923194999999999960e-02
3.367048999999999737e-02
3.260434000000000249e-02
2.914749999999999980e-02
2.474731000000000153e-02
2.181883000000000086e-02
1.917697000000000151e-02
1.971335999999999922e-02
1.960191000000000017e-02
2.016033999999999882e-02
2.186692999999999970e-02
2.293517000000000125e-02
2.052963000000000010e-02
2.216923999999999978e-02
2.176221999999999879e-02
1.996128000000000138e-02
1.941698999999999856e-02
1.927353000000000052e-02
1.972687000000000052e-02
2.036123000000000099e-02
2.226548000000000069e-02
2.240883999999999932e-02
1.943564999999999876e-02
1.788123999999999963e-02
1.700602000000000016e-02
