2.417272999999999991e-02
3.056961000000000053e-02
2.491813999999999835e-02
2.587568999999999980e-02
2.663122000000000059e-02
2.445769000000000068e-02
3.095267999999999978e-02
3.855207000000000078e-02
2.982985999999999971e-02
2.251113999999999893e-02
1.899030000000000162e-02
2.369515999999999983e-02
2.713076999999999850e-02
3.306582999999999745e-02
3.154789999999999678e-02
2.382313000000000139e-02
3.086714000000000124e-02
4.494075000000000153e-02
4.636785000000000212e-02
5.733158000000000004e-02
4.650846000000000147e-02
3.485653999999999836e-02
2.733294000000000001e-02
3.624875000000000319e-02
4.408212000000000241e-02
4.408853000000000077e-02
5.702962999999999782e-02
5.977716000000000279e-02
7.239734000000000447e-02
8.977340000000000320e-02
9.193221000000000032e-02
6.608593000000000106e-02
5.449802000000000118e-02
5.542485999999999940e-02
8.304274999999999851e-02
1.115275200000000050e-01
2.020651300000000095e-01
2.932135499999999895e-01
3.345967200000000141e-01
2.444324599999999903e-01
1.736110299999999995e-01
1.126184800000000069e-01
5.641977000000000103e-02
3.691806000000000254e-02
2.630514999999999937e-02
2.899645000000000000e-02
3.290449000000000152e-02
3.482208999999999999e-02
4.142051000000000066e-02
4.646026999999999796e-02
5.793179999999999857e-02
5.546489000000000280e-02
4.645781000000000216e-02
3.736794000000000227e-02
2.595648999999999873e-02
2.301132999999999998e-02
2.641643000000000116e-02
2.488952999999999999e-02
2.461351000000000164e-02
2.627876000000000170e-02
2.477895000000000097e-02
3.090969000000000008e-02
2.515865999999999936e-02
1.776157000000000083e-02
