2.024110999999999966e-02
2.195822999999999872e-02
1.915984000000000090e-02
2.458300999999999889e-02
3.432936999999999794e-02
3.087755999999999834e-02
2.918600999999999834e-02
3.465307000000000109e-02
5.189428000000000096e-02
6.535726000000000036e-02
7.421031000000000155e-02
5.026556000000000080e-02
3.235625000000000306e-02
2.277306999999999942e-02
2.819309999999999872e-02
5.030136999999999803e-02
6.964763999999999677e-02
1.072719500000000048e-01
1.663220400000000043e-01
2.095877999999999908e-01
2.123428699999999891e-01
1.549444500000000113e-01
1.135492200000000063e-01
7.215399000000000118e-02
3.781694000000000028e-02
2.628190999999999861e-02
2.155498999999999957e-02
2.180232000000000003e-02
3.743786999999999809e-02
4.470110000000000056e-02
4.715169000000000304e-02
6.122036000000000144e-02
6.503831999999999669e-02
6.573568000000000466e-02
4.733539999999999970e-02
2.918170000000000139e-02
2.381321000000000132e-02
2.526004999999999917e-02
2.804513000000000145e-02
2.936998000000000039e-02
2.630301000000000167e-02
2.732882999999999840e-02
2.930953000000000030e-02
2.383719999999999936e-02
2.050228000000000120e-02
2.095423999999999898e-02
2.214858999999999925e-02
2.179827000000000153e-02
2.134896000000000016e-02
2.081482000000000124e-02
2.341044000000000111e-02
2.691462000000000021e-02
2.879349999999999965e-02
2.761150000000000063e-02
2.789544999999999872e-02
2.450501999999999889e-02
2.338078999999999852e-02
2.128483999999999932e-02
1.881093000000000001e-02
2.130227000000000162e-02
2.572452000000000072e-02
2.966695999999999916e-02
2.434998000000000024e-02
1.823177000000000131e-02
