2.945342999999999919e-02
3.900097999999999759e-02
3.220280999999999838e-02
2.272064999999999849e-02
1.952351999999999907e-02
2.334817000000000142e-02
2.684552999999999939e-02
2.502412999999999860e-02
2.397308000000000078e-02
2.771442000000000003e-02
2.095692999999999862e-02
2.068924999999999931e-02
1.965112999999999929e-02
2.420007999999999881e-02
2.984426000000000093e-02
2.871280000000000013e-02
2.280072000000000002e-02
2.289265000000000050e-02
2.400624999999999981e-02
2.822159999999999946e-02
2.708036999999999944e-02
2.278586999999999974e-02
3.115474000000000021e-02
3.473802000000000140e-02
3.442237000000000074e-02
4.147123999999999949e-02
3.698616999999999877e-02
2.228339000000000014e-02
2.024518000000000151e-02
2.692436000000000135e-02
2.674580000000000013e-02
3.294648000000000021e-02
3.958098000000000172e-02
5.066128000000000298e-02
6.438576999999999495e-02
6.259763000000000133e-02
5.088416999999999940e-02
4.538464999999999860e-02
2.833642000000000105e-02
3.037188000000000040e-02
6.882048000000000332e-02
1.449611299999999936e-01
2.033773500000000123e-01
2.612198900000000101e-01
2.746621100000000149e-01
2.336215799999999954e-01
1.919179299999999866e-01
1.533876200000000023e-01
9.764253000000000515e-02
4.000631999999999799e-02
2.697019999999999973e-02
2.552464000000000122e-02
2.643500000000000016e-02
4.564761999999999986e-02
8.401941999999999744e-02
9.295084000000000679e-02
7.644309000000000520e-02
6.524754000000000664e-02
7.744357000000000324e-02
8.967566999999999899e-02
6.662993999999999861e-02
4.386005999999999933e-02
2.858855999999999897e-02
2.230938000000000018e-02
