2.898718999999999948e-02
3.565340000000000176e-02
2.580785999999999844e-02
1.979169000000000067e-02
2.095011999999999916e-02
2.163715999999999903e-02
2.848824000000000148e-02
2.479842999999999978e-02
2.219051000000000010e-02
2.403154000000000054e-02
2.011910999999999908e-02
2.102864000000000122e-02
2.197587000000000151e-02
2.754598999999999936e-02
2.521746000000000057e-02
2.541768999999999973e-02
2.304174999999999973e-02
2.657496000000000164e-02
2.503721000000000071e-02
3.198428999999999855e-02
3.395834999999999826e-02
2.316301000000000124e-02
3.776277000000000106e-02
4.393000999999999850e-02
3.409370999999999929e-02
4.679921000000000081e-02
3.632579999999999837e-02
2.342777000000000054e-02
2.150076000000000070e-02
2.715278999999999957e-02
2.950107999999999897e-02
4.232241999999999948e-02
5.887797000000000169e-02
6.053846000000000227e-02
8.159605999999999804e-02
8.527569000000000121e-02
7.189436000000000437e-02
4.094435999999999909e-02
3.641732000000000302e-02
5.406332999999999972e-02
1.145337099999999969e-01
2.480874799999999991e-01
2.758041299999999807e-01
3.201982099999999831e-01
3.060233299999999823e-01
2.861802900000000038e-01
2.221985900000000014e-01
1.674532599999999927e-01
1.009211700000000045e-01
4.427417000000000158e-02
2.658425999999999845e-02
2.435077999999999895e-02
3.727002000000000093e-02
6.565261000000000013e-02
1.277470400000000061e-01
1.284623000000000015e-01
1.250854100000000080e-01
1.047497800000000007e-01
1.019748199999999938e-01
1.052943800000000069e-01
8.429082000000000241e-02
4.685924000000000339e-02
3.037984999999999991e-02
2.383988999999999900e-02
