1.971235000000000001e-02
3.190028999999999781e-02
8.372456000000000342e-02
1.190082300000000065e-01
1.482555999999999874e-01
1.762991200000000036e-01
1.736233100000000029e-01
1.611405200000000093e-01
1.355928799999999990e-01
1.456556200000000134e-01
1.218846499999999972e-01
7.428287999999999558e-02
5.018882999999999678e-02
3.173944000000000071e-02
3.033140000000000142e-02
2.712759000000000004e-02
2.632390999999999898e-02
3.074355999999999964e-02
3.606767000000000306e-02
4.599332999999999894e-02
5.692695999999999867e-02
6.218615999999999727e-02
4.705440000000000317e-02
3.661947000000000119e-02
3.082423000000000107e-02
2.775818999999999856e-02
2.859650000000000039e-02
2.931860999999999842e-02
3.031197999999999879e-02
2.565341000000000149e-02
2.376601000000000061e-02
2.356810999999999975e-02
2.213209999999999830e-02
2.092354999999999909e-02
2.112336000000000075e-02
2.278348999999999999e-02
2.621017000000000138e-02
2.466561999999999921e-02
2.319372000000000100e-02
2.196311000000000097e-02
2.232028000000000137e-02
2.570619999999999850e-02
2.685275999999999982e-02
2.274777999999999870e-02
2.160244000000000053e-02
2.666125999999999913e-02
2.564042999999999878e-02
2.294722999999999902e-02
2.555121999999999949e-02
2.469992999999999841e-02
2.120475999999999958e-02
2.028730999999999937e-02
2.400853000000000015e-02
2.837164000000000005e-02
3.012244000000000033e-02
2.512725999999999849e-02
2.364598999999999868e-02
2.181676000000000101e-02
2.102793000000000023e-02
2.170942999999999831e-02
2.400303000000000159e-02
2.514900000000000121e-02
2.340218000000000159e-02
2.008845999999999896e-02
