1.770487999999999923e-02
2.138481999999999883e-02
1.986715999999999829e-02
2.377225999999999992e-02
2.149587000000000026e-02
2.143110000000000154e-02
1.920163999999999899e-02
1.832452999999999860e-02
1.908742999999999898e-02
2.217840000000000089e-02
2.272300999999999835e-02
2.063082999999999931e-02
1.918026999999999926e-02
1.958261999999999850e-02
1.938470000000000124e-02
2.181813999999999976e-02
2.278120000000000145e-02
2.249336999999999864e-02
2.036937999999999943e-02
1.895333000000000087e-02
2.064227999999999896e-02
2.212868000000000127e-02
2.337310000000000082e-02
2.010717999999999880e-02
1.872352000000000044e-02
1.941178000000000001e-02
2.157453000000000148e-02
2.549658999999999953e-02
2.335844000000000115e-02
2.207088000000000105e-02
2.336620000000000016e-02
2.486191000000000095e-02
2.648845000000000019e-02
2.492532999999999901e-02
2.334264000000000130e-02
2.079251999999999836e-02
2.196164999999999923e-02
2.796881000000000020e-02
2.710519000000000123e-02
2.496189000000000047e-02
2.390613999999999933e-02
2.917509999999999895e-02
3.777867000000000031e-02
4.361642000000000297e-02
3.895333000000000129e-02
2.813591000000000009e-02
2.538812000000000013e-02
2.396496999999999863e-02
3.914346999999999965e-02
6.576801000000000175e-02
7.883769000000000193e-02
9.903612000000000526e-02
1.084274399999999999e-01
1.283944999999999947e-01
1.099572800000000045e-01
9.049492000000000647e-02
8.426469999999999794e-02
7.318784000000000400e-02
5.417566000000000048e-02
3.428917000000000076e-02
2.607075000000000017e-02
2.132399000000000100e-02
1.904513999999999860e-02
1.863228999999999927e-02
