1.614540000000000072e-02
2.128866000000000092e-02
2.208507999999999999e-02
2.029747999999999969e-02
2.198556999999999942e-02
2.148993999999999904e-02
1.988250000000000087e-02
2.169004000000000071e-02
2.566784999999999900e-02
2.760545000000000013e-02
2.671039999999999873e-02
2.442574000000000134e-02
2.091642000000000154e-02
2.214233000000000173e-02
2.093311999999999951e-02
2.353507000000000168e-02
2.642662999999999957e-02
2.265021999999999869e-02
2.324692999999999898e-02
2.829591000000000051e-02
3.489485999999999977e-02
3.266792000000000307e-02
2.850851999999999900e-02
2.326604999999999993e-02
2.050992000000000093e-02
2.348702999999999902e-02
4.080301000000000067e-02
6.838526999999999800e-02
8.325525000000000286e-02
8.326092000000000215e-02
8.830614000000000519e-02
7.827987000000000140e-02
6.676725000000000021e-02
4.267333000000000237e-02
2.572723999999999844e-02
2.134308999999999859e-02
1.972921999999999870e-02
1.967495999999999828e-02
2.090944000000000136e-02
2.550202000000000024e-02
2.729948000000000097e-02
3.072360000000000022e-02
3.053018000000000051e-02
3.059854999999999867e-02
2.654491999999999963e-02
2.124987999999999877e-02
1.914158999999999999e-02
1.891885000000000094e-02
2.028262999999999941e-02
2.244416999999999940e-02
2.340166999999999942e-02
2.027786000000000172e-02
2.083234999999999948e-02
2.039215999999999945e-02
2.014261999999999997e-02
2.033222000000000154e-02
2.025166999999999939e-02
1.876285000000000106e-02
1.928289000000000045e-02
2.130216000000000054e-02
2.049263000000000126e-02
1.888864999999999988e-02
1.761826999999999838e-02
1.649710000000000065e-02
