3.127748999999999807e-02
3.597539000000000292e-02
2.575561999999999990e-02
2.676581000000000099e-02
2.049536000000000066e-02
1.882330999999999935e-02
2.149167000000000091e-02
2.309720999999999996e-02
2.992227999999999902e-02
2.751829000000000081e-02
2.213704000000000019e-02
2.095119000000000148e-02
3.024709999999999899e-02
3.426074999999999954e-02
2.799095000000000055e-02
2.287418999999999911e-02
2.105715000000000017e-02
2.384094000000000144e-02
2.611495999999999956e-02
2.650850000000000081e-02
2.419856999999999911e-02
2.753983999999999946e-02
2.303082000000000046e-02
2.784632999999999900e-02
3.146588000000000163e-02
2.838734999999999870e-02
2.328343999999999900e-02
2.592366999999999935e-02
3.377288999999999985e-02
4.781931999999999849e-02
3.560928000000000010e-02
2.939906999999999937e-02
2.491894999999999874e-02
2.267947000000000018e-02
2.611368000000000023e-02
3.124779999999999919e-02
3.972786999999999846e-02
3.542167000000000232e-02
3.503521999999999886e-02
4.306097999999999870e-02
6.125395000000000145e-02
6.356573999999999558e-02
4.689498999999999751e-02
3.531865000000000004e-02
3.150116000000000027e-02
5.012652000000000080e-02
8.659609999999999530e-02
1.394434700000000138e-01
1.740454100000000115e-01
1.950767200000000090e-01
2.232033300000000053e-01
1.793622800000000128e-01
1.650887699999999958e-01
1.360601899999999975e-01
8.595437000000000216e-02
4.482372999999999913e-02
2.937889999999999946e-02
2.292146000000000114e-02
2.205862000000000100e-02
2.302823999999999843e-02
2.633229000000000125e-02
3.070018999999999873e-02
3.003571000000000019e-02
2.047059000000000031e-02
