2.136694999999999914e-02
3.214559000000000166e-02
4.296797000000000116e-02
4.216734999999999928e-02
3.765936999999999757e-02
3.662159999999999721e-02
2.521506999999999915e-02
2.117281999999999845e-02
2.749829999999999983e-02
4.502786000000000288e-02
4.950443000000000204e-02
3.848705000000000181e-02
3.572995000000000337e-02
2.957484999999999975e-02
3.367590000000000167e-02
5.871479999999999755e-02
4.675379999999999814e-02
2.260254999999999903e-02
2.155409000000000144e-02
2.658738000000000073e-02
2.603907000000000097e-02
3.641475999999999741e-02
3.879476999999999925e-02
3.501238000000000267e-02
5.295460999999999918e-02
6.918473999999999458e-02
5.666245999999999783e-02
4.881015999999999827e-02
4.508070000000000133e-02
2.831333999999999934e-02
2.943255999999999997e-02
3.286487999999999909e-02
4.403247999999999884e-02
5.144102999999999870e-02
4.613529999999999714e-02
6.566545000000000021e-02
7.205604000000000176e-02
7.742058999999999747e-02
6.684487000000000068e-02
5.091613999999999862e-02
2.938206999999999972e-02
4.274340000000000084e-02
1.135922699999999952e-01
1.468144200000000010e-01
1.806612300000000060e-01
2.010165299999999988e-01
1.873327300000000029e-01
1.812622399999999911e-01
1.374571500000000002e-01
8.254841999999999735e-02
7.150447000000000053e-02
4.654633999999999855e-02
2.822086000000000039e-02
2.600430999999999923e-02
2.278952999999999882e-02
2.296797000000000075e-02
2.798677999999999930e-02
3.110643000000000089e-02
3.881753000000000287e-02
5.416627999999999721e-02
5.291880000000000195e-02
4.828215000000000284e-02
3.089986000000000121e-02
2.005950999999999915e-02
