4.466549999999999687e-02
6.902980999999999701e-02
6.834642999999999968e-02
4.716597000000000151e-02
4.696626000000000273e-02
3.841282000000000030e-02
3.253289999999999654e-02
2.399663000000000143e-02
2.080457000000000140e-02
1.994138999999999981e-02
1.910395000000000149e-02
1.884508000000000016e-02
2.001827999999999941e-02
2.273961999999999858e-02
2.195242999999999847e-02
2.273531999999999983e-02
2.140674000000000049e-02
2.150026000000000020e-02
2.008311000000000124e-02
1.879696000000000145e-02
1.825084000000000081e-02
1.795234999999999886e-02
1.784697999999999840e-02
1.782417000000000029e-02
1.835952000000000070e-02
1.822197000000000053e-02
1.788717999999999905e-02
1.824376000000000123e-02
1.822771000000000113e-02
1.776840999999999837e-02
1.828605000000000161e-02
1.815481999999999860e-02
1.807974000000000039e-02
1.771292000000000005e-02
1.820472000000000062e-02
1.820814999999999934e-02
1.847920999999999939e-02
1.898209000000000007e-02
1.970012999999999972e-02
1.797614999999999977e-02
1.772632999999999848e-02
2.033675000000000066e-02
2.134422000000000055e-02
2.121868000000000018e-02
2.001564999999999941e-02
1.857564999999999911e-02
1.856458999999999887e-02
1.946969000000000130e-02
1.929082999999999840e-02
1.922717999999999997e-02
1.937859000000000109e-02
1.884805999999999981e-02
1.877585999999999838e-02
1.881102999999999942e-02
2.073182999999999970e-02
2.178392999999999996e-02
2.013554000000000038e-02
2.114575999999999956e-02
2.040830000000000075e-02
1.964232000000000131e-02
2.119636000000000089e-02
2.227797000000000111e-02
1.833231999999999917e-02
1.795234999999999886e-02
