5.038638000000000144e-02
7.380562999999999707e-02
7.289766999999999775e-02
7.994476000000000360e-02
6.746077000000000323e-02
6.156658999999999743e-02
5.203367999999999882e-02
3.412939000000000250e-02
2.670805999999999875e-02
2.629249000000000169e-02
2.223612999999999978e-02
2.277550000000000061e-02
2.341371000000000077e-02
2.546539000000000094e-02
3.092191999999999857e-02
3.089942999999999856e-02
3.904797000000000129e-02
3.867667999999999801e-02
3.067411999999999916e-02
2.473215999999999956e-02
2.197146000000000168e-02
2.036086999999999966e-02
1.976052000000000017e-02
1.941694999999999879e-02
2.159936000000000147e-02
2.016064000000000050e-02
1.900355999999999920e-02
1.878451999999999900e-02
2.019419000000000075e-02
2.045193999999999832e-02
2.004076000000000121e-02
2.056650000000000145e-02
1.938103999999999869e-02
1.927366000000000149e-02
1.866392999999999872e-02
1.863255999999999940e-02
1.916858999999999924e-02
2.057031000000000137e-02
2.174575999999999940e-02
1.972383000000000122e-02
1.886126000000000122e-02
2.080171999999999924e-02
2.183910999999999838e-02
2.247004000000000015e-02
2.104578000000000004e-02
1.970834999999999948e-02
1.854547000000000140e-02
1.930252999999999830e-02
2.094127000000000141e-02
2.051224999999999923e-02
1.990331000000000045e-02
1.974617999999999859e-02
1.849332999999999880e-02
1.896501999999999910e-02
1.989227999999999830e-02
2.063637000000000110e-02
1.988822000000000159e-02
1.969956000000000138e-02
1.960229999999999959e-02
1.869316999999999854e-02
1.942564999999999917e-02
2.018555000000000002e-02
1.918577999999999950e-02
1.660025000000000042e-02
