1.968079000000000009e-02
2.972742999999999913e-02
2.836038000000000101e-02
2.859884999999999858e-02
3.763567000000000301e-02
3.999260000000000315e-02
4.103777000000000119e-02
5.216595999999999733e-02
5.260742999999999669e-02
5.769008999999999943e-02
5.097510000000000235e-02
2.828425999999999857e-02
2.248508000000000104e-02
2.893754999999999938e-02
5.683107999999999910e-02
1.057481700000000024e-01
1.304055000000000075e-01
1.286843599999999976e-01
1.466381800000000069e-01
1.473442600000000047e-01
1.130305399999999988e-01
7.415505000000000013e-02
5.543213000000000307e-02
3.579771999999999815e-02
2.123475000000000015e-02
2.104991999999999974e-02
2.203957000000000138e-02
2.087694000000000008e-02
3.651934999999999903e-02
5.166525999999999758e-02
5.086424999999999974e-02
5.188360999999999668e-02
4.467067999999999733e-02
3.683597999999999734e-02
3.250274999999999692e-02
2.391385999999999859e-02
2.259985000000000119e-02
2.260078000000000087e-02
2.786622999999999878e-02
2.527936999999999892e-02
2.292806000000000011e-02
2.164504000000000081e-02
2.092994000000000104e-02
1.926554000000000114e-02
2.057983999999999855e-02
2.215291000000000135e-02
2.231191000000000077e-02
2.132273999999999975e-02
1.924410000000000009e-02
2.150494000000000017e-02
2.657926999999999859e-02
2.934669000000000166e-02
2.897459999999999966e-02
2.524163999999999922e-02
2.270760000000000139e-02
2.004260000000000069e-02
1.922342000000000148e-02
2.215811000000000169e-02
2.299168999999999866e-02
2.089324999999999863e-02
2.432588999999999932e-02
2.497877000000000083e-02
1.989689999999999862e-02
1.810687000000000060e-02
