2.495059000000000166e-02
5.249899000000000232e-02
7.475740000000000163e-02
8.492043999999999981e-02
9.129597000000000406e-02
1.201802800000000004e-01
1.070585299999999990e-01
7.877818999999999794e-02
6.748400999999999705e-02
5.935568000000000094e-02
4.596805999999999809e-02
3.193039000000000294e-02
2.390443999999999902e-02
2.140558999999999865e-02
2.411922999999999845e-02
2.316305000000000100e-02
2.641183999999999893e-02
3.550580999999999876e-02
3.413008000000000014e-02
3.601996999999999838e-02
3.729149999999999826e-02
3.307883999999999824e-02
2.662118999999999944e-02
2.174504999999999841e-02
2.075261999999999940e-02
2.064774000000000123e-02
2.090619000000000158e-02
2.172918000000000072e-02
2.318392999999999843e-02
2.199784999999999935e-02
1.925442000000000126e-02
1.957263000000000058e-02
1.900840000000000168e-02
1.898649999999999990e-02
1.945449999999999957e-02
2.080579000000000109e-02
2.039664000000000060e-02
1.984912000000000135e-02
2.244472999999999954e-02
2.206783999999999829e-02
2.258523999999999948e-02
2.253358000000000097e-02
2.080484999999999973e-02
2.025375999999999913e-02
2.301887000000000030e-02
2.478293999999999983e-02
2.275765999999999900e-02
2.053106999999999849e-02
1.904623999999999900e-02
1.898849999999999844e-02
1.945788000000000031e-02
2.153096999999999997e-02
2.337525000000000019e-02
2.540877000000000066e-02
2.186478999999999853e-02
2.069655000000000106e-02
2.161592000000000027e-02
2.490304000000000129e-02
2.381462000000000162e-02
2.036208000000000115e-02
1.958423999999999929e-02
1.882585999999999982e-02
1.842090000000000047e-02
1.806854999999999919e-02
