1.714388999999999844e-02
1.944714999999999985e-02
2.050998000000000057e-02
2.166037000000000171e-02
3.042243999999999851e-02
2.836230000000000001e-02
1.884769999999999848e-02
1.898501000000000008e-02
1.859401000000000109e-02
1.998787999999999954e-02
2.212553999999999910e-02
2.139966999999999911e-02
2.214916999999999928e-02
1.996177999999999841e-02
1.906371000000000107e-02
2.285606999999999916e-02
2.192097999999999963e-02
2.085721000000000103e-02
2.193049000000000040e-02
2.166134999999999936e-02
2.932600000000000137e-02
2.888212000000000071e-02
2.879446999999999909e-02
2.669668999999999862e-02
2.247035000000000005e-02
2.147013999999999867e-02
2.038186000000000164e-02
2.431575999999999876e-02
2.154367000000000087e-02
2.213408999999999863e-02
2.592991999999999866e-02
2.898571000000000134e-02
3.157444999999999696e-02
2.766880999999999854e-02
2.752767999999999882e-02
2.352007999999999877e-02
1.961434000000000094e-02
3.034169000000000102e-02
4.420488000000000195e-02
5.835698999999999748e-02
7.741615999999999775e-02
8.803893000000000135e-02
1.025734299999999932e-01
9.097597999999999796e-02
7.808033000000000334e-02
5.279890999999999751e-02
4.054955999999999838e-02
2.896531000000000106e-02
2.157633999999999941e-02
2.100486000000000020e-02
2.347470000000000112e-02
2.559845999999999996e-02
3.367057999999999857e-02
4.280405000000000321e-02
6.621520000000000183e-02
7.210105999999999460e-02
5.472595000000000237e-02
4.488733000000000306e-02
3.689516999999999797e-02
3.344802999999999665e-02
2.366551000000000071e-02
2.194360000000000060e-02
2.041961000000000123e-02
1.863420999999999828e-02
