2.157732000000000053e-02
2.697710000000000038e-02
2.403187999999999852e-02
2.320283000000000068e-02
2.225885999999999837e-02
2.062165999999999999e-02
1.853930000000000161e-02
1.921016000000000043e-02
2.297048000000000145e-02
2.584184999999999954e-02
2.363695999999999853e-02
2.082521999999999845e-02
2.067046000000000161e-02
2.473737000000000158e-02
2.368220999999999868e-02
2.227366000000000068e-02
2.624564999999999884e-02
2.614162999999999903e-02
2.188529000000000169e-02
1.948242999999999850e-02
2.075915999999999872e-02
2.588634999999999894e-02
2.424687999999999843e-02
2.072347000000000078e-02
1.936780000000000099e-02
1.972254999999999842e-02
2.286766999999999966e-02
2.529997999999999969e-02
2.538069000000000089e-02
2.576360999999999929e-02
3.377104999999999690e-02
3.142066999999999777e-02
3.213561999999999669e-02
2.670085999999999987e-02
2.175952999999999915e-02
2.546462999999999852e-02
3.611728000000000161e-02
4.031327999999999995e-02
3.941739999999999827e-02
2.828121000000000107e-02
3.299523000000000039e-02
3.569651000000000074e-02
3.527510999999999841e-02
3.962215999999999655e-02
3.392321999999999699e-02
3.166382000000000224e-02
4.241170999999999830e-02
5.626630999999999994e-02
9.971536999999999762e-02
1.445746699999999885e-01
1.689936800000000072e-01
1.613146699999999933e-01
1.529820100000000016e-01
1.595222400000000096e-01
1.396367099999999972e-01
1.124755399999999989e-01
5.421369999999999661e-02
4.496366999999999725e-02
3.096932999999999978e-02
2.346304999999999918e-02
2.232918999999999876e-02
2.485419000000000170e-02
2.086866000000000068e-02
1.853551999999999977e-02
