1.948050000000000129e-02
2.821819999999999884e-02
3.336780000000000301e-02
2.918586999999999917e-02
2.767526999999999834e-02
2.545887999999999970e-02
2.107525999999999844e-02
1.906512999999999958e-02
2.245874000000000134e-02
2.556601999999999833e-02
3.030340000000000117e-02
2.420970999999999887e-02
2.370825000000000016e-02
2.353302000000000171e-02
3.002031999999999964e-02
4.719179999999999903e-02
2.764515000000000028e-02
2.435367999999999908e-02
2.005687000000000095e-02
2.943062999999999929e-02
2.315464000000000064e-02
3.926973999999999743e-02
2.598075999999999858e-02
3.167265999999999831e-02
3.173582999999999960e-02
4.341276000000000163e-02
4.115971999999999686e-02
3.509613000000000316e-02
2.837171000000000137e-02
2.672655999999999990e-02
2.267813000000000120e-02
3.281150000000000039e-02
3.350493000000000221e-02
3.086010000000000142e-02
5.015300000000000313e-02
5.589373999999999731e-02
6.549533999999999911e-02
5.637463999999999670e-02
4.505286000000000013e-02
3.427146999999999832e-02
2.716048000000000073e-02
5.102709999999999885e-02
9.348307999999999618e-02
1.305166899999999908e-01
1.783061300000000071e-01
2.104322200000000032e-01
2.138505099999999937e-01
2.213108500000000034e-01
1.499860000000000082e-01
7.603179000000000187e-02
7.972648999999999708e-02
4.536445000000000061e-02
2.653339000000000045e-02
3.318476000000000065e-02
4.319118999999999736e-02
5.470399000000000095e-02
5.162117000000000094e-02
5.468118000000000284e-02
7.818949000000000038e-02
8.690507999999999567e-02
8.531410999999999856e-02
6.426168999999999631e-02
3.141386000000000178e-02
2.190218000000000026e-02
