1.977732999999999922e-02
2.332957999999999907e-02
2.485155000000000003e-02
3.039191000000000115e-02
2.928056999999999882e-02
2.195276000000000172e-02
1.877631999999999912e-02
1.791681999999999997e-02
2.038529999999999856e-02
2.083499000000000115e-02
1.991911000000000029e-02
2.096688999999999845e-02
2.181813000000000155e-02
2.721056000000000169e-02
3.159888999999999754e-02
3.087737000000000120e-02
3.080464000000000119e-02
2.748592000000000049e-02
2.052063999999999971e-02
1.836273999999999892e-02
2.564239000000000102e-02
4.677797999999999679e-02
6.125591999999999843e-02
6.459832999999999548e-02
7.951740000000000197e-02
8.531225000000000613e-02
6.999133999999999911e-02
5.969975000000000281e-02
4.014705999999999830e-02
2.715903000000000067e-02
2.203745000000000009e-02
1.904169000000000000e-02
2.024872000000000130e-02
2.199196999999999957e-02
2.643929999999999891e-02
2.774253999999999956e-02
3.423388000000000125e-02
4.293281000000000180e-02
3.935493000000000324e-02
2.693695000000000117e-02
2.363983000000000056e-02
2.115554999999999866e-02
2.034245000000000150e-02
2.205237000000000169e-02
2.395517999999999953e-02
2.226517999999999900e-02
2.031281000000000059e-02
2.263164000000000148e-02
2.181684999999999874e-02
1.994780999999999985e-02
1.953776000000000124e-02
1.887078999999999840e-02
1.868585000000000038e-02
2.130904000000000131e-02
2.299837000000000062e-02
2.071169000000000135e-02
1.842968000000000037e-02
2.145195000000000088e-02
2.323849999999999874e-02
2.327256999999999937e-02
2.243465999999999863e-02
2.387732999999999869e-02
2.097345000000000112e-02
1.683172999999999961e-02
