1.614447999999999925e-02
2.046817999999999901e-02
2.126911000000000079e-02
2.265924000000000063e-02
2.278830999999999912e-02
2.369825000000000056e-02
2.202112999999999987e-02
2.437740999999999866e-02
2.811827000000000076e-02
3.017107000000000122e-02
2.792657999999999946e-02
2.208749999999999949e-02
1.819915000000000074e-02
1.984146999999999994e-02
2.700717999999999869e-02
3.985023000000000037e-02
4.585246999999999934e-02
4.958499999999999713e-02
5.886247000000000007e-02
6.132408999999999777e-02
5.166583999999999760e-02
4.253250000000000086e-02
3.301848000000000283e-02
2.472084000000000087e-02
1.940505000000000008e-02
1.905226000000000142e-02
1.842548999999999923e-02
1.845248000000000027e-02
2.041089000000000098e-02
2.472465000000000079e-02
2.621926999999999938e-02
2.803498000000000101e-02
2.701943999999999874e-02
2.626850000000000018e-02
2.437877999999999920e-02
1.919478000000000156e-02
1.955085999999999977e-02
1.987486999999999934e-02
2.115635000000000085e-02
2.078926000000000038e-02
1.935492000000000115e-02
1.949760999999999855e-02
1.998168000000000166e-02
1.885546999999999918e-02
1.829580999999999916e-02
1.837027999999999925e-02
1.835314999999999863e-02
1.870909999999999934e-02
1.846932999999999908e-02
1.846350000000000074e-02
2.003049999999999969e-02
2.089001999999999873e-02
2.036492999999999984e-02
2.042083999999999913e-02
1.946468000000000156e-02
1.916597999999999913e-02
1.876291000000000070e-02
1.841891999999999835e-02
1.812104999999999966e-02
1.861522999999999997e-02
2.027313000000000032e-02
2.048548000000000036e-02
1.908185999999999910e-02
1.614588000000000134e-02
