3.447516999999999943e-02
5.157173000000000312e-02
4.730862999999999735e-02
4.396714000000000178e-02
4.476581999999999784e-02
4.112837999999999911e-02
2.882677999999999977e-02
2.322037999999999880e-02
2.037105000000000166e-02
1.855429999999999927e-02
1.898441999999999838e-02
1.874972999999999917e-02
2.057582999999999981e-02
2.156419000000000044e-02
2.286264000000000005e-02
2.283713999999999883e-02
2.274665000000000020e-02
2.401065000000000144e-02
2.188773000000000107e-02
2.000961000000000059e-02
1.940000000000000058e-02
1.890032000000000170e-02
1.829839999999999939e-02
1.823634999999999839e-02
1.995552000000000090e-02
1.973120000000000082e-02
1.815144000000000132e-02
1.889787000000000064e-02
1.857622000000000093e-02
1.858597000000000027e-02
1.823520000000000002e-02
1.840748999999999858e-02
1.824142000000000124e-02
1.829286000000000106e-02
1.794164999999999996e-02
1.768963999999999953e-02
1.866608999999999977e-02
1.915810999999999903e-02
1.950715000000000088e-02
1.834171999999999886e-02
1.801675999999999972e-02
1.820453000000000002e-02
1.914597999999999994e-02
1.918759000000000089e-02
1.969380999999999909e-02
1.897907000000000066e-02
1.819704000000000113e-02
1.831833000000000072e-02
1.807461999999999958e-02
1.837785000000000113e-02
1.880712000000000009e-02
1.826289999999999858e-02
1.826844999999999858e-02
1.855872000000000077e-02
1.869733000000000159e-02
1.918088999999999905e-02
1.926167999999999977e-02
1.889528000000000041e-02
1.869938999999999976e-02
1.803083999999999937e-02
1.845950000000000021e-02
1.856601000000000085e-02
1.694178000000000003e-02
1.584259999999999835e-02
