1.814394999999999897e-02
2.359255999999999853e-02
2.208668999999999910e-02
1.906901000000000082e-02
1.819240999999999914e-02
1.828596999999999861e-02
2.025926000000000116e-02
1.989762999999999948e-02
1.915990000000000054e-02
1.976545000000000038e-02
1.851374999999999896e-02
1.977732999999999922e-02
1.850152000000000047e-02
2.107018000000000085e-02
2.196019000000000096e-02
2.168178000000000119e-02
2.183028000000000052e-02
1.904455000000000037e-02
1.865330999999999934e-02
2.186099000000000028e-02
2.229605000000000128e-02
1.972685000000000063e-02
2.241705999999999907e-02
2.890875999999999862e-02
2.972003999999999965e-02
3.553491000000000288e-02
2.897036999999999876e-02
2.131001999999999896e-02
2.303880000000000164e-02
2.414830999999999922e-02
3.038860000000000172e-02
3.562438999999999883e-02
4.372704000000000174e-02
4.740190999999999849e-02
6.225809999999999678e-02
6.005334999999999840e-02
5.619732000000000199e-02
3.716438999999999854e-02
2.794204000000000132e-02
3.189845999999999654e-02
7.401789999999999758e-02
1.482152499999999928e-01
2.298286700000000127e-01
2.701419899999999985e-01
2.812358999999999831e-01
2.578228399999999976e-01
2.252075400000000116e-01
1.768468800000000118e-01
9.341438999999999993e-02
4.301986000000000004e-02
2.663735999999999882e-02
2.491791999999999965e-02
2.525936000000000153e-02
4.485464000000000118e-02
7.125605000000000133e-02
7.881691000000000391e-02
6.956650999999999807e-02
6.285292000000000656e-02
7.050876999999999839e-02
7.613227999999999662e-02
5.835822999999999705e-02
3.736272000000000204e-02
2.518126000000000045e-02
1.960771000000000042e-02
