1.824409000000000100e-02
2.163406999999999830e-02
2.013983000000000093e-02
1.879358000000000070e-02
1.970770999999999981e-02
2.965862999999999833e-02
3.990869999999999834e-02
4.378930000000000322e-02
3.998366999999999893e-02
2.694467999999999863e-02
1.940402999999999920e-02
2.123975000000000168e-02
2.929365000000000094e-02
3.326240999999999920e-02
3.424655000000000060e-02
3.134042000000000078e-02
2.245640000000000136e-02
2.324487999999999902e-02
3.004189000000000165e-02
3.702706000000000053e-02
3.393547999999999704e-02
3.261645999999999990e-02
3.288387999999999728e-02
3.050332999999999864e-02
3.455416000000000043e-02
4.231921999999999767e-02
3.142066999999999777e-02
2.620897000000000157e-02
2.218538000000000107e-02
2.460199000000000066e-02
2.771956999999999893e-02
2.497185999999999850e-02
2.612286000000000122e-02
3.814570999999999934e-02
4.663070999999999883e-02
4.195606000000000335e-02
3.023299999999999946e-02
2.768931000000000170e-02
2.573409000000000113e-02
3.005806999999999923e-02
2.922053999999999971e-02
3.449362000000000261e-02
4.485179999999999723e-02
5.342580999999999719e-02
5.337982000000000143e-02
6.671043000000000112e-02
7.983419999999999406e-02
6.977532000000000179e-02
4.237182999999999922e-02
3.375314000000000092e-02
3.002229000000000009e-02
5.038958999999999799e-02
8.598226000000000480e-02
1.419257200000000052e-01
1.849829600000000018e-01
2.227014200000000110e-01
2.317797400000000119e-01
2.429309600000000013e-01
2.291688799999999915e-01
1.890936900000000087e-01
1.306367700000000132e-01
8.820746000000000142e-02
4.051638999999999935e-02
2.134623999999999897e-02
