1.711261999999999853e-02
1.788276000000000102e-02
1.839555999999999830e-02
1.804151000000000019e-02
1.877252000000000087e-02
1.871611999999999928e-02
1.800792000000000018e-02
1.806191999999999867e-02
1.793435999999999989e-02
1.907773000000000108e-02
1.953432000000000085e-02
1.966344999999999898e-02
1.984133999999999898e-02
2.054399000000000156e-02
2.006764999999999938e-02
2.044241000000000114e-02
2.014565999999999926e-02
1.950013999999999914e-02
1.885550999999999894e-02
1.814661999999999872e-02
1.916943999999999940e-02
2.013113999999999876e-02
1.940717999999999957e-02
1.895559999999999953e-02
1.842322999999999877e-02
1.863224000000000130e-02
1.879323999999999925e-02
1.932454000000000116e-02
1.887851000000000112e-02
1.908073999999999881e-02
1.969392999999999838e-02
1.981874999999999956e-02
2.018672999999999995e-02
1.905176000000000092e-02
1.874668000000000168e-02
1.864181999999999992e-02
1.850999999999999868e-02
1.928364000000000120e-02
1.902484000000000119e-02
1.835762000000000158e-02
1.835989000000000024e-02
1.841985000000000150e-02
1.904401999999999831e-02
1.889971000000000012e-02
1.847091999999999831e-02
1.860132999999999925e-02
1.893966999999999873e-02
1.858858999999999859e-02
1.800260000000000055e-02
1.829234000000000068e-02
1.860931000000000043e-02
1.855288000000000076e-02
1.846340999999999954e-02
1.856684000000000112e-02
1.839168999999999873e-02
1.845232999999999943e-02
1.851567000000000143e-02
1.894140000000000060e-02
1.806226000000000012e-02
1.804781999999999914e-02
1.837257000000000126e-02
1.838926000000000102e-02
1.699078000000000047e-02
1.580637999999999835e-02
