2.206460000000000019e-02
3.980199999999999710e-02
4.218978999999999785e-02
4.457582000000000211e-02
4.445559999999999790e-02
4.301967000000000291e-02
2.880943999999999866e-02
1.911148999999999834e-02
2.666197999999999832e-02
4.403751999999999667e-02
6.979299999999999393e-02
1.019553500000000001e-01
1.255154900000000073e-01
1.428512799999999972e-01
1.248649800000000004e-01
1.171680300000000063e-01
9.541687000000000085e-02
7.558745999999999521e-02
4.034697999999999757e-02
2.370241999999999835e-02
2.123614000000000057e-02
2.108818999999999971e-02
2.240860000000000074e-02
2.864811999999999914e-02
3.597894000000000092e-02
4.259966999999999920e-02
5.169955999999999857e-02
4.753344999999999793e-02
3.598505999999999927e-02
2.859671999999999908e-02
2.555682000000000093e-02
2.486943000000000140e-02
2.982082999999999956e-02
2.788316000000000058e-02
2.882521000000000042e-02
2.910675999999999888e-02
2.427870000000000028e-02
2.036293999999999951e-02
2.195085999999999912e-02
2.193263999999999977e-02
2.059831000000000162e-02
1.895842000000000013e-02
1.940884999999999833e-02
2.112048999999999871e-02
1.975034999999999985e-02
2.052206999999999990e-02
2.345633000000000093e-02
2.700550000000000173e-02
2.756547000000000164e-02
2.483432000000000001e-02
2.174314999999999928e-02
1.924493000000000037e-02
2.164552000000000143e-02
2.456913000000000152e-02
2.568963000000000149e-02
2.200784999999999894e-02
2.050567999999999835e-02
1.925378999999999979e-02
1.900875000000000134e-02
2.433099000000000026e-02
2.572100000000000081e-02
2.393858999999999917e-02
2.232560999999999921e-02
1.773096000000000047e-02
