2.242148999999999878e-02
2.386703999999999909e-02
2.283307999999999865e-02
2.182386000000000048e-02
2.096664999999999987e-02
1.904339999999999852e-02
1.775917999999999941e-02
1.884865000000000151e-02
2.123941999999999844e-02
2.324881000000000170e-02
2.320998999999999979e-02
2.037906999999999913e-02
1.842869000000000104e-02
2.007812000000000138e-02
2.203675000000000078e-02
2.146713999999999914e-02
2.285331999999999988e-02
2.268270999999999829e-02
1.984081999999999860e-02
1.801867999999999873e-02
2.057039999999999910e-02
2.273489999999999886e-02
2.081581000000000056e-02
1.934868000000000005e-02
2.005637999999999865e-02
1.935411999999999896e-02
2.286743999999999929e-02
2.504769000000000093e-02
2.487473999999999935e-02
2.368129000000000067e-02
2.463243000000000030e-02
2.457480999999999902e-02
2.494783999999999891e-02
2.260881000000000002e-02
2.025342999999999935e-02
2.312196000000000043e-02
2.711117000000000041e-02
3.044749999999999887e-02
2.687134999999999871e-02
2.330079999999999998e-02
2.786256000000000149e-02
3.331437999999999761e-02
3.430181999999999676e-02
3.463810999999999973e-02
2.889558999999999878e-02
2.550958000000000045e-02
2.786254000000000161e-02
3.655844999999999928e-02
6.435135999999999634e-02
9.085616000000000525e-02
9.557174000000000225e-02
9.923988000000000254e-02
1.052581199999999967e-01
9.857634999999999315e-02
7.637979000000000296e-02
5.556504000000000304e-02
3.954218999999999790e-02
2.969776999999999834e-02
2.368661000000000030e-02
2.055432000000000092e-02
1.959239999999999940e-02
2.070496000000000142e-02
1.990953000000000167e-02
1.743033000000000082e-02
