1.726524999999999935e-02
1.964542999999999845e-02
2.044599000000000069e-02
2.477926000000000087e-02
2.514993000000000090e-02
2.302633999999999931e-02
1.904526000000000135e-02
1.896437000000000123e-02
1.913182000000000077e-02
1.987150000000000027e-02
2.168103000000000044e-02
1.994370999999999991e-02
1.940313999999999928e-02
1.836147999999999947e-02
1.920171000000000031e-02
2.126803999999999847e-02
2.090488999999999889e-02
1.912679999999999936e-02
2.030826000000000159e-02
2.342315999999999843e-02
2.838026000000000090e-02
2.771639000000000047e-02
2.504409000000000149e-02
2.055521000000000084e-02
2.024323999999999915e-02
2.005144999999999844e-02
2.442391000000000006e-02
2.372973000000000096e-02
2.191722999999999935e-02
2.556925000000000170e-02
2.739892000000000022e-02
3.246899000000000313e-02
2.916542000000000093e-02
2.369113999999999942e-02
2.112756999999999830e-02
2.110044999999999976e-02
2.489821000000000048e-02
5.050153999999999754e-02
7.023327999999999516e-02
8.048093000000000607e-02
8.680810999999999389e-02
8.681377999999999318e-02
7.376757000000000453e-02
5.861235000000000056e-02
3.632587999999999789e-02
2.639063000000000173e-02
2.152004000000000070e-02
1.978268000000000040e-02
1.852246000000000101e-02
2.065873000000000015e-02
2.500381999999999952e-02
3.094944999999999988e-02
4.042485999999999996e-02
4.281121000000000232e-02
4.737825999999999843e-02
5.081473000000000240e-02
3.335169999999999801e-02
2.583761000000000044e-02
2.315984999999999919e-02
2.061910000000000132e-02
1.961933000000000080e-02
2.103551000000000032e-02
2.042777000000000134e-02
1.702433999999999892e-02
