2.603195000000000162e-02
3.466256000000000198e-02
2.751034000000000118e-02
2.074203000000000158e-02
2.465008000000000130e-02
2.590686000000000030e-02
3.001842999999999873e-02
2.948697000000000124e-02
2.347331999999999891e-02
2.070661999999999850e-02
2.004896999999999929e-02
2.204708999999999836e-02
2.465122999999999967e-02
3.426669000000000243e-02
3.036923000000000053e-02
2.553162999999999960e-02
2.180237999999999968e-02
2.978327000000000058e-02
3.434072999999999987e-02
3.968176999999999816e-02
3.587656000000000178e-02
2.561543000000000153e-02
4.812057000000000140e-02
5.605670000000000097e-02
5.277359999999999690e-02
6.437932999999999850e-02
4.031102999999999770e-02
2.054353000000000082e-02
2.209532999999999983e-02
2.898623999999999992e-02
3.793930999999999693e-02
6.619131999999999794e-02
8.439852000000000465e-02
1.125285399999999963e-01
1.156973399999999957e-01
1.171930000000000055e-01
8.944120999999999322e-02
5.736459000000000003e-02
3.704881000000000146e-02
6.226795000000000246e-02
1.405485999999999958e-01
2.952741400000000183e-01
3.626455699999999727e-01
3.951702100000000217e-01
3.664184500000000066e-01
3.277182299999999993e-01
2.633250999999999786e-01
2.159562600000000110e-01
9.762458999999999720e-02
4.060642999999999891e-02
2.640966999999999967e-02
2.718365999999999838e-02
2.764704999999999940e-02
4.519600000000000006e-02
8.273959999999999648e-02
7.692058000000000229e-02
7.052461999999999620e-02
6.613655000000000228e-02
8.089290000000000369e-02
8.480872000000000410e-02
7.006252999999999787e-02
5.419120999999999660e-02
3.319860000000000172e-02
2.071057999999999927e-02
