2.148902999999999924e-02
3.079625999999999891e-02
3.230279999999999957e-02
3.800100000000000006e-02
3.111505999999999994e-02
2.629812999999999942e-02
2.059499999999999872e-02
1.893734000000000042e-02
2.164454999999999851e-02
2.113984000000000002e-02
2.262298000000000087e-02
2.239624000000000129e-02
2.216138000000000136e-02
3.159155000000000296e-02
3.024649000000000088e-02
3.528474999999999667e-02
3.403802000000000216e-02
3.074324000000000154e-02
2.419535000000000088e-02
2.122639999999999944e-02
2.485785000000000078e-02
4.556302999999999742e-02
6.406958000000000097e-02
8.049462000000000284e-02
9.656032000000000504e-02
1.097020300000000059e-01
1.061842999999999954e-01
7.588562000000000085e-02
5.511334999999999845e-02
3.778729000000000116e-02
2.609608999999999887e-02
2.197993000000000169e-02
2.085276000000000143e-02
2.057631999999999864e-02
2.522604999999999986e-02
2.504908000000000134e-02
3.298279999999999962e-02
4.417833000000000176e-02
3.987977999999999662e-02
3.255923000000000150e-02
2.765135999999999983e-02
2.262584999999999943e-02
2.194799999999999876e-02
2.287722999999999840e-02
2.595412000000000066e-02
2.194662000000000002e-02
2.215862999999999861e-02
2.394898999999999986e-02
2.285285000000000094e-02
2.102810000000000096e-02
1.926177999999999918e-02
1.908711999999999909e-02
1.936455999999999941e-02
2.074346999999999996e-02
2.321325999999999945e-02
2.103353000000000167e-02
2.035208000000000156e-02
1.964836000000000013e-02
1.913132999999999848e-02
1.982081999999999941e-02
1.950966999999999979e-02
2.287648000000000112e-02
1.935925999999999966e-02
1.622525999999999829e-02
