2.145771000000000137e-02
2.402661000000000033e-02
1.866024999999999975e-02
1.847831000000000126e-02
1.899568000000000090e-02
1.916268000000000138e-02
1.967700000000000005e-02
2.142312999999999856e-02
2.119802999999999965e-02
1.858210999999999891e-02
1.898924000000000098e-02
2.113866000000000009e-02
2.321389999999999912e-02
2.552375999999999950e-02
2.243937000000000015e-02
1.896081000000000155e-02
1.762383000000000005e-02
1.852563000000000126e-02
2.380621999999999946e-02
2.196557000000000023e-02
1.951367999999999853e-02
1.998418000000000069e-02
1.992365999999999929e-02
2.400251000000000121e-02
2.766441000000000039e-02
2.262534999999999893e-02
2.038484999999999950e-02
1.975311999999999901e-02
2.651063000000000031e-02
3.046874000000000110e-02
2.373774999999999843e-02
2.110238999999999865e-02
1.890649000000000149e-02
1.902513000000000121e-02
1.964120999999999923e-02
2.231630000000000072e-02
2.370540000000000147e-02
2.510706999999999869e-02
2.941614999999999855e-02
3.425686000000000009e-02
3.966092000000000228e-02
3.885447000000000206e-02
3.104553999999999994e-02
2.227621000000000115e-02
2.386339999999999989e-02
3.628027999999999809e-02
4.961020000000000013e-02
7.517548000000000286e-02
8.780013000000000400e-02
8.699263000000000134e-02
1.054230599999999990e-01
9.623956999999999651e-02
8.550774999999999348e-02
6.938332999999999307e-02
4.124677000000000204e-02
2.461392999999999914e-02
2.028751000000000165e-02
2.064099999999999963e-02
1.906733999999999860e-02
2.043002000000000012e-02
2.373420999999999864e-02
2.543673999999999935e-02
2.263017999999999974e-02
1.790542999999999996e-02
