2.012326000000000045e-02
2.731996999999999898e-02
2.872558999999999876e-02
2.552971000000000060e-02
3.193225999999999704e-02
3.481250000000000316e-02
3.819128000000000106e-02
4.645401999999999865e-02
4.578530000000000100e-02
4.684543000000000040e-02
4.228238000000000135e-02
2.527060999999999891e-02
2.099374000000000032e-02
3.276893000000000167e-02
6.196542000000000022e-02
9.556243999999999850e-02
1.098193400000000014e-01
1.122599400000000025e-01
1.266417999999999988e-01
1.202533999999999964e-01
9.581398000000000692e-02
5.967009999999999675e-02
4.218356999999999662e-02
2.834265000000000048e-02
2.080024999999999930e-02
2.120729999999999837e-02
2.227789999999999979e-02
2.116490000000000038e-02
3.244306000000000273e-02
4.614312000000000275e-02
4.398359999999999770e-02
4.304465999999999848e-02
3.887623999999999941e-02
3.270489000000000035e-02
2.921788000000000163e-02
2.580044999999999908e-02
2.297878000000000073e-02
2.401458000000000065e-02
2.498358999999999996e-02
2.589817999999999981e-02
2.177083999999999964e-02
2.112382999999999969e-02
2.057600999999999875e-02
1.951506000000000074e-02
1.917912000000000089e-02
2.083122999999999919e-02
2.212054000000000104e-02
2.131829999999999836e-02
1.913925000000000001e-02
2.143449999999999869e-02
2.550716000000000094e-02
2.763797999999999949e-02
2.705412000000000095e-02
2.340265000000000054e-02
2.185194999999999846e-02
1.994983000000000173e-02
1.926639000000000129e-02
2.275405000000000136e-02
2.283579999999999985e-02
2.076696999999999918e-02
2.186101000000000016e-02
2.431718000000000074e-02
2.036446999999999910e-02
1.784544000000000061e-02
