1.808239999999999847e-02
2.658562000000000078e-02
3.301650999999999891e-02
3.169051999999999980e-02
3.085887000000000005e-02
3.628508999999999901e-02
3.584492000000000234e-02
4.081009000000000025e-02
5.435630000000000323e-02
5.511606000000000144e-02
3.987812000000000301e-02
2.534870999999999999e-02
2.536820999999999868e-02
4.213796999999999682e-02
7.490724999999999467e-02
1.154070999999999986e-01
1.243948599999999960e-01
1.098848600000000009e-01
1.148013799999999945e-01
9.992818000000000533e-02
7.787172000000000538e-02
5.425726000000000160e-02
3.797070000000000306e-02
2.625993000000000077e-02
1.932791000000000023e-02
2.161878000000000064e-02
2.327890000000000167e-02
2.255810999999999927e-02
3.138839000000000212e-02
5.067929999999999657e-02
4.503660999999999776e-02
4.370784999999999948e-02
4.409691000000000305e-02
3.571499999999999675e-02
3.149439999999999878e-02
2.558324999999999835e-02
2.267399000000000150e-02
2.207355000000000081e-02
2.412208999999999881e-02
2.415182000000000093e-02
2.390016000000000015e-02
2.196798000000000153e-02
1.997905999999999987e-02
1.929985000000000034e-02
1.969647000000000064e-02
2.001798999999999940e-02
2.220994999999999914e-02
2.041507000000000044e-02
1.920683000000000112e-02
2.250759000000000093e-02
2.717367999999999867e-02
2.577360999999999888e-02
2.548475000000000046e-02
2.189525000000000152e-02
2.107656000000000113e-02
1.955085999999999977e-02
2.017766000000000004e-02
2.255945000000000172e-02
2.153795999999999836e-02
2.110104000000000146e-02
2.312393999999999908e-02
2.243672999999999848e-02
1.994970999999999897e-02
1.846485999999999961e-02
