4.079189999999999899e-02
8.155983999999999456e-02
8.503317999999999988e-02
7.651895999999999698e-02
6.479041000000000661e-02
5.737723000000000129e-02
4.698864999999999986e-02
3.137903000000000220e-02
2.400822000000000025e-02
2.202010000000000078e-02
2.149295999999999845e-02
2.138779000000000027e-02
2.405304000000000123e-02
2.777757000000000143e-02
3.280005999999999894e-02
3.258769999999999722e-02
3.461717999999999740e-02
3.286817999999999684e-02
2.723572999999999966e-02
2.224152999999999894e-02
2.026926999999999895e-02
1.961057999999999898e-02
1.956066999999999875e-02
2.018928999999999863e-02
2.124498000000000011e-02
2.064333000000000140e-02
1.882048000000000054e-02
1.942272000000000096e-02
1.992388000000000145e-02
1.890994999999999829e-02
1.928637000000000060e-02
1.998899999999999982e-02
1.930857000000000059e-02
1.900879000000000110e-02
1.858564999999999870e-02
1.913050999999999988e-02
1.887567999999999885e-02
1.990553999999999935e-02
2.030331999999999970e-02
1.882369000000000056e-02
1.807500000000000079e-02
1.978531000000000040e-02
2.204187000000000160e-02
2.281367999999999938e-02
2.220000999999999919e-02
1.847288000000000055e-02
1.894293999999999839e-02
2.124817000000000025e-02
2.126843999999999957e-02
2.109168999999999974e-02
1.979681000000000149e-02
1.897756999999999916e-02
1.873222999999999902e-02
1.937271000000000132e-02
2.046780999999999948e-02
2.031905999999999990e-02
1.960098999999999869e-02
1.954463000000000034e-02
1.914247999999999991e-02
1.870940000000000103e-02
1.996370000000000089e-02
2.018831000000000098e-02
1.818494999999999834e-02
1.650735000000000050e-02
