2.016708999999999863e-02
2.381000999999999951e-02
2.091656000000000071e-02
1.847096999999999975e-02
1.840048999999999851e-02
1.975307000000000104e-02
2.463314999999999949e-02
3.166493000000000085e-02
3.671793000000000279e-02
4.320662000000000114e-02
4.226641999999999899e-02
4.156742000000000076e-02
4.056632000000000293e-02
3.426305999999999796e-02
2.791400999999999952e-02
2.400226999999999916e-02
2.175117999999999843e-02
1.915183999999999984e-02
1.804988999999999899e-02
1.808925000000000116e-02
1.818892999999999899e-02
1.893270999999999843e-02
1.992429999999999896e-02
2.187425999999999954e-02
2.213385000000000005e-02
2.262741999999999878e-02
2.012264000000000067e-02
1.898077999999999918e-02
1.815647000000000094e-02
1.806322000000000136e-02
1.862062000000000092e-02
1.840595999999999899e-02
1.850318999999999922e-02
1.914719999999999964e-02
1.941094999999999973e-02
1.884533000000000041e-02
1.831214999999999926e-02
1.829737000000000030e-02
1.830151000000000000e-02
1.785615999999999939e-02
1.775482000000000102e-02
1.828816000000000122e-02
1.792039999999999952e-02
1.827793999999999947e-02
1.880621999999999849e-02
1.862675000000000095e-02
1.844198999999999838e-02
1.847141000000000061e-02
1.797694999999999849e-02
1.792370999999999895e-02
1.842579999999999912e-02
1.863329000000000027e-02
1.838485999999999940e-02
1.841011999999999857e-02
1.809296999999999989e-02
1.819408999999999957e-02
1.796541999999999931e-02
1.857788999999999968e-02
1.873114000000000029e-02
1.837667000000000120e-02
1.874026000000000164e-02
1.839613000000000012e-02
1.691820999999999950e-02
1.562059000000000017e-02
