6.369250999999999385e-02
9.805395000000000083e-02
8.530754000000000115e-02
6.369010999999999423e-02
5.101867000000000207e-02
4.271674999999999778e-02
3.204644999999999716e-02
2.322841000000000142e-02
1.886983000000000063e-02
2.090236999999999998e-02
2.237617000000000078e-02
2.379387999999999989e-02
2.986213999999999882e-02
4.310858000000000051e-02
4.749977999999999839e-02
4.202825000000000311e-02
3.518624000000000057e-02
3.026975999999999972e-02
2.701152999999999887e-02
2.277782000000000071e-02
2.117840000000000000e-02
2.115055000000000060e-02
1.972890000000000060e-02
1.945743000000000125e-02
2.132061999999999846e-02
2.165686000000000000e-02
2.118770999999999849e-02
2.058806999999999998e-02
1.990745000000000015e-02
1.943349999999999939e-02
2.095288999999999832e-02
2.028616999999999920e-02
1.939265000000000086e-02
1.900036000000000086e-02
2.033735000000000057e-02
2.042464000000000085e-02
2.104982000000000034e-02
1.988339000000000079e-02
1.900972999999999899e-02
1.974048999999999943e-02
1.910436000000000079e-02
2.150635000000000047e-02
2.122220999999999830e-02
2.068945999999999980e-02
2.001781999999999867e-02
2.028939999999999910e-02
2.155162000000000050e-02
2.139318999999999943e-02
2.059000000000000066e-02
1.862547000000000161e-02
1.797800000000000092e-02
1.845072000000000031e-02
1.948466999999999907e-02
2.008218999999999976e-02
1.934672000000000128e-02
1.850055999999999923e-02
1.915425000000000114e-02
1.967034000000000143e-02
1.976730000000000154e-02
1.928710000000000147e-02
1.880489999999999939e-02
1.915081999999999895e-02
1.699795000000000125e-02
1.650215999999999836e-02
