2.755472999999999950e-02
2.669316000000000050e-02
2.097803999999999988e-02
2.371225000000000069e-02
2.838811000000000112e-02
2.701009000000000049e-02
2.458741000000000052e-02
2.487897999999999846e-02
2.483169000000000001e-02
2.259714999999999988e-02
2.957612999999999909e-02
3.556137999999999660e-02
4.073368000000000128e-02
3.500356000000000301e-02
2.629489000000000132e-02
2.544433999999999932e-02
2.584385999999999975e-02
2.135367999999999988e-02
2.781772000000000064e-02
2.350622999999999949e-02
1.907056999999999850e-02
2.433864999999999987e-02
2.599589999999999887e-02
2.808116999999999905e-02
3.874702000000000007e-02
2.859073999999999990e-02
3.132888999999999813e-02
3.582778999999999825e-02
4.251387999999999695e-02
4.591448000000000057e-02
2.887705000000000133e-02
1.965897999999999951e-02
2.709589000000000095e-02
3.144265000000000254e-02
3.214804999999999746e-02
3.733907999999999672e-02
3.349337000000000147e-02
4.256916000000000172e-02
5.321117999999999681e-02
6.488860000000000461e-02
5.314751999999999671e-02
3.203396000000000021e-02
3.445796000000000275e-02
6.147015000000000118e-02
1.059822799999999982e-01
1.810679699999999948e-01
2.182740699999999867e-01
2.267325699999999944e-01
2.047370400000000090e-01
1.770559999999999912e-01
1.789694900000000088e-01
1.191916999999999977e-01
9.456929999999999503e-02
6.696148000000000378e-02
2.791017000000000151e-02
2.583593000000000001e-02
2.727624000000000021e-02
3.137285000000000074e-02
3.969548999999999994e-02
5.575481000000000187e-02
6.334383000000000374e-02
6.193243999999999833e-02
3.902810000000000307e-02
2.305126999999999871e-02
