1.812437999999999896e-02
2.036570000000000047e-02
1.938793999999999934e-02
1.915543999999999927e-02
1.918256000000000128e-02
2.005146000000000012e-02
2.104506999999999906e-02
2.312374999999999847e-02
2.601020000000000068e-02
2.459526999999999894e-02
2.235200999999999855e-02
2.071125000000000049e-02
2.012281000000000139e-02
2.010953000000000046e-02
2.289093999999999851e-02
2.461916000000000104e-02
2.251647000000000023e-02
1.906632999999999939e-02
1.915787000000000045e-02
1.981381999999999935e-02
2.508816999999999992e-02
3.365939999999999904e-02
2.814374000000000042e-02
2.095303000000000096e-02
2.022819000000000006e-02
2.313039999999999888e-02
2.466530999999999932e-02
2.444154000000000118e-02
2.311614999999999850e-02
1.948284999999999947e-02
2.001379000000000005e-02
2.157697999999999908e-02
2.347861999999999866e-02
2.277438999999999852e-02
2.210704999999999962e-02
2.109029999999999933e-02
2.348990999999999926e-02
2.775996000000000019e-02
2.307121000000000172e-02
1.946184000000000108e-02
1.845812999999999968e-02
1.976523999999999989e-02
2.161387000000000030e-02
2.238352000000000050e-02
2.233813000000000118e-02
2.224641000000000118e-02
2.629938999999999888e-02
2.697714999999999835e-02
2.695296999999999971e-02
2.530579000000000162e-02
2.349170999999999898e-02
2.137974999999999945e-02
2.093735999999999861e-02
2.888370999999999994e-02
3.909119999999999956e-02
4.678447000000000161e-02
5.660826000000000052e-02
5.964940999999999993e-02
5.979016999999999665e-02
5.940721000000000196e-02
5.773993999999999654e-02
4.903992000000000073e-02
3.075637999999999983e-02
1.659872999999999904e-02
