2.039822000000000163e-02
2.332945999999999978e-02
2.193058000000000160e-02
2.084551999999999933e-02
1.956692000000000153e-02
2.011792999999999915e-02
2.157929000000000097e-02
2.095777999999999877e-02
2.169290000000000107e-02
2.164980000000000029e-02
1.993649000000000115e-02
1.896310000000000009e-02
1.906750999999999932e-02
2.218167000000000055e-02
2.442561000000000038e-02
2.379012000000000140e-02
2.079637000000000152e-02
1.909264000000000100e-02
2.006664000000000017e-02
2.060727999999999865e-02
2.046092999999999870e-02
2.041035999999999892e-02
2.137164999999999898e-02
2.299322999999999992e-02
2.626726999999999881e-02
3.194802000000000058e-02
2.785272999999999916e-02
2.256292000000000020e-02
2.076557000000000056e-02
2.102690999999999935e-02
2.331422000000000008e-02
2.701488000000000153e-02
2.807470999999999925e-02
2.756437999999999944e-02
2.979048000000000113e-02
2.999266000000000085e-02
2.978828000000000031e-02
2.701370000000000160e-02
2.243652999999999967e-02
1.986691999999999972e-02
2.378216000000000011e-02
4.379837000000000313e-02
6.529319000000000095e-02
7.938800000000000023e-02
8.705925000000000469e-02
8.774880000000000180e-02
8.428523000000000265e-02
8.136016999999999555e-02
5.852464999999999751e-02
3.109156000000000072e-02
2.847123000000000015e-02
2.318252000000000160e-02
2.025650000000000020e-02
2.277368999999999921e-02
2.427582000000000004e-02
2.533521000000000037e-02
2.937673000000000020e-02
2.833309999999999995e-02
3.080601000000000173e-02
3.590833000000000219e-02
3.698444000000000037e-02
3.016485000000000000e-02
2.158757000000000037e-02
1.769201000000000107e-02
