1.847607999999999889e-02
1.982613999999999904e-02
2.411355999999999916e-02
2.774762000000000062e-02
2.579798000000000160e-02
2.362521999999999886e-02
1.863497000000000070e-02
1.840543000000000040e-02
2.275802000000000033e-02
2.653768999999999920e-02
2.527963999999999906e-02
1.981178000000000106e-02
2.090474999999999972e-02
2.402411999999999950e-02
2.635213000000000139e-02
2.825346999999999928e-02
2.684212999999999877e-02
2.358930000000000055e-02
2.036686000000000052e-02
2.013869000000000076e-02
2.342326000000000130e-02
3.005193999999999921e-02
3.245371999999999840e-02
2.908842000000000025e-02
2.948597000000000024e-02
2.662538000000000057e-02
4.270974000000000298e-02
4.795123999999999914e-02
3.825454999999999828e-02
2.688545000000000171e-02
3.215607999999999661e-02
3.429254000000000330e-02
7.177746000000000126e-02
8.124409999999999965e-02
9.055575000000000430e-02
1.063476899999999947e-01
9.495293000000000483e-02
8.608221000000000622e-02
5.131427999999999684e-02
3.646752999999999800e-02
2.188450000000000117e-02
2.060058999999999849e-02
1.994421000000000041e-02
2.016704999999999887e-02
2.579011999999999971e-02
3.698720999999999953e-02
3.888193000000000205e-02
3.653246999999999745e-02
3.069246000000000127e-02
3.260297000000000195e-02
3.536700999999999734e-02
2.565173000000000106e-02
2.166886000000000159e-02
2.393363000000000088e-02
2.927783999999999942e-02
2.919149999999999870e-02
3.319725999999999927e-02
3.879173000000000343e-02
2.562392999999999962e-02
2.420299000000000061e-02
2.874772999999999912e-02
2.584420000000000120e-02
2.213707999999999995e-02
1.781003000000000100e-02
