1.676394999999999968e-02
1.828375999999999960e-02
1.794445000000000068e-02
1.839321000000000011e-02
1.945842000000000058e-02
2.129872000000000015e-02
2.092816000000000121e-02
2.074169000000000013e-02
1.959545999999999857e-02
1.849456000000000017e-02
1.863305000000000169e-02
1.915781999999999902e-02
2.007149000000000086e-02
1.977494000000000127e-02
1.953807999999999934e-02
1.879505000000000065e-02
1.896640999999999952e-02
1.886646999999999977e-02
2.044086999999999987e-02
2.097506999999999844e-02
1.942392000000000077e-02
1.903751999999999875e-02
2.012566999999999828e-02
1.975827000000000139e-02
2.093663000000000121e-02
2.025971999999999842e-02
1.951195999999999833e-02
1.968794000000000100e-02
1.900531000000000095e-02
1.919871999999999898e-02
1.913058999999999940e-02
1.912275000000000086e-02
1.977430999999999980e-02
2.176816000000000167e-02
2.302018000000000120e-02
2.191952999999999957e-02
1.936386999999999831e-02
1.973371999999999973e-02
2.080970000000000042e-02
2.129032999999999967e-02
2.061270999999999937e-02
2.023975000000000080e-02
2.170118999999999868e-02
2.517876999999999962e-02
2.484775999999999999e-02
2.593345000000000025e-02
2.797776000000000082e-02
2.481884000000000173e-02
2.130504999999999899e-02
2.262571999999999847e-02
2.348044000000000173e-02
3.098669999999999897e-02
3.809593000000000007e-02
5.209731000000000084e-02
5.950603000000000142e-02
5.860641999999999935e-02
5.896225000000000077e-02
5.541995999999999728e-02
4.839592999999999673e-02
4.179555000000000076e-02
3.276530999999999888e-02
2.489256999999999928e-02
1.973658000000000010e-02
1.690474000000000143e-02
