1.858481999999999842e-02
2.193797000000000108e-02
2.619857000000000088e-02
1.767273000000000108e-02
2.546411999999999981e-02
2.174411999999999873e-02
1.901761000000000076e-02
1.915096000000000159e-02
1.980979000000000073e-02
2.909540999999999863e-02
3.113542000000000046e-02
2.193565000000000098e-02
2.377891999999999853e-02
2.848768000000000133e-02
3.222665999999999725e-02
3.915752000000000121e-02
3.154853999999999992e-02
2.536800999999999987e-02
2.101350000000000093e-02
2.189792999999999948e-02
2.472231000000000081e-02
3.097634999999999972e-02
4.136241999999999697e-02
3.752280000000000199e-02
3.998737000000000125e-02
5.008634000000000003e-02
6.607765999999999640e-02
5.955764000000000197e-02
3.287535999999999931e-02
2.881776999999999950e-02
4.036721000000000059e-02
6.362510999999999861e-02
1.355349000000000137e-01
1.777330500000000035e-01
1.789164400000000099e-01
2.074482099999999940e-01
1.884143400000000135e-01
1.276716099999999909e-01
8.255832000000000448e-02
3.453491999999999673e-02
2.264512999999999943e-02
2.201134999999999897e-02
2.182167999999999955e-02
2.334734000000000115e-02
3.138748999999999706e-02
4.459980000000000194e-02
6.370232000000000672e-02
5.764350000000000029e-02
4.302572000000000341e-02
3.692924000000000206e-02
3.286834999999999757e-02
2.717185000000000086e-02
2.136762000000000036e-02
2.749967999999999857e-02
3.119291000000000078e-02
3.062797999999999909e-02
3.469142000000000059e-02
4.565993000000000135e-02
4.100215000000000110e-02
2.617208000000000034e-02
2.792802000000000132e-02
2.608838000000000129e-02
2.060203000000000034e-02
1.953117000000000048e-02
