2.534248000000000056e-02
3.521185999999999761e-02
3.197169999999999873e-02
2.447347000000000064e-02
2.009241999999999972e-02
2.101949999999999999e-02
2.297719000000000150e-02
2.497428999999999968e-02
2.432981000000000033e-02
2.745790000000000036e-02
2.510746000000000158e-02
2.103206999999999993e-02
1.910707999999999851e-02
2.514185000000000031e-02
3.238077999999999790e-02
3.362450000000000161e-02
2.781923999999999855e-02
2.144124999999999850e-02
2.390164999999999998e-02
2.610470999999999972e-02
2.739768999999999885e-02
2.212340999999999960e-02
2.858422999999999867e-02
3.369706000000000090e-02
4.349751000000000312e-02
5.174701999999999774e-02
3.995337000000000194e-02
2.694192000000000115e-02
2.521543000000000048e-02
2.326065999999999898e-02
3.290840999999999905e-02
3.936015999999999820e-02
4.914343000000000183e-02
5.525093999999999839e-02
6.152707000000000315e-02
7.051375000000000004e-02
7.057141999999999582e-02
5.483154999999999973e-02
3.133546999999999721e-02
2.485599000000000142e-02
5.344039999999999901e-02
1.179026199999999996e-01
1.865321000000000062e-01
2.388395500000000116e-01
2.488476799999999878e-01
2.288714599999999988e-01
2.093008299999999933e-01
1.783791299999999969e-01
1.093830799999999936e-01
4.705080999999999847e-02
4.019667999999999852e-02
3.298372000000000109e-02
2.249119999999999939e-02
4.093905999999999934e-02
5.268616000000000271e-02
5.891514999999999946e-02
5.667882999999999949e-02
5.429403000000000007e-02
7.695430999999999799e-02
9.015678000000000580e-02
7.570902000000000187e-02
5.333398000000000305e-02
3.199152999999999719e-02
2.097844999999999918e-02
