1.677690999999999905e-02
1.950179999999999969e-02
2.013608000000000064e-02
2.351423999999999875e-02
2.566635000000000097e-02
2.258423000000000028e-02
2.043207000000000009e-02
1.861240999999999937e-02
1.906087999999999880e-02
2.623054999999999831e-02
2.520259000000000041e-02
2.083049000000000012e-02
2.110143000000000088e-02
2.186882999999999883e-02
2.637106999999999993e-02
2.744272000000000031e-02
3.117785000000000001e-02
2.966343000000000105e-02
2.325224999999999861e-02
1.933730999999999992e-02
1.902250999999999942e-02
2.263255000000000128e-02
2.967639999999999861e-02
2.532270999999999828e-02
2.598077000000000025e-02
2.653186000000000086e-02
3.873795000000000016e-02
4.693218999999999863e-02
4.206723999999999880e-02
3.252763000000000182e-02
2.427910999999999958e-02
2.236948999999999882e-02
3.949608000000000285e-02
5.903893000000000335e-02
7.819339000000000151e-02
9.651875999999999511e-02
1.140927600000000014e-01
1.194935200000000058e-01
9.181775000000000353e-02
5.681569999999999676e-02
3.465556999999999666e-02
2.638273000000000007e-02
2.238969999999999849e-02
2.262116999999999947e-02
2.219983999999999846e-02
2.401295999999999986e-02
2.752759000000000109e-02
2.855442999999999870e-02
3.590742000000000239e-02
3.974681000000000047e-02
4.383117000000000263e-02
3.744650000000000062e-02
2.925084999999999838e-02
2.534907999999999953e-02
2.556606999999999977e-02
2.625684000000000004e-02
2.900975000000000081e-02
2.638978000000000157e-02
2.359057000000000168e-02
2.516215000000000118e-02
2.696691000000000019e-02
3.040237999999999968e-02
2.888293999999999931e-02
1.719557000000000030e-02
