1.692108000000000154e-02
1.883338000000000026e-02
1.872634000000000104e-02
1.884347000000000105e-02
1.850101999999999997e-02
1.855520999999999907e-02
1.799956999999999946e-02
1.745400999999999897e-02
1.732830999999999955e-02
1.783478999999999967e-02
1.759254999999999847e-02
1.813154000000000154e-02
1.832668000000000144e-02
1.872769000000000170e-02
1.902589999999999837e-02
1.898077999999999918e-02
1.902618000000000018e-02
1.877333000000000127e-02
1.857539999999999886e-02
1.825299000000000019e-02
1.793027999999999983e-02
1.839235999999999996e-02
1.778822999999999863e-02
1.755765999999999924e-02
1.829996999999999874e-02
1.818575000000000053e-02
1.804379000000000052e-02
1.808633000000000116e-02
1.822845999999999841e-02
1.815614999999999937e-02
1.785520999999999983e-02
1.863056999999999908e-02
1.843714000000000117e-02
1.804267000000000024e-02
1.787700999999999874e-02
1.761118000000000058e-02
1.838073999999999958e-02
1.850115000000000093e-02
1.814278000000000071e-02
1.773156999999999858e-02
1.756558999999999898e-02
1.842612999999999890e-02
1.871302999999999855e-02
1.865647000000000139e-02
1.828509999999999858e-02
1.783960000000000060e-02
1.828611999999999946e-02
1.834196999999999911e-02
1.864818000000000031e-02
1.786176000000000083e-02
1.818378999999999829e-02
1.775474999999999970e-02
1.755040999999999893e-02
1.817509999999999959e-02
1.841345000000000134e-02
1.797233999999999984e-02
1.816407000000000091e-02
1.777623000000000050e-02
1.760551999999999950e-02
1.771303000000000114e-02
1.816279000000000157e-02
1.847348000000000046e-02
1.701719999999999969e-02
1.549993000000000030e-02
