1.772481999999999877e-02
2.005805999999999908e-02
2.079688000000000023e-02
2.315684999999999966e-02
2.657808999999999866e-02
2.858008000000000076e-02
2.370681999999999998e-02
2.306976000000000165e-02
2.049031999999999937e-02
2.158797999999999967e-02
2.556933000000000122e-02
2.400615999999999861e-02
2.443893000000000107e-02
2.319844000000000073e-02
1.947940999999999909e-02
2.060143000000000044e-02
2.472900000000000098e-02
2.605847999999999845e-02
2.561891999999999989e-02
2.214270999999999948e-02
2.225388999999999839e-02
2.165889999999999829e-02
2.868570000000000147e-02
2.544862000000000166e-02
2.315307999999999949e-02
2.355169000000000012e-02
2.545512999999999942e-02
3.280990999999999769e-02
2.721130999999999897e-02
2.160629000000000022e-02
2.623995000000000147e-02
2.853562999999999933e-02
2.820786000000000127e-02
3.314634000000000330e-02
3.725381999999999999e-02
2.562468999999999858e-02
2.131539000000000003e-02
3.080700000000000105e-02
3.432846999999999982e-02
3.193147999999999820e-02
2.591194999999999957e-02
2.830051000000000094e-02
3.887845999999999663e-02
4.843998000000000054e-02
4.469418000000000002e-02
3.373769000000000073e-02
3.069012000000000129e-02
2.669240999999999975e-02
3.849546999999999691e-02
6.360615999999999493e-02
7.792312999999999323e-02
9.565994999999999360e-02
9.817502999999999647e-02
1.217084499999999958e-01
1.181696099999999944e-01
9.243450999999999751e-02
7.488809000000000438e-02
6.636479000000000683e-02
5.969432999999999684e-02
4.395186999999999705e-02
3.378955000000000153e-02
2.753210000000000032e-02
2.000475999999999990e-02
1.775227000000000055e-02
