2.178592000000000029e-02
2.446792000000000064e-02
2.062084999999999960e-02
1.860370999999999900e-02
2.126223000000000002e-02
2.275100999999999860e-02
2.225086000000000078e-02
2.083358000000000085e-02
1.921027999999999972e-02
1.881802999999999948e-02
1.801499000000000156e-02
1.938470999999999944e-02
1.986465000000000106e-02
2.183333999999999969e-02
2.145114999999999869e-02
1.961517000000000122e-02
1.929975999999999914e-02
1.994722999999999982e-02
2.046059999999999893e-02
2.328022000000000077e-02
2.221091999999999858e-02
1.896199000000000148e-02
2.243014999999999939e-02
2.591103999999999977e-02
2.469717999999999913e-02
2.768287999999999999e-02
2.441445999999999894e-02
1.969001999999999905e-02
1.887029999999999957e-02
1.966029000000000040e-02
2.117882000000000098e-02
2.797080000000000052e-02
3.170728999999999909e-02
3.194856000000000085e-02
3.920865999999999935e-02
3.904204000000000008e-02
3.868542999999999982e-02
2.978039999999999854e-02
2.228696000000000149e-02
2.342930000000000013e-02
3.851551999999999754e-02
7.312251999999999641e-02
1.004703200000000018e-01
1.074105699999999969e-01
1.112699399999999977e-01
1.011657700000000021e-01
8.367623000000000422e-02
6.221258000000000343e-02
4.109706999999999943e-02
2.387105999999999950e-02
2.233140999999999946e-02
2.204249000000000139e-02
2.047950999999999938e-02
2.493143999999999916e-02
3.278807999999999723e-02
3.409153999999999657e-02
3.578046000000000004e-02
3.320843999999999879e-02
3.387223000000000317e-02
4.382496000000000308e-02
3.921551000000000203e-02
3.025245999999999838e-02
2.247984999999999914e-02
1.751499000000000111e-02
