2.815352999999999953e-02
3.860004000000000213e-02
3.335132999999999848e-02
2.686915999999999957e-02
2.150523000000000018e-02
2.200088000000000044e-02
2.391365999999999978e-02
2.464873999999999885e-02
2.804803000000000157e-02
2.952574000000000171e-02
2.833752000000000146e-02
3.557456999999999980e-02
4.597373999999999905e-02
6.078635999999999762e-02
4.878057999999999700e-02
3.248857000000000134e-02
2.749911000000000022e-02
2.194505000000000067e-02
3.350108000000000252e-02
5.396676999999999724e-02
8.633992999999999529e-02
1.125872400000000051e-01
9.894756000000000384e-02
9.201565000000000438e-02
8.941037999999999764e-02
6.938339999999999785e-02
5.031947999999999976e-02
3.289248000000000172e-02
2.232616999999999935e-02
1.967181999999999958e-02
2.279656999999999864e-02
2.449861000000000053e-02
2.610337999999999894e-02
3.623093000000000147e-02
4.421325000000000255e-02
4.194099999999999911e-02
4.747454999999999731e-02
4.486286999999999914e-02
3.389588000000000323e-02
2.743148999999999935e-02
2.674115000000000172e-02
2.634444999999999842e-02
2.201517000000000057e-02
2.206603000000000037e-02
2.557972999999999844e-02
2.561665999999999943e-02
2.207461999999999966e-02
2.211712000000000053e-02
2.065138999999999864e-02
2.165150999999999881e-02
2.523712999999999998e-02
2.598483000000000043e-02
2.243349999999999858e-02
2.122608000000000134e-02
2.094209000000000001e-02
2.088562999999999878e-02
2.162622999999999976e-02
2.960894000000000026e-02
3.854148999999999770e-02
3.483528999999999792e-02
2.474851000000000134e-02
2.242237000000000050e-02
2.057172999999999988e-02
1.853646999999999934e-02
