1.992895999999999904e-02
3.041510999999999867e-02
3.189074000000000075e-02
3.143917999999999713e-02
3.118305999999999856e-02
2.810533000000000128e-02
2.248742000000000102e-02
1.989633000000000027e-02
1.857873999999999984e-02
1.895271999999999929e-02
1.868714000000000139e-02
1.887128000000000069e-02
1.905542000000000000e-02
1.923955999999999930e-02
2.004086999999999882e-02
1.973205999999999918e-02
2.121639999999999984e-02
2.126671000000000117e-02
2.005842999999999862e-02
1.966427000000000105e-02
1.918637999999999941e-02
1.842215000000000172e-02
1.812884000000000023e-02
1.810060000000000141e-02
1.851345000000000074e-02
1.850115999999999913e-02
1.823462000000000000e-02
1.818161999999999903e-02
1.795033000000000045e-02
1.829768999999999840e-02
1.781073999999999852e-02
1.856473999999999971e-02
1.814634999999999859e-02
1.757511000000000143e-02
1.767151999999999959e-02
1.808188000000000156e-02
1.759495000000000156e-02
1.826747999999999914e-02
1.805398000000000072e-02
1.791413999999999854e-02
1.774602999999999944e-02
1.761524999999999896e-02
1.819387000000000087e-02
1.878859999999999905e-02
1.827863999999999878e-02
1.821414999999999840e-02
1.754303000000000112e-02
1.770717999999999945e-02
1.808121000000000034e-02
1.766244999999999968e-02
1.829982999999999957e-02
1.807036999999999879e-02
1.775254000000000068e-02
1.790123000000000061e-02
1.782115000000000088e-02
1.771796000000000135e-02
1.838477999999999987e-02
1.823386999999999925e-02
1.839632999999999893e-02
1.792192000000000091e-02
1.768294999999999936e-02
1.815502999999999909e-02
1.678330000000000100e-02
1.556565000000000032e-02
