3.429449999999999860e-02
5.833388999999999935e-02
7.712056000000000466e-02
8.234524999999999484e-02
8.328496999999999983e-02
9.010237000000000107e-02
7.877322999999999964e-02
6.282641999999999394e-02
4.702748999999999818e-02
4.243000999999999717e-02
3.415039000000000269e-02
2.487226000000000020e-02
2.202934000000000142e-02
2.076253999999999947e-02
2.313772999999999871e-02
2.412096999999999852e-02
2.669142000000000042e-02
3.154997999999999830e-02
2.906014000000000166e-02
2.837254999999999985e-02
3.053186999999999915e-02
2.767965999999999829e-02
2.210867000000000041e-02
1.983549999999999897e-02
2.039320000000000022e-02
2.033833999999999989e-02
2.026659999999999920e-02
2.021026000000000072e-02
2.199127000000000026e-02
2.140753000000000100e-02
1.877703000000000011e-02
1.857251000000000041e-02
1.912847999999999979e-02
1.856642000000000015e-02
1.899835999999999886e-02
1.900945999999999886e-02
1.869443999999999967e-02
1.951485000000000025e-02
2.189276999999999890e-02
2.085932999999999884e-02
2.037440999999999905e-02
1.983367999999999937e-02
2.011773999999999854e-02
2.089320000000000066e-02
2.193364000000000077e-02
2.298193000000000111e-02
2.049870999999999985e-02
1.913052000000000155e-02
1.819234000000000129e-02
1.808449999999999988e-02
2.002597000000000058e-02
2.129075999999999885e-02
2.111172000000000049e-02
2.130500999999999923e-02
2.022950999999999916e-02
1.933845999999999829e-02
2.054701999999999917e-02
2.240110999999999838e-02
2.144996000000000055e-02
1.956480999999999845e-02
1.911581000000000044e-02
1.812702000000000063e-02
1.726611999999999938e-02
1.689080999999999916e-02
