1.766577999999999898e-02
1.976436000000000165e-02
2.012627000000000166e-02
2.023580999999999991e-02
2.007799999999999863e-02
1.921418000000000084e-02
1.838435999999999890e-02
1.787603000000000109e-02
1.895716000000000068e-02
2.078705000000000136e-02
2.077071999999999946e-02
1.928966999999999835e-02
1.852066999999999949e-02
1.888503999999999877e-02
1.912666999999999839e-02
2.000265000000000029e-02
2.093557999999999877e-02
2.035417999999999950e-02
1.894915000000000141e-02
1.796369999999999911e-02
1.951974000000000070e-02
2.133118999999999987e-02
2.062993999999999939e-02
1.910473000000000032e-02
1.831976000000000090e-02
1.926838000000000162e-02
2.089003999999999861e-02
2.339244000000000046e-02
2.084023999999999946e-02
2.066211999999999910e-02
2.124575000000000075e-02
2.147088000000000121e-02
2.242622999999999839e-02
2.110841000000000106e-02
2.024718000000000004e-02
1.970453999999999956e-02
2.203037000000000051e-02
2.398321999999999954e-02
2.331715999999999997e-02
2.046339000000000144e-02
2.136887000000000161e-02
2.521282999999999858e-02
2.920725999999999878e-02
3.142719000000000068e-02
2.478752999999999859e-02
2.074192000000000050e-02
2.055471000000000034e-02
2.473979999999999929e-02
3.440677999999999792e-02
4.780181000000000013e-02
5.650677999999999951e-02
6.255916999999999728e-02
6.642199999999999493e-02
7.082238000000000422e-02
6.336321000000000314e-02
4.415771000000000279e-02
3.642888999999999849e-02
2.908586999999999978e-02
2.345188000000000134e-02
1.951777000000000026e-02
1.955522999999999983e-02
1.928132000000000110e-02
1.877389999999999962e-02
1.701131999999999991e-02
