1.712872000000000006e-02
1.824728999999999934e-02
1.875007000000000063e-02
1.936362000000000153e-02
2.187004999999999852e-02
2.478444999999999954e-02
2.437494000000000119e-02
2.304528000000000132e-02
2.036036999999999916e-02
1.894625000000000128e-02
2.029382000000000061e-02
2.176747999999999877e-02
2.227389000000000105e-02
2.113382999999999928e-02
1.986658999999999994e-02
1.901991999999999919e-02
1.952401999999999957e-02
2.028740999999999878e-02
2.225633999999999946e-02
2.233927000000000135e-02
1.990424000000000013e-02
1.934258000000000158e-02
2.293923000000000142e-02
2.346265999999999977e-02
2.344858999999999832e-02
2.453554000000000151e-02
2.303033999999999984e-02
2.233169999999999947e-02
2.030877999999999850e-02
2.060004000000000002e-02
2.026584999999999845e-02
1.946420000000000095e-02
2.217167999999999917e-02
2.620905000000000110e-02
2.916039000000000131e-02
2.419533000000000100e-02
1.991710000000000008e-02
2.115192999999999934e-02
2.397993000000000000e-02
2.602217999999999892e-02
2.229721999999999954e-02
2.302204000000000056e-02
2.709009999999999890e-02
3.571569000000000133e-02
3.614450000000000301e-02
3.455558000000000241e-02
3.850698999999999789e-02
3.030781999999999921e-02
2.472277000000000155e-02
3.334905999999999981e-02
4.557221999999999662e-02
6.543282000000000265e-02
7.752947999999999784e-02
1.121635200000000027e-01
1.207016900000000004e-01
1.028127699999999978e-01
9.012596000000000496e-02
8.814218999999999526e-02
7.365745999999999405e-02
5.762778000000000345e-02
4.172092000000000162e-02
2.905287000000000147e-02
2.110106000000000134e-02
1.781469000000000108e-02
