1.992709000000000147e-02
2.893280999999999978e-02
3.222550999999999888e-02
3.358581000000000066e-02
4.275301000000000101e-02
4.518598000000000059e-02
3.198721999999999677e-02
2.351268999999999929e-02
2.179516999999999913e-02
2.358905000000000030e-02
3.253567999999999738e-02
5.497595999999999733e-02
9.289448000000000150e-02
1.015248700000000032e-01
1.051430200000000037e-01
1.111719800000000036e-01
1.077077899999999977e-01
7.148775000000000268e-02
4.316686000000000134e-02
2.875720000000000012e-02
2.193095999999999934e-02
2.169977000000000017e-02
1.988809999999999883e-02
2.059236000000000053e-02
2.151103999999999863e-02
2.680665999999999952e-02
3.274343999999999866e-02
3.285013999999999990e-02
3.419780000000000042e-02
3.292739000000000082e-02
2.823097000000000106e-02
2.456573999999999910e-02
2.258185999999999874e-02
2.367553000000000019e-02
2.244706999999999952e-02
2.282645999999999981e-02
2.130848000000000117e-02
2.020415999999999879e-02
1.985848000000000127e-02
2.006727000000000163e-02
1.937768999999999950e-02
1.864485999999999921e-02
1.842683000000000168e-02
1.933427000000000062e-02
1.842419000000000001e-02
1.829412000000000052e-02
1.935386000000000051e-02
1.912354000000000137e-02
2.011109000000000160e-02
2.191627000000000158e-02
2.028535000000000060e-02
1.936194999999999930e-02
1.868556000000000036e-02
1.878608999999999835e-02
1.923978999999999967e-02
1.992864999999999914e-02
2.065045000000000075e-02
2.027175999999999978e-02
2.008828000000000003e-02
1.886041999999999927e-02
1.883372999999999992e-02
1.894144999999999857e-02
1.847036000000000164e-02
1.649515999999999830e-02
