1.902708999999999998e-02
2.365864999999999982e-02
2.253787000000000151e-02
2.092961000000000127e-02
1.874086999999999975e-02
1.877602999999999911e-02
2.041110999999999967e-02
1.911500000000000005e-02
1.997826000000000116e-02
2.303662000000000071e-02
2.272454999999999961e-02
1.910832000000000155e-02
1.895058000000000159e-02
2.117472000000000104e-02
2.301088999999999912e-02
2.618418000000000134e-02
2.471688000000000010e-02
2.002075999999999856e-02
1.849641999999999953e-02
2.064747000000000110e-02
2.175204000000000026e-02
2.151782000000000000e-02
2.245060999999999932e-02
2.159635000000000027e-02
2.422834999999999919e-02
3.334212000000000287e-02
3.538104999999999722e-02
2.524173000000000042e-02
2.147858000000000059e-02
2.031368000000000062e-02
2.146935000000000163e-02
2.555262999999999979e-02
2.801137999999999892e-02
3.150601000000000096e-02
3.514206000000000274e-02
3.931166999999999995e-02
4.350600000000000300e-02
4.617215999999999682e-02
3.356583999999999957e-02
2.309177999999999925e-02
2.532266999999999851e-02
4.158345000000000097e-02
7.980660000000000531e-02
9.935605999999999605e-02
1.160546799999999934e-01
1.298592500000000094e-01
1.327542999999999918e-01
1.292554599999999887e-01
9.671820000000000417e-02
5.428302000000000127e-02
4.471267000000000297e-02
3.319615000000000066e-02
2.376208999999999960e-02
2.502286000000000094e-02
2.956067000000000070e-02
2.606376999999999999e-02
2.971249999999999933e-02
3.164228000000000179e-02
4.229621000000000075e-02
4.701605999999999841e-02
4.733567999999999804e-02
3.678486999999999729e-02
2.743355999999999920e-02
1.869733000000000159e-02
