4.642299999999999899e-02
7.611358999999999486e-02
7.304869999999999419e-02
8.491153999999999369e-02
4.881313999999999792e-02
2.402624999999999900e-02
2.186909999999999896e-02
2.227892999999999887e-02
4.074416000000000149e-02
4.732161000000000006e-02
3.114543000000000172e-02
3.809901000000000260e-02
5.530928999999999707e-02
1.036459700000000039e-01
1.160949899999999951e-01
9.989227999999999996e-02
8.797600999999999338e-02
5.182524000000000158e-02
2.807594999999999882e-02
4.241676999999999947e-02
1.250568300000000077e-01
2.649215500000000056e-01
3.109498900000000066e-01
3.388121700000000236e-01
3.358465400000000267e-01
2.932639400000000007e-01
2.079699899999999935e-01
1.341901699999999975e-01
7.142002999999999546e-02
4.062609999999999832e-02
3.347899000000000014e-02
3.125235999999999986e-02
3.525673000000000001e-02
5.641863999999999907e-02
7.304188999999999821e-02
8.103378999999999444e-02
9.750459000000000209e-02
1.061667800000000023e-01
7.833632000000000095e-02
4.625395999999999674e-02
3.512664000000000064e-02
3.112559000000000159e-02
2.652793999999999985e-02
3.101036999999999891e-02
3.889377000000000112e-02
3.450596999999999692e-02
2.520504999999999968e-02
2.732744000000000145e-02
2.677494999999999875e-02
2.365474000000000049e-02
2.863651000000000044e-02
2.758083999999999883e-02
2.423279999999999879e-02
2.578478000000000020e-02
2.525596999999999911e-02
2.297273000000000023e-02
2.363031999999999980e-02
3.382871999999999962e-02
4.333105999999999763e-02
3.822890999999999789e-02
3.068622999999999837e-02
2.469754999999999867e-02
2.042733999999999869e-02
1.803868000000000138e-02
