1.872110000000000093e-02
2.075076000000000004e-02
1.919449000000000155e-02
2.195806999999999967e-02
2.669828000000000132e-02
2.339532000000000070e-02
2.139893000000000003e-02
1.991833999999999966e-02
1.882707000000000130e-02
1.939406000000000116e-02
1.971944000000000127e-02
2.317367999999999859e-02
2.195420000000000010e-02
2.032863999999999852e-02
2.114894999999999969e-02
2.032882000000000092e-02
2.099236000000000157e-02
2.193250000000000061e-02
2.107813999999999868e-02
2.143754999999999966e-02
2.571063000000000168e-02
2.285109999999999919e-02
2.780236000000000166e-02
2.765132999999999827e-02
2.353714000000000153e-02
2.160851000000000091e-02
2.051002000000000033e-02
2.088902999999999940e-02
2.087009000000000086e-02
2.156736999999999890e-02
2.176387999999999934e-02
3.087109000000000034e-02
3.704256999999999689e-02
2.861723000000000044e-02
2.985217000000000079e-02
2.964957999999999830e-02
2.461549999999999849e-02
2.482472999999999971e-02
3.361597000000000196e-02
4.943285000000000040e-02
6.477792999999999746e-02
9.676687000000000483e-02
1.040837299999999993e-01
8.912285000000000346e-02
7.302034999999999776e-02
6.055507999999999724e-02
4.830506999999999856e-02
3.292289000000000326e-02
2.561522000000000104e-02
2.056946000000000122e-02
1.947619999999999907e-02
2.100644000000000122e-02
2.370556999999999873e-02
2.830768999999999994e-02
4.319189999999999835e-02
4.819140999999999703e-02
4.043208000000000218e-02
3.929542999999999925e-02
3.889684999999999671e-02
4.214985000000000259e-02
3.064344999999999916e-02
2.555485999999999869e-02
2.001286999999999858e-02
1.801878999999999981e-02
