1.777573000000000000e-02
1.859610999999999903e-02
1.836640000000000147e-02
1.854338000000000167e-02
1.898270999999999986e-02
1.805725000000000038e-02
1.772440000000000127e-02
1.900968999999999923e-02
2.076534999999999839e-02
2.053195000000000020e-02
2.010185000000000097e-02
2.001688000000000078e-02
1.851045000000000121e-02
1.800285000000000080e-02
1.877834999999999921e-02
2.089461000000000096e-02
2.001603999999999883e-02
1.862870999999999971e-02
1.848392000000000090e-02
1.786812999999999943e-02
2.181558000000000108e-02
2.563643999999999992e-02
2.238613999999999882e-02
1.938921999999999868e-02
1.837847999999999912e-02
2.038088000000000052e-02
2.064310000000000103e-02
2.273081000000000060e-02
2.138179999999999942e-02
1.902444999999999831e-02
1.854849999999999902e-02
2.004817999999999878e-02
2.079452000000000036e-02
1.964424000000000031e-02
1.949321999999999860e-02
2.008153000000000021e-02
2.446308999999999984e-02
2.715071000000000151e-02
2.257767999999999928e-02
1.806431999999999830e-02
1.794542999999999833e-02
2.018112000000000031e-02
2.301113999999999937e-02
2.812316999999999942e-02
3.010229999999999850e-02
2.850309999999999996e-02
3.031189000000000106e-02
3.052177000000000015e-02
3.195317999999999770e-02
3.157719999999999971e-02
2.853098999999999913e-02
2.637805999999999831e-02
2.155218999999999885e-02
3.622929999999999900e-02
4.867305999999999716e-02
6.744086999999999998e-02
9.088437000000000598e-02
1.118205599999999994e-01
1.250737899999999903e-01
1.167507200000000023e-01
1.137733799999999934e-01
1.079032000000000047e-01
6.990385999999999822e-02
1.833457999999999963e-02
