6.614849999999999897e-02
1.200904599999999961e-01
1.390720900000000093e-01
1.400047100000000044e-01
1.430771399999999915e-01
1.418324599999999935e-01
1.069562800000000008e-01
6.986122999999999639e-02
4.656856000000000190e-02
3.769261000000000139e-02
2.910093999999999875e-02
2.368448999999999902e-02
2.804651999999999840e-02
2.998717999999999870e-02
3.455866999999999967e-02
3.675383000000000122e-02
5.049175000000000191e-02
6.048868000000000300e-02
4.789393000000000122e-02
3.686037000000000341e-02
3.379088999999999704e-02
2.847651000000000002e-02
2.563382000000000160e-02
2.561609000000000108e-02
2.563642000000000004e-02
2.301664999999999961e-02
2.051561999999999830e-02
2.157053999999999916e-02
2.543230000000000143e-02
2.368485000000000035e-02
2.101422999999999833e-02
2.208488999999999938e-02
2.049754000000000159e-02
2.028117000000000114e-02
2.057149999999999951e-02
1.893948000000000159e-02
1.996658000000000113e-02
2.252878999999999993e-02
2.559838000000000044e-02
2.292334999999999859e-02
2.183825000000000002e-02
2.252737999999999963e-02
2.609536999999999968e-02
2.990572999999999843e-02
3.062364000000000058e-02
2.378225999999999951e-02
1.975106000000000084e-02
2.116018999999999886e-02
2.115977000000000136e-02
2.108263999999999971e-02
2.233001999999999904e-02
2.196228999999999890e-02
2.110209000000000043e-02
2.028423000000000032e-02
2.100532999999999914e-02
2.304097999999999910e-02
2.418966999999999992e-02
2.538541999999999882e-02
2.246054000000000106e-02
1.953264999999999862e-02
1.980762000000000148e-02
1.952415999999999874e-02
1.874469999999999956e-02
1.886774999999999911e-02
