1.744665999999999925e-02
1.962896999999999906e-02
2.065296000000000146e-02
2.147780999999999996e-02
2.441634999999999986e-02
2.144619999999999860e-02
1.926225999999999980e-02
1.823154000000000094e-02
1.889959999999999904e-02
2.239709999999999965e-02
2.430650000000000172e-02
2.456942999999999974e-02
2.491432999999999842e-02
2.306814999999999907e-02
2.175956999999999891e-02
2.498828999999999981e-02
2.413643000000000038e-02
1.974131999999999970e-02
1.994419999999999873e-02
1.877177000000000012e-02
1.934295999999999932e-02
2.160648999999999903e-02
2.375123000000000165e-02
2.369484000000000173e-02
2.672568999999999986e-02
2.654553000000000121e-02
2.791826000000000030e-02
2.872357999999999856e-02
2.953249000000000152e-02
3.040218999999999908e-02
2.263785000000000103e-02
2.024739000000000053e-02
2.277554999999999857e-02
2.436568000000000067e-02
2.722321999999999936e-02
2.870059999999999972e-02
3.030243000000000173e-02
3.655648000000000231e-02
4.217139999999999778e-02
4.203508000000000244e-02
3.684619000000000089e-02
2.761163000000000159e-02
2.838214999999999835e-02
4.467627999999999877e-02
6.731214000000000641e-02
1.106549800000000000e-01
1.279535099999999925e-01
1.433745499999999895e-01
1.412406099999999887e-01
1.066108600000000017e-01
1.089183499999999971e-01
7.946461999999999970e-02
5.962511000000000200e-02
4.297459000000000001e-02
2.269542000000000087e-02
2.219426000000000038e-02
2.274779999999999858e-02
2.375412000000000010e-02
2.884892999999999832e-02
3.467996000000000273e-02
3.939749000000000029e-02
3.770931999999999756e-02
3.295945000000000125e-02
1.944482999999999975e-02
