3.185575999999999686e-02
4.194559999999999955e-02
3.084490999999999969e-02
2.210640999999999995e-02
2.429403000000000118e-02
2.455685000000000159e-02
2.513334999999999875e-02
3.195055000000000117e-02
4.244848999999999845e-02
4.640013999999999944e-02
5.070576999999999723e-02
6.177781000000000244e-02
6.706948999999999550e-02
5.173298999999999953e-02
4.207322000000000145e-02
2.490701000000000026e-02
2.089206000000000049e-02
4.210218999999999767e-02
9.700535999999999881e-02
1.489408600000000082e-01
2.196777199999999930e-01
2.357569800000000049e-01
2.008173500000000056e-01
1.644194300000000053e-01
1.148367200000000032e-01
7.956760000000000221e-02
4.150667999999999719e-02
2.620445000000000066e-02
2.542826999999999935e-02
2.927039999999999850e-02
3.316759999999999847e-02
4.885652000000000050e-02
5.491718000000000294e-02
7.515600000000000058e-02
7.544852000000000503e-02
5.224228999999999679e-02
4.589711999999999958e-02
3.761367000000000183e-02
3.101158000000000040e-02
3.341452000000000311e-02
3.521523000000000014e-02
3.353827000000000197e-02
3.078714000000000103e-02
2.301032000000000077e-02
2.072277999999999967e-02
2.407298000000000077e-02
2.356456999999999996e-02
2.046156999999999837e-02
2.258726000000000136e-02
2.430213999999999985e-02
2.805314000000000071e-02
2.707220999999999933e-02
2.257015999999999883e-02
2.090225000000000069e-02
2.302217999999999973e-02
2.710067999999999852e-02
2.737948000000000118e-02
2.873552000000000051e-02
3.157191000000000164e-02
2.513742000000000060e-02
2.055958999999999912e-02
2.379726000000000063e-02
2.517582999999999974e-02
1.834329000000000168e-02
