1.780110000000000026e-02
2.130231999999999959e-02
2.197280000000000066e-02
2.129636000000000029e-02
2.369800999999999852e-02
2.688538999999999859e-02
2.307752000000000067e-02
2.032948999999999867e-02
1.912629999999999886e-02
1.839324999999999988e-02
2.002510000000000054e-02
2.612271999999999858e-02
3.642374999999999780e-02
3.872222000000000164e-02
4.718735999999999764e-02
4.994595999999999758e-02
4.954812000000000105e-02
3.953833999999999821e-02
3.008337999999999984e-02
2.346026000000000014e-02
2.097954999999999959e-02
1.883744000000000043e-02
1.831908000000000147e-02
1.897930000000000103e-02
1.917753000000000166e-02
2.054276000000000019e-02
2.264127000000000153e-02
2.350638000000000033e-02
2.526772999999999866e-02
2.568737999999999924e-02
2.308098999999999915e-02
2.041594999999999868e-02
2.018781999999999868e-02
1.938356000000000107e-02
2.073714000000000113e-02
2.053127999999999898e-02
1.955097000000000085e-02
1.903540000000000093e-02
1.909906999999999924e-02
1.961173000000000083e-02
1.982545000000000140e-02
1.827803000000000067e-02
1.796181999999999987e-02
1.827772999999999898e-02
1.836424999999999863e-02
1.820772999999999836e-02
1.917612000000000136e-02
1.894650000000000153e-02
1.848247999999999905e-02
2.019804999999999864e-02
2.067346999999999935e-02
2.001479000000000105e-02
1.885152000000000008e-02
1.800708000000000170e-02
1.805818000000000006e-02
1.914064000000000043e-02
1.904238000000000111e-02
1.989681000000000088e-02
1.912961999999999996e-02
1.862062999999999913e-02
1.775886000000000131e-02
1.804255000000000095e-02
1.755247999999999878e-02
1.584367000000000067e-02
