2.914587000000000080e-02
3.362227000000000271e-02
2.304853999999999931e-02
2.477311000000000096e-02
2.004774999999999960e-02
1.902492000000000072e-02
2.135449000000000028e-02
2.825710000000000027e-02
3.112913999999999959e-02
2.794111999999999985e-02
2.447061000000000028e-02
2.239444000000000157e-02
3.554154999999999814e-02
4.230322999999999722e-02
3.593331000000000303e-02
2.282094000000000136e-02
2.065126999999999935e-02
2.411336000000000035e-02
2.973866000000000009e-02
2.277956000000000078e-02
2.476369000000000140e-02
2.724162000000000111e-02
2.292840999999999976e-02
2.957583999999999907e-02
3.721713000000000104e-02
2.827237000000000153e-02
2.425702000000000066e-02
2.490929000000000060e-02
3.731526999999999761e-02
5.150633999999999768e-02
4.054967000000000293e-02
3.455779999999999963e-02
2.593648000000000134e-02
2.073875000000000024e-02
2.614816999999999836e-02
3.335065999999999725e-02
2.968054999999999999e-02
3.240592999999999946e-02
3.211449999999999722e-02
3.923617000000000077e-02
5.537688999999999806e-02
5.040181999999999995e-02
3.991837000000000163e-02
2.769046000000000007e-02
3.157867999999999786e-02
6.185838999999999921e-02
9.512943999999999567e-02
1.322064500000000031e-01
1.786953500000000028e-01
1.948739700000000075e-01
2.197592100000000104e-01
1.713404500000000052e-01
1.504350200000000026e-01
1.243122799999999972e-01
6.929338999999999638e-02
4.002805000000000252e-02
2.646315999999999946e-02
2.460296999999999831e-02
2.438266999999999865e-02
2.466867000000000018e-02
2.530347999999999972e-02
3.657474000000000142e-02
3.232314000000000020e-02
2.417143000000000069e-02
