1.812665000000000110e-02
2.068731000000000042e-02
1.879534000000000066e-02
1.875341999999999981e-02
1.915889000000000134e-02
2.369258999999999948e-02
3.092067999999999900e-02
3.999082999999999805e-02
4.180574000000000096e-02
4.155160000000000103e-02
4.442994000000000110e-02
4.437429999999999847e-02
3.638240999999999697e-02
3.137706999999999996e-02
2.362480999999999956e-02
2.215846999999999956e-02
1.990735999999999895e-02
1.905538999999999844e-02
1.855505000000000002e-02
1.929708000000000118e-02
2.040658000000000055e-02
2.255884000000000014e-02
2.290009999999999962e-02
2.392783000000000063e-02
2.564682000000000073e-02
2.434448999999999988e-02
2.025679000000000021e-02
1.912399000000000043e-02
1.932934999999999862e-02
1.928385999999999989e-02
1.964816999999999952e-02
2.010997999999999952e-02
1.961979999999999974e-02
1.976307999999999884e-02
2.068876999999999869e-02
1.963408999999999988e-02
1.891527999999999959e-02
1.989420999999999898e-02
1.979710999999999971e-02
1.781270999999999896e-02
1.840305000000000066e-02
1.869445000000000134e-02
1.939555000000000098e-02
1.941379000000000021e-02
1.909034000000000078e-02
1.948551000000000102e-02
1.847017999999999924e-02
1.782929999999999932e-02
1.801668000000000019e-02
1.957947000000000159e-02
2.117588999999999930e-02
2.032944999999999891e-02
1.868074999999999944e-02
1.815767999999999896e-02
1.828224000000000168e-02
1.956513000000000002e-02
1.876842000000000094e-02
1.997526000000000163e-02
2.035674000000000164e-02
1.918987000000000123e-02
1.847682999999999964e-02
1.895801999999999904e-02
1.838586999999999860e-02
1.630983999999999906e-02
