1.930049000000000001e-02
2.779751999999999917e-02
2.994629000000000041e-02
3.015827999999999912e-02
3.231607999999999703e-02
2.965042000000000025e-02
2.896529000000000117e-02
3.505744999999999695e-02
4.213302000000000019e-02
4.540411999999999920e-02
3.578516999999999809e-02
2.411177000000000112e-02
2.208668999999999910e-02
2.951302000000000092e-02
5.189095999999999986e-02
7.619233000000000255e-02
9.540648000000000184e-02
1.032077599999999956e-01
1.108231799999999934e-01
1.012630600000000020e-01
7.656377999999999795e-02
5.654715999999999909e-02
3.647435000000000260e-02
2.712410000000000168e-02
2.198612999999999956e-02
2.173738999999999880e-02
2.142801000000000081e-02
2.131993000000000082e-02
2.798333000000000070e-02
4.081109000000000125e-02
3.960795000000000288e-02
3.922774999999999873e-02
3.766889999999999822e-02
3.409724000000000088e-02
2.955172999999999828e-02
2.210033999999999957e-02
2.188920000000000102e-02
2.336997999999999853e-02
2.545282999999999921e-02
2.364718999999999849e-02
2.199612999999999916e-02
2.111533000000000160e-02
2.260068000000000146e-02
2.086170000000000038e-02
2.053572999999999857e-02
2.012049999999999950e-02
2.097950999999999983e-02
2.009580000000000047e-02
1.978417999999999843e-02
2.152569000000000010e-02
2.634146999999999877e-02
2.732702000000000048e-02
2.667552000000000118e-02
2.396695999999999896e-02
2.341125999999999971e-02
2.157625999999999988e-02
2.027970999999999940e-02
2.093808000000000127e-02
2.005376000000000034e-02
2.095920000000000075e-02
2.553899999999999920e-02
2.614425999999999903e-02
2.192204000000000028e-02
1.779168000000000069e-02
