2.497086000000000097e-02
3.689528999999999725e-02
4.920026000000000260e-02
5.472260999999999792e-02
5.483688999999999925e-02
5.603662999999999700e-02
5.041994999999999810e-02
3.978029000000000287e-02
3.613935000000000064e-02
3.327853000000000061e-02
2.577969999999999914e-02
2.167070999999999928e-02
1.993266999999999955e-02
2.016973999999999850e-02
1.993228000000000014e-02
1.981029000000000123e-02
2.337414000000000158e-02
2.785433999999999827e-02
2.624407999999999949e-02
2.532902999999999891e-02
2.693660999999999972e-02
2.367518000000000053e-02
2.191788999999999890e-02
1.903436999999999837e-02
1.905590000000000062e-02
1.993614000000000150e-02
1.917359000000000077e-02
1.898562999999999987e-02
1.974574000000000121e-02
1.991775000000000143e-02
1.833587999999999885e-02
1.846131999999999981e-02
1.869770999999999933e-02
1.821700999999999876e-02
1.823707000000000106e-02
1.797251000000000057e-02
1.847348000000000046e-02
1.843813000000000049e-02
1.904774999999999871e-02
1.835813000000000028e-02
1.842142000000000085e-02
1.795775999999999969e-02
1.781982000000000010e-02
1.812122999999999859e-02
1.815933999999999951e-02
1.825399999999999939e-02
1.827600999999999878e-02
1.810024999999999828e-02
1.800900999999999891e-02
1.798533000000000076e-02
1.840603999999999851e-02
1.837155000000000038e-02
1.831506999999999927e-02
1.901852999999999877e-02
1.861793000000000128e-02
1.820996999999999894e-02
1.930199000000000151e-02
1.967558999999999975e-02
1.940271000000000010e-02
1.900931999999999969e-02
1.891674000000000133e-02
1.835996999999999976e-02
1.749668000000000057e-02
1.642365000000000144e-02
