2.770022000000000109e-02
2.898919999999999969e-02
2.122668000000000124e-02
2.100114999999999968e-02
2.922740999999999881e-02
3.218752999999999892e-02
3.026181000000000010e-02
3.753737000000000046e-02
6.447611999999999788e-02
8.444264999999999410e-02
9.047697000000000378e-02
7.079636000000000262e-02
5.326700999999999658e-02
3.067688999999999833e-02
2.738936000000000148e-02
3.086389999999999967e-02
3.495622000000000312e-02
6.969841999999999704e-02
1.328804899999999900e-01
1.681643399999999955e-01
1.932098399999999938e-01
1.888973599999999864e-01
1.541193899999999950e-01
9.852199000000000373e-02
6.137672999999999740e-02
3.937684000000000323e-02
2.724862000000000117e-02
2.432867000000000016e-02
3.333884000000000153e-02
3.799224999999999824e-02
4.314901000000000153e-02
5.477006999999999709e-02
5.641746999999999734e-02
6.839217000000000213e-02
4.926675999999999972e-02
3.554845999999999701e-02
2.835535000000000139e-02
2.604089999999999877e-02
2.582260000000000111e-02
2.926894999999999844e-02
2.757129999999999997e-02
3.229962000000000111e-02
3.253596999999999739e-02
2.405383999999999994e-02
1.998683000000000057e-02
2.053166000000000019e-02
2.023194000000000034e-02
2.012670000000000084e-02
2.156500000000000083e-02
2.261495000000000172e-02
2.478516000000000052e-02
2.548301999999999859e-02
2.374586000000000058e-02
2.393833999999999892e-02
2.477303000000000144e-02
2.468427000000000121e-02
2.409437000000000037e-02
2.169364999999999835e-02
2.278830000000000092e-02
2.271443999999999894e-02
2.395140000000000116e-02
2.850627000000000022e-02
2.537218000000000112e-02
1.930052000000000156e-02
