2.030302999999999969e-02
2.490691000000000085e-02
3.789710999999999774e-02
2.925323999999999980e-02
2.646766000000000049e-02
2.186603000000000158e-02
2.013111999999999888e-02
2.238307999999999964e-02
2.744827999999999851e-02
2.067240999999999870e-02
2.048066000000000123e-02
2.362405000000000060e-02
3.382418000000000230e-02
4.389084000000000041e-02
3.723161999999999999e-02
2.601084999999999856e-02
3.442590000000000233e-02
2.652051999999999882e-02
1.881822000000000009e-02
2.113798999999999886e-02
4.231152999999999997e-02
7.367592000000000585e-02
8.741361999999999743e-02
8.860477999999999410e-02
1.206041600000000019e-01
8.416935000000000389e-02
6.544374999999999498e-02
4.413319999999999743e-02
3.070171000000000011e-02
2.762867000000000101e-02
2.151275000000000062e-02
2.123314999999999925e-02
2.276858999999999827e-02
2.547957000000000000e-02
2.853866000000000042e-02
3.009799999999999975e-02
3.946419999999999789e-02
4.235135000000000288e-02
3.314265999999999740e-02
3.033539000000000027e-02
2.245584000000000122e-02
2.073648000000000158e-02
2.045902000000000137e-02
2.267902999999999933e-02
2.489047999999999955e-02
2.143880999999999912e-02
2.081927999999999904e-02
2.062527999999999931e-02
2.122846999999999928e-02
1.936082000000000081e-02
1.944185000000000010e-02
2.021496000000000057e-02
1.886716000000000087e-02
2.142053000000000013e-02
2.140724000000000099e-02
1.942581999999999989e-02
1.888963000000000100e-02
2.214382000000000156e-02
2.341518999999999892e-02
2.273044999999999927e-02
2.044406000000000001e-02
2.066619000000000095e-02
1.896774000000000029e-02
1.689894999999999939e-02
