2.203369999999999981e-02
2.989204999999999987e-02
3.966950000000000337e-02
2.793901999999999844e-02
5.747406000000000043e-02
4.963167999999999747e-02
4.806563999999999975e-02
2.930686000000000055e-02
2.338294999999999957e-02
2.127986000000000114e-02
2.893625000000000017e-02
5.259165999999999841e-02
9.005565999999999571e-02
1.050672799999999990e-01
1.130293200000000026e-01
1.279510600000000053e-01
1.153221700000000016e-01
9.109491000000000116e-02
6.166626000000000052e-02
3.867755999999999972e-02
2.802937999999999957e-02
2.204640000000000072e-02
2.063332999999999834e-02
2.404444999999999846e-02
2.843056999999999876e-02
3.597320999999999852e-02
4.527470000000000105e-02
4.621031999999999917e-02
4.155951000000000090e-02
3.943888000000000255e-02
3.143607000000000345e-02
2.580228000000000035e-02
2.746149999999999980e-02
2.544801999999999828e-02
2.710701999999999903e-02
2.773137000000000171e-02
2.356971999999999887e-02
1.991545000000000121e-02
2.158382999999999829e-02
2.249458999999999834e-02
2.273694000000000062e-02
2.024242000000000055e-02
1.921876999999999960e-02
2.130262000000000128e-02
1.975593999999999961e-02
1.960893999999999832e-02
2.227637999999999840e-02
2.523875999999999897e-02
2.711474999999999996e-02
2.844541999999999904e-02
2.344258999999999926e-02
1.971933999999999840e-02
2.002452999999999872e-02
2.135234000000000090e-02
2.271716999999999834e-02
2.338544000000000039e-02
2.208782999999999927e-02
2.130784000000000150e-02
1.986686000000000007e-02
2.051599999999999951e-02
2.019050999999999832e-02
2.143105999999999831e-02
1.988710000000000130e-02
1.807631999999999989e-02
