1.729288000000000006e-02
2.016733999999999888e-02
2.152538000000000021e-02
2.263478999999999838e-02
2.283187000000000064e-02
2.294204999999999856e-02
2.242490000000000108e-02
2.396368000000000109e-02
2.562551999999999885e-02
2.597150999999999973e-02
2.423540999999999890e-02
1.914394000000000165e-02
1.896984999999999991e-02
2.259834999999999969e-02
2.828815999999999969e-02
3.766684000000000004e-02
4.225178999999999740e-02
4.239615000000000050e-02
4.391719000000000178e-02
4.044408000000000031e-02
3.555765999999999788e-02
2.805621000000000156e-02
2.253085000000000157e-02
2.054065000000000057e-02
1.812903999999999904e-02
1.897980999999999974e-02
1.945480999999999946e-02
1.905371999999999968e-02
2.216769000000000031e-02
2.571841999999999878e-02
2.593577999999999856e-02
2.651738000000000012e-02
2.437305000000000027e-02
2.270801000000000069e-02
2.034116000000000049e-02
1.868119999999999850e-02
1.907673999999999828e-02
1.913426000000000016e-02
2.067052000000000125e-02
1.965888999999999831e-02
1.860981000000000093e-02
1.930244999999999878e-02
1.873313000000000061e-02
1.899684000000000095e-02
1.820797999999999861e-02
1.837255999999999959e-02
1.847116999999999856e-02
1.852223000000000064e-02
1.817322999999999855e-02
1.868877000000000038e-02
1.970844999999999889e-02
2.020218999999999834e-02
1.977597000000000035e-02
1.967085999999999835e-02
1.912275999999999906e-02
1.886563000000000129e-02
1.836008000000000084e-02
1.863286000000000109e-02
1.907152000000000153e-02
1.822941000000000145e-02
1.990803999999999838e-02
1.989196999999999840e-02
1.779224999999999904e-02
1.598578000000000152e-02
