1.737814000000000025e-02
2.023474999999999926e-02
2.165999000000000049e-02
2.113044999999999854e-02
2.177725999999999967e-02
2.185375000000000165e-02
1.790386999999999881e-02
1.834088999999999858e-02
1.888828999999999855e-02
2.050853000000000051e-02
2.125669999999999990e-02
1.887607999999999994e-02
1.846454000000000151e-02
2.139100999999999850e-02
2.444046000000000066e-02
2.496577000000000171e-02
2.377059000000000116e-02
2.117188000000000056e-02
1.969156999999999852e-02
1.895062000000000135e-02
2.013413000000000008e-02
2.529508999999999924e-02
2.317044999999999869e-02
2.402589999999999934e-02
2.225633999999999946e-02
2.658806999999999837e-02
3.230681999999999998e-02
2.548546999999999965e-02
2.299736000000000141e-02
2.050385000000000055e-02
2.151971999999999913e-02
2.342063999999999951e-02
4.342926999999999899e-02
5.358961000000000280e-02
6.047228999999999799e-02
6.965002000000000693e-02
7.182558999999999472e-02
6.329927999999999944e-02
5.045631999999999895e-02
2.986317999999999959e-02
2.077907999999999838e-02
1.901154999999999859e-02
1.866579999999999975e-02
1.977423999999999848e-02
2.009531999999999985e-02
2.222251000000000087e-02
2.724595000000000142e-02
2.460727999999999874e-02
2.753693999999999933e-02
2.858199000000000156e-02
2.752084000000000127e-02
2.255905000000000063e-02
2.117762000000000117e-02
2.151621000000000089e-02
2.179957000000000075e-02
2.253828000000000081e-02
2.223400999999999850e-02
2.304288999999999990e-02
2.103767000000000137e-02
2.366756999999999889e-02
2.450462000000000126e-02
2.516755000000000034e-02
2.158254000000000075e-02
1.644112000000000004e-02
