2.851383999999999863e-02
3.698198999999999931e-02
2.979143000000000069e-02
2.845173999999999967e-02
2.158055999999999863e-02
2.207463999999999954e-02
2.271327999999999889e-02
2.393204999999999985e-02
2.911808000000000105e-02
3.005872000000000058e-02
2.794637000000000163e-02
3.261643000000000181e-02
4.148538999999999699e-02
5.088178000000000145e-02
3.946985000000000077e-02
2.512982999999999884e-02
2.050147999999999901e-02
2.376154000000000113e-02
4.886171000000000264e-02
7.686717999999999329e-02
1.131668599999999941e-01
1.493527900000000130e-01
1.407397400000000021e-01
1.209240899999999980e-01
9.330737999999999532e-02
7.592949000000000226e-02
4.825933000000000306e-02
3.144335999999999659e-02
2.302409000000000053e-02
2.065285000000000037e-02
2.522318999999999950e-02
2.868153999999999842e-02
3.175030999999999687e-02
4.409861000000000336e-02
4.635126999999999997e-02
4.316715000000000135e-02
4.066001999999999811e-02
3.551382000000000150e-02
2.746662999999999882e-02
2.697391999999999845e-02
2.740338999999999969e-02
2.528464999999999879e-02
2.365485000000000157e-02
2.051543999999999937e-02
2.186342000000000146e-02
2.395293000000000075e-02
2.027413999999999952e-02
1.908982000000000040e-02
1.964468999999999937e-02
2.173730999999999927e-02
2.391688999999999968e-02
2.341555999999999846e-02
1.992615999999999832e-02
1.858914999999999873e-02
1.951036000000000090e-02
2.105075000000000002e-02
2.154367999999999908e-02
2.868058000000000066e-02
3.178178999999999726e-02
2.508989999999999831e-02
1.964389000000000066e-02
1.884341000000000141e-02
1.914135000000000142e-02
1.787704999999999850e-02
