2.753749000000000127e-02
3.089994999999999895e-02
2.985319000000000167e-02
3.078217000000000106e-02
2.771693999999999894e-02
2.462287000000000156e-02
2.232276999999999872e-02
2.034798000000000162e-02
2.630535999999999985e-02
3.429557999999999912e-02
3.439973999999999810e-02
2.588158999999999946e-02
2.117431999999999995e-02
2.562829999999999969e-02
2.775912999999999992e-02
3.062333999999999889e-02
3.541401000000000271e-02
3.480111999999999789e-02
2.302200000000000080e-02
1.974068000000000003e-02
2.789495999999999989e-02
3.602783999999999848e-02
3.046791999999999903e-02
2.697944999999999857e-02
2.232496000000000133e-02
2.734808000000000031e-02
3.532483000000000151e-02
4.456965000000000232e-02
3.293779000000000151e-02
3.764101999999999726e-02
3.979524000000000256e-02
3.656982999999999762e-02
3.935741000000000239e-02
3.537343999999999905e-02
2.567198999999999870e-02
3.310065000000000229e-02
4.083276999999999740e-02
4.773473000000000299e-02
3.804197000000000134e-02
3.290064000000000183e-02
4.542167999999999900e-02
5.845793999999999990e-02
6.246873000000000009e-02
6.940187000000000439e-02
4.777623999999999760e-02
3.600990999999999914e-02
5.023881000000000180e-02
9.142962999999999785e-02
1.773931400000000047e-01
2.383192000000000088e-01
2.945740499999999762e-01
2.791309699999999783e-01
2.677008200000000060e-01
2.420473200000000102e-01
1.852551000000000059e-01
9.639984999999999526e-02
5.815228000000000064e-02
4.509127999999999747e-02
3.097685999999999842e-02
2.223492999999999997e-02
2.140154000000000015e-02
2.676496000000000083e-02
2.518093999999999888e-02
2.212073000000000164e-02
