2.264100999999999961e-02
2.257057000000000160e-02
2.307089000000000015e-02
2.421515999999999946e-02
2.941206999999999849e-02
3.695786999999999684e-02
4.468727000000000116e-02
5.343965999999999994e-02
3.627212999999999965e-02
2.745018999999999931e-02
2.177772000000000041e-02
1.984493000000000021e-02
2.147253999999999829e-02
2.852970999999999979e-02
3.865248000000000295e-02
6.023793999999999677e-02
4.189778999999999726e-02
3.448208999999999996e-02
4.350534999999999819e-02
7.579650000000000276e-02
6.068409000000000303e-02
3.074568999999999913e-02
2.453918000000000071e-02
4.362847000000000253e-02
7.527686999999999573e-02
1.409011199999999908e-01
1.785170699999999999e-01
2.227289100000000022e-01
2.050222299999999997e-01
1.439171599999999884e-01
1.032717900000000022e-01
8.314499999999999669e-02
5.189252999999999921e-02
2.253805000000000044e-02
2.382907999999999901e-02
2.565424999999999997e-02
3.883401999999999687e-02
4.717571999999999738e-02
4.741947999999999996e-02
4.801633000000000290e-02
5.274755999999999889e-02
4.456154999999999838e-02
3.357892999999999989e-02
2.276225999999999944e-02
1.970039000000000165e-02
2.127532999999999855e-02
2.477941999999999992e-02
2.335568999999999840e-02
2.303660999999999903e-02
2.734589000000000117e-02
2.280054000000000108e-02
2.209041000000000129e-02
2.485878000000000046e-02
2.563466999999999829e-02
2.128727999999999870e-02
1.887857000000000077e-02
1.845139999999999975e-02
1.916510000000000088e-02
1.970032000000000033e-02
2.142459000000000030e-02
2.271611999999999937e-02
2.161184000000000022e-02
2.026034999999999989e-02
1.807092999999999894e-02
