1.957112000000000088e-02
2.250229000000000118e-02
2.096204999999999943e-02
2.042543000000000136e-02
2.013420000000000140e-02
1.943504000000000065e-02
1.883359999999999895e-02
1.786984999999999962e-02
1.755651999999999907e-02
1.789052000000000003e-02
1.798771000000000050e-02
1.763206999999999969e-02
1.889773000000000147e-02
1.904544000000000029e-02
1.955878999999999951e-02
1.916783000000000028e-02
1.869909999999999975e-02
1.821607000000000087e-02
1.780707999999999944e-02
1.792378000000000027e-02
1.789636000000000005e-02
1.786197999999999952e-02
1.761286000000000102e-02
1.742985000000000020e-02
1.776105000000000045e-02
1.785085999999999964e-02
1.807100999999999846e-02
1.808962000000000070e-02
1.752669000000000102e-02
1.760750000000000162e-02
1.747138000000000163e-02
1.772715999999999875e-02
1.779678000000000163e-02
1.811219000000000023e-02
1.775099000000000121e-02
1.803478000000000026e-02
1.802107000000000014e-02
1.803203999999999918e-02
1.790626999999999844e-02
1.770504999999999995e-02
1.760646999999999907e-02
1.763545999999999864e-02
1.816438999999999901e-02
1.834355000000000013e-02
1.803644000000000081e-02
1.779313000000000075e-02
1.834567000000000142e-02
1.790577999999999961e-02
1.797879000000000144e-02
1.779462000000000058e-02
1.756749000000000158e-02
1.765380999999999895e-02
1.775648000000000157e-02
1.802950000000000039e-02
1.816931000000000102e-02
1.789678000000000102e-02
1.780320999999999987e-02
1.764552000000000134e-02
1.789504999999999915e-02
1.776735000000000120e-02
1.807776999999999995e-02
1.775724999999999873e-02
1.726010999999999865e-02
1.581805999999999837e-02
