2.109551000000000134e-02
2.511686999999999947e-02
1.990296999999999900e-02
2.092219000000000023e-02
2.889809000000000128e-02
3.005812999999999888e-02
2.670126000000000097e-02
2.847475000000000006e-02
3.724484000000000128e-02
4.657928000000000068e-02
4.827187000000000144e-02
4.201929000000000081e-02
3.156554000000000304e-02
2.464906000000000041e-02
2.220184000000000046e-02
2.654340000000000171e-02
3.591567999999999844e-02
6.045351000000000197e-02
9.910710000000000353e-02
1.280999499999999902e-01
1.450180899999999884e-01
1.348332299999999984e-01
1.026282399999999956e-01
7.607038000000000688e-02
4.298885999999999680e-02
2.883954999999999852e-02
2.151530000000000109e-02
2.015095999999999901e-02
2.888423000000000032e-02
3.330206000000000138e-02
3.666702000000000156e-02
4.820027000000000339e-02
5.365687000000000234e-02
5.696293000000000190e-02
4.484844000000000330e-02
2.966995000000000049e-02
2.391669999999999907e-02
2.398946000000000064e-02
2.505755000000000135e-02
2.639442999999999998e-02
2.579816999999999874e-02
2.639845999999999859e-02
2.819030999999999967e-02
2.201964000000000005e-02
1.878143000000000173e-02
2.040546000000000026e-02
2.071896000000000154e-02
2.036839999999999831e-02
2.021442999999999851e-02
2.081337999999999938e-02
2.329207999999999973e-02
2.368728999999999973e-02
2.360562999999999897e-02
2.430109000000000088e-02
2.356468000000000104e-02
2.322449999999999862e-02
2.177549000000000151e-02
2.020061000000000079e-02
1.991178000000000045e-02
2.093770999999999827e-02
2.456998000000000168e-02
2.813270999999999827e-02
2.545706000000000011e-02
1.762889999999999943e-02
