2.821763999999999870e-02
3.951709999999999945e-02
2.734549000000000007e-02
2.287391000000000077e-02
2.641413000000000094e-02
2.901027000000000119e-02
2.570367999999999958e-02
2.671625999999999862e-02
3.356672000000000128e-02
4.313978000000000257e-02
5.108564000000000160e-02
5.937388999999999861e-02
5.751868999999999732e-02
5.294899000000000133e-02
3.785366999999999899e-02
2.498718999999999940e-02
2.370227999999999918e-02
4.223037999999999792e-02
8.885980999999999741e-02
1.393892499999999923e-01
1.710877700000000001e-01
2.067644299999999991e-01
1.878019599999999900e-01
1.438793499999999892e-01
1.043674400000000058e-01
7.557447999999999944e-02
4.100286000000000208e-02
2.764052999999999996e-02
2.787645000000000053e-02
3.163430999999999882e-02
3.649851999999999957e-02
5.314718999999999693e-02
6.259104999999999530e-02
8.082907000000000286e-02
7.674319999999999753e-02
4.945855999999999864e-02
4.057696000000000219e-02
3.167077000000000087e-02
2.824081999999999981e-02
3.067796999999999885e-02
3.164166999999999674e-02
3.057742000000000099e-02
2.786285999999999971e-02
2.254712000000000036e-02
1.952419000000000029e-02
2.177045000000000022e-02
2.217819999999999861e-02
2.021314000000000097e-02
2.168671999999999961e-02
2.388059999999999836e-02
2.600362999999999980e-02
2.696702999999999947e-02
2.225204000000000071e-02
2.262027000000000135e-02
2.373265000000000097e-02
2.534874000000000155e-02
2.698433999999999902e-02
2.880111999999999950e-02
3.240931999999999841e-02
2.754784000000000052e-02
2.161623000000000017e-02
2.371766000000000152e-02
2.618229000000000042e-02
1.822375999999999857e-02
