1.779415000000000163e-02
1.992651000000000144e-02
1.902181000000000011e-02
2.317585000000000131e-02
2.408969000000000041e-02
2.699870000000000048e-02
3.180804000000000270e-02
2.638731000000000063e-02
2.238031000000000048e-02
1.839816000000000021e-02
1.814088000000000159e-02
1.941079999999999889e-02
2.083408999999999955e-02
2.524380999999999847e-02
2.751752000000000017e-02
2.781783000000000172e-02
2.552892999999999829e-02
2.774812999999999932e-02
3.290677000000000185e-02
4.128480000000000344e-02
2.981713999999999892e-02
2.267397000000000162e-02
2.683728999999999976e-02
3.419627000000000083e-02
4.474728000000000039e-02
6.686142000000000474e-02
7.512041999999999331e-02
8.415258999999999934e-02
6.593901000000000623e-02
5.046226000000000184e-02
4.086025000000000074e-02
2.874830999999999914e-02
2.295973999999999932e-02
1.825914000000000009e-02
2.098946000000000145e-02
2.093095000000000025e-02
2.174859999999999988e-02
2.665452999999999920e-02
2.596015999999999949e-02
2.754482000000000111e-02
2.762521000000000074e-02
2.427158999999999914e-02
1.987507999999999983e-02
1.851981000000000113e-02
1.879339000000000010e-02
1.850544999999999968e-02
1.995985999999999941e-02
1.892285000000000147e-02
1.883378999999999956e-02
1.949750000000000094e-02
1.936796000000000004e-02
1.911482999999999932e-02
1.934109999999999996e-02
1.909608000000000139e-02
1.840645999999999949e-02
1.833722999999999950e-02
1.780748999999999874e-02
1.836209000000000105e-02
1.926713000000000037e-02
1.918786999999999923e-02
1.920076000000000074e-02
1.936796000000000004e-02
1.774734000000000034e-02
1.655244000000000160e-02
