1.737556000000000170e-02
1.974938999999999861e-02
2.155699999999999977e-02
2.483878999999999948e-02
2.847842999999999902e-02
2.857482000000000077e-02
2.511522000000000060e-02
2.162079000000000084e-02
1.958145000000000024e-02
2.192368000000000094e-02
2.520879999999999996e-02
2.427918999999999911e-02
2.224129999999999857e-02
2.087318999999999980e-02
2.022971000000000144e-02
2.176530999999999952e-02
2.478564999999999935e-02
2.550277000000000099e-02
2.335513999999999993e-02
2.286432999999999868e-02
2.226937999999999834e-02
2.318908000000000080e-02
2.598204000000000138e-02
2.388492000000000046e-02
2.424627000000000032e-02
2.406016999999999878e-02
2.557927000000000117e-02
2.890115999999999866e-02
2.641914999999999888e-02
2.209428000000000086e-02
2.426707000000000169e-02
2.650403000000000134e-02
3.012909000000000073e-02
3.431825000000000153e-02
3.568123000000000128e-02
2.836127999999999913e-02
2.216076000000000157e-02
2.602772999999999892e-02
3.038128000000000009e-02
2.978810999999999959e-02
2.516548000000000049e-02
2.623862999999999890e-02
3.349574000000000301e-02
4.784287999999999735e-02
4.217379999999999740e-02
3.315780000000000116e-02
3.161934000000000272e-02
2.836307000000000064e-02
3.134060999999999791e-02
5.400052999999999798e-02
6.775551000000000490e-02
8.939033999999999869e-02
1.217398100000000039e-01
1.422188100000000011e-01
1.573663700000000054e-01
1.346166699999999938e-01
1.207793800000000056e-01
1.024407900000000038e-01
8.467536000000000507e-02
5.772780999999999746e-02
3.565973000000000059e-02
2.509981000000000018e-02
2.005441000000000168e-02
1.852331000000000116e-02
