1.711408000000000026e-02
1.960819999999999924e-02
2.099639000000000019e-02
1.930306000000000036e-02
2.117838000000000012e-02
2.010556999999999969e-02
1.969386999999999874e-02
2.019154000000000088e-02
2.457687000000000066e-02
2.600457000000000116e-02
2.838448999999999833e-02
2.512001999999999985e-02
2.311534000000000158e-02
2.515678999999999832e-02
2.019755999999999982e-02
2.474946000000000090e-02
2.469367000000000090e-02
2.246097000000000024e-02
2.164485999999999841e-02
2.290665999999999883e-02
2.858814999999999967e-02
2.946023000000000044e-02
2.836959999999999829e-02
2.593867999999999868e-02
2.204739000000000004e-02
2.105136000000000160e-02
2.780113000000000029e-02
5.201287999999999745e-02
6.013199000000000322e-02
6.152756999999999671e-02
5.980519000000000113e-02
6.292937999999999310e-02
5.489422000000000051e-02
3.762710999999999834e-02
2.719875999999999891e-02
2.122098000000000040e-02
1.964582999999999954e-02
2.080875999999999906e-02
2.186424999999999827e-02
2.410680999999999935e-02
2.426158999999999955e-02
2.534435999999999981e-02
2.796142000000000072e-02
2.905345999999999970e-02
2.859793000000000057e-02
2.450654999999999847e-02
2.095982000000000053e-02
2.135853000000000057e-02
2.098819999999999852e-02
2.255771000000000165e-02
2.390018000000000004e-02
2.195675000000000057e-02
2.100093999999999919e-02
2.180516999999999872e-02
2.204454000000000136e-02
2.333373999999999865e-02
2.234418000000000168e-02
2.055036000000000015e-02
2.081064999999999998e-02
2.368767999999999915e-02
2.339596999999999857e-02
2.269378000000000020e-02
2.100627000000000050e-02
1.804454000000000127e-02
