2.887494999999999992e-02
3.144916999999999851e-02
2.618650999999999965e-02
2.591349000000000083e-02
2.335496000000000100e-02
1.909951000000000010e-02
1.898143999999999873e-02
2.092772999999999856e-02
2.667293000000000094e-02
3.160222000000000031e-02
2.444106999999999877e-02
2.195592000000000030e-02
2.238153000000000017e-02
3.189187000000000272e-02
2.970621999999999846e-02
2.258018999999999998e-02
2.441588999999999912e-02
2.770459999999999937e-02
2.230940999999999827e-02
1.987975000000000159e-02
2.583418000000000173e-02
2.930891000000000052e-02
2.222943999999999962e-02
2.482855000000000131e-02
2.356930000000000136e-02
2.420647999999999897e-02
2.785697999999999994e-02
3.118939999999999907e-02
2.969921000000000019e-02
3.937650000000000178e-02
3.436493999999999660e-02
3.471765999999999741e-02
2.782340999999999981e-02
2.263253999999999960e-02
2.161559000000000050e-02
3.562088000000000060e-02
4.315360000000000029e-02
3.699712000000000139e-02
3.192674999999999680e-02
3.599642000000000119e-02
5.652631000000000322e-02
5.631632999999999778e-02
4.719422999999999674e-02
3.974352999999999914e-02
3.323370999999999964e-02
3.890086999999999712e-02
6.228894000000000097e-02
1.219166099999999947e-01
1.534270799999999935e-01
1.770520399999999939e-01
2.172400100000000112e-01
2.053746399999999972e-01
1.939917200000000064e-01
1.678372800000000054e-01
1.191711399999999949e-01
6.664140999999999815e-02
3.932929000000000286e-02
2.911197000000000090e-02
2.227095000000000116e-02
1.915555000000000035e-02
2.181634000000000004e-02
2.834528000000000048e-02
2.591705999999999871e-02
2.094294999999999837e-02
