2.319202000000000069e-02
2.413567999999999963e-02
2.109921999999999839e-02
2.182225000000000137e-02
2.258775999999999839e-02
2.184097999999999942e-02
2.794844999999999968e-02
2.715760999999999870e-02
2.442934999999999898e-02
2.728268999999999833e-02
2.531896999999999967e-02
2.058315999999999965e-02
2.296961000000000142e-02
2.153895999999999936e-02
3.242666999999999772e-02
2.855034000000000044e-02
2.564980000000000038e-02
2.097065000000000040e-02
2.566130999999999968e-02
2.468156000000000169e-02
3.267681000000000058e-02
3.998162999999999717e-02
3.347180000000000294e-02
2.892031999999999936e-02
2.890024999999999886e-02
3.917661000000000060e-02
3.537321000000000215e-02
2.670917999999999903e-02
2.349742000000000150e-02
2.213992000000000043e-02
2.575871000000000063e-02
2.949328000000000019e-02
2.908190999999999901e-02
2.910358999999999863e-02
4.152368000000000031e-02
3.645868000000000025e-02
3.945396999999999793e-02
4.208390000000000047e-02
2.949003999999999862e-02
2.345001999999999850e-02
2.281568999999999958e-02
2.664957000000000090e-02
3.663161999999999668e-02
4.860185999999999673e-02
5.435978999999999811e-02
5.290227000000000124e-02
8.154306999999999528e-02
8.938704000000000094e-02
7.136710999999999749e-02
4.473335999999999979e-02
3.648826000000000153e-02
4.992958000000000118e-02
7.237465999999999344e-02
1.765624000000000082e-01
2.136270299999999955e-01
2.328411900000000034e-01
2.389334999999999931e-01
2.639882900000000143e-01
2.230708899999999939e-01
1.858273300000000128e-01
1.314068899999999984e-01
1.112949500000000036e-01
5.816897000000000040e-02
2.047008000000000161e-02
