1.888193999999999984e-02
3.346819000000000183e-02
3.168144999999999989e-02
3.607864999999999683e-02
3.007233999999999949e-02
3.183463000000000265e-02
3.338979999999999726e-02
4.319810000000000316e-02
5.665964999999999890e-02
5.099151999999999851e-02
4.630262000000000266e-02
3.557526999999999912e-02
2.192567999999999948e-02
3.034430000000000113e-02
3.391911999999999705e-02
3.849224999999999869e-02
4.505096000000000100e-02
3.517723999999999851e-02
3.606609000000000204e-02
5.813953000000000176e-02
5.611520999999999870e-02
4.570434999999999776e-02
3.845835999999999699e-02
2.850557999999999911e-02
2.404005999999999851e-02
6.467594999999999594e-02
1.246834799999999993e-01
1.884180900000000103e-01
2.120115599999999878e-01
2.052613500000000091e-01
2.061285499999999937e-01
1.887495200000000040e-01
1.348245399999999927e-01
7.319167999999999508e-02
4.038355999999999890e-02
2.670236000000000137e-02
2.523859999999999992e-02
2.896429000000000017e-02
3.722497000000000306e-02
5.514256000000000019e-02
6.581306000000000656e-02
6.121371999999999924e-02
6.340331999999999912e-02
6.335635000000000572e-02
5.127612000000000142e-02
2.995168000000000136e-02
2.279530000000000098e-02
2.176654999999999909e-02
3.098354999999999859e-02
3.347210999999999936e-02
3.254317999999999794e-02
2.817619999999999847e-02
3.102051999999999934e-02
2.853433000000000011e-02
2.397434999999999844e-02
2.528446000000000166e-02
2.241846000000000116e-02
2.080974000000000018e-02
2.061705999999999955e-02
2.775638999999999884e-02
2.919050999999999937e-02
2.214185999999999932e-02
2.020208000000000073e-02
1.842451000000000158e-02
