1.708192999999999864e-02
2.072565999999999992e-02
2.060986999999999889e-02
2.200270000000000004e-02
2.878580000000000028e-02
3.995797999999999711e-02
4.017177999999999721e-02
3.780862000000000112e-02
2.757688000000000153e-02
2.140703999999999871e-02
2.120367999999999906e-02
2.448795999999999959e-02
2.591997999999999872e-02
2.652857000000000132e-02
2.480898000000000131e-02
2.302799000000000165e-02
2.145678000000000168e-02
2.644528000000000156e-02
2.825590000000000046e-02
3.841901999999999817e-02
2.628333000000000058e-02
2.350582999999999839e-02
3.044142000000000028e-02
3.195072000000000190e-02
3.294736999999999666e-02
3.352775000000000200e-02
2.742179000000000144e-02
2.676287000000000110e-02
2.573537000000000047e-02
2.295989000000000016e-02
2.744345000000000118e-02
2.225486000000000131e-02
2.929659000000000083e-02
4.151131999999999739e-02
4.845423000000000091e-02
3.010099999999999928e-02
2.104769000000000084e-02
2.724632000000000095e-02
3.950432999999999722e-02
3.834839999999999777e-02
3.454364000000000046e-02
3.330829999999999902e-02
4.366384999999999711e-02
6.012995000000000145e-02
6.522567999999999422e-02
6.076352000000000142e-02
6.083696000000000242e-02
4.614490999999999732e-02
3.454813000000000328e-02
5.967077999999999965e-02
8.228586999999999707e-02
1.227730399999999999e-01
1.822674699999999870e-01
2.690072099999999966e-01
2.620975700000000019e-01
2.347381699999999960e-01
1.918399000000000076e-01
1.735551200000000072e-01
1.509997399999999934e-01
1.060514099999999987e-01
7.056693999999999467e-02
4.355027000000000204e-02
2.463357000000000047e-02
2.232260000000000147e-02
