2.919690000000000132e-02
4.092736000000000290e-02
3.891097000000000306e-02
3.501142000000000143e-02
3.101092000000000085e-02
2.954050999999999899e-02
2.421123999999999846e-02
2.007758999999999933e-02
1.855928999999999912e-02
1.944945000000000007e-02
1.906315000000000093e-02
1.903447999999999946e-02
1.985454999999999859e-02
2.205423000000000106e-02
2.431577999999999865e-02
2.357810999999999935e-02
2.250846999999999917e-02
2.133936999999999987e-02
2.035947000000000104e-02
1.942048000000000038e-02
1.918324999999999891e-02
1.855706999999999843e-02
1.786549999999999944e-02
1.796216999999999953e-02
1.869120000000000156e-02
1.889443999999999846e-02
1.886683000000000110e-02
1.882609999999999839e-02
1.881684000000000134e-02
1.872089000000000045e-02
1.853538000000000061e-02
1.954954999999999887e-02
1.864698000000000050e-02
1.821002000000000037e-02
1.890294000000000002e-02
1.896008000000000068e-02
1.929014999999999896e-02
1.979064999999999991e-02
1.876981999999999956e-02
1.911902000000000046e-02
1.791018999999999944e-02
2.003243000000000038e-02
2.025590999999999850e-02
2.098368999999999929e-02
2.024654000000000037e-02
1.966742000000000143e-02
2.154673000000000005e-02
2.189854999999999927e-02
2.050242000000000037e-02
1.889323000000000044e-02
1.888323999999999905e-02
1.830970999999999987e-02
2.020597000000000018e-02
2.099366999999999900e-02
2.044268999999999947e-02
2.022699999999999845e-02
2.064900999999999889e-02
2.106962000000000071e-02
2.065393999999999911e-02
2.075660000000000005e-02
2.067913000000000043e-02
2.036206999999999948e-02
1.919695000000000082e-02
1.814098000000000099e-02
