4.706031000000000103e-02
7.719249000000000249e-02
5.872190000000000049e-02
4.121247000000000105e-02
3.646483999999999837e-02
2.719312000000000118e-02
3.219711000000000101e-02
5.947589999999999821e-02
1.143231999999999998e-01
1.505981399999999915e-01
1.500887999999999944e-01
1.853950799999999899e-01
2.007954999999999879e-01
1.774731400000000014e-01
1.324850800000000051e-01
1.065633799999999992e-01
6.123090999999999950e-02
4.114908999999999928e-02
2.200053999999999899e-02
2.145738000000000159e-02
2.339491999999999960e-02
2.575811000000000073e-02
3.147007999999999750e-02
4.701240999999999753e-02
5.353680000000000244e-02
4.966551000000000299e-02
4.409484999999999794e-02
3.261238999999999805e-02
2.824648000000000089e-02
2.376038999999999929e-02
3.038663999999999948e-02
2.901149999999999909e-02
3.307022999999999907e-02
3.734664000000000039e-02
3.319100999999999996e-02
3.154308000000000112e-02
2.552124000000000059e-02
2.286424000000000095e-02
2.514533000000000046e-02
2.370074000000000139e-02
2.348644999999999899e-02
2.170458000000000109e-02
2.001556999999999989e-02
2.061545999999999865e-02
2.468934999999999880e-02
2.704000999999999974e-02
2.651850999999999861e-02
2.735775999999999833e-02
2.437372000000000150e-02
2.330433999999999978e-02
2.549929000000000084e-02
2.904556999999999972e-02
2.707274000000000139e-02
2.577872000000000149e-02
2.424758999999999942e-02
2.090714000000000114e-02
1.914596000000000006e-02
2.167497999999999994e-02
2.524086000000000038e-02
2.632616999999999943e-02
3.043583999999999873e-02
2.482811999999999866e-02
1.934297999999999920e-02
1.831580000000000014e-02
