2.302552000000000071e-02
3.672402000000000305e-02
4.796341999999999967e-02
4.092421000000000253e-02
5.282280000000000308e-02
6.170036000000000270e-02
6.285182999999999742e-02
6.739770999999999956e-02
6.664404000000000161e-02
6.086911999999999878e-02
4.301122999999999752e-02
2.705640999999999949e-02
2.235140999999999864e-02
2.150704000000000157e-02
2.121819999999999956e-02
1.985997000000000109e-02
2.282562000000000133e-02
2.424047000000000007e-02
2.479409999999999947e-02
2.539881999999999904e-02
3.268635999999999764e-02
3.444546999999999887e-02
2.957633000000000137e-02
2.309177000000000105e-02
2.111632000000000092e-02
1.894030000000000019e-02
1.988726000000000035e-02
1.933392000000000097e-02
2.156187999999999855e-02
2.144501999999999867e-02
1.875570999999999836e-02
1.920991999999999839e-02
1.921110999999999999e-02
1.873555999999999833e-02
1.885347000000000064e-02
1.858902999999999944e-02
1.894167999999999893e-02
1.902815000000000062e-02
2.035003999999999980e-02
2.012705000000000050e-02
2.077052000000000065e-02
1.904383999999999938e-02
1.936467999999999870e-02
1.831999999999999948e-02
1.981292000000000122e-02
2.083832000000000045e-02
1.961875999999999898e-02
1.919399999999999926e-02
1.865009000000000111e-02
1.814527999999999974e-02
1.786199000000000120e-02
1.857170000000000001e-02
1.992804999999999924e-02
1.972327999999999928e-02
1.973211000000000062e-02
1.853756999999999974e-02
1.908518000000000020e-02
2.104545999999999847e-02
1.995709999999999845e-02
2.053991000000000150e-02
1.998323000000000113e-02
1.906286999999999912e-02
1.895020000000000038e-02
1.755624999999999894e-02
