4.615912999999999961e-02
5.287644999999999845e-02
3.746288999999999869e-02
2.504359999999999919e-02
2.463196000000000135e-02
2.903524999999999856e-02
3.270883000000000124e-02
3.424351999999999951e-02
3.732288000000000272e-02
3.651410000000000072e-02
4.232210000000000139e-02
5.721819000000000210e-02
5.804097999999999896e-02
5.494757000000000113e-02
4.960703000000000334e-02
3.278986999999999874e-02
2.131906999999999899e-02
3.410760999999999654e-02
8.339594999999999647e-02
1.286286299999999938e-01
1.958516399999999935e-01
2.164779500000000023e-01
2.184617799999999943e-01
1.794058500000000056e-01
1.434013399999999883e-01
9.890588000000000157e-02
5.909571999999999742e-02
3.413022999999999751e-02
2.798027999999999973e-02
2.433973999999999860e-02
2.934078000000000033e-02
3.820574999999999666e-02
4.357745999999999842e-02
6.260229999999999961e-02
6.494210999999999734e-02
5.607174000000000186e-02
5.202576999999999896e-02
4.509455999999999881e-02
3.676904000000000283e-02
3.341923000000000116e-02
3.293399999999999800e-02
3.324027999999999705e-02
3.003228999999999968e-02
2.300079000000000012e-02
2.242266000000000051e-02
2.535010999999999862e-02
2.417905000000000054e-02
2.085042999999999966e-02
2.160304000000000044e-02
2.297849999999999893e-02
2.851957999999999924e-02
2.616749000000000158e-02
2.096757000000000135e-02
1.996730999999999853e-02
2.172726999999999992e-02
2.637600000000000014e-02
2.648999999999999966e-02
3.106242999999999851e-02
3.611210000000000114e-02
2.906550999999999926e-02
2.052247999999999920e-02
2.183995000000000034e-02
2.141395000000000104e-02
1.859813000000000091e-02
