1.708940999999999932e-02
2.033437999999999912e-02
2.440248000000000070e-02
1.978782000000000110e-02
2.378610000000000099e-02
2.382797999999999861e-02
2.378660999999999970e-02
1.841090000000000088e-02
2.173065999999999887e-02
2.826824000000000003e-02
4.022389999999999993e-02
5.863829999999999737e-02
8.955030999999999408e-02
7.331870000000000054e-02
6.948081999999999869e-02
9.266478000000000215e-02
6.471764000000000683e-02
5.291633999999999921e-02
3.787581999999999754e-02
2.432588999999999932e-02
2.011154000000000067e-02
2.024012999999999854e-02
2.202609000000000164e-02
2.364381999999999942e-02
2.587267999999999860e-02
2.871057999999999943e-02
3.989464999999999678e-02
4.325421000000000127e-02
3.121728000000000003e-02
3.032906999999999964e-02
2.459392999999999996e-02
2.518640000000000115e-02
2.562970999999999999e-02
2.542511000000000077e-02
2.456403999999999879e-02
2.334307999999999869e-02
2.051276999999999961e-02
2.022867000000000068e-02
1.982095000000000037e-02
1.991768999999999831e-02
1.977220999999999840e-02
1.853584999999999955e-02
1.902155999999999986e-02
1.916906999999999986e-02
1.896112999999999965e-02
1.856100999999999931e-02
1.955439999999999956e-02
2.088307000000000010e-02
2.118775999999999993e-02
2.153230000000000074e-02
2.026332999999999954e-02
1.844619999999999940e-02
1.814823000000000131e-02
1.947261000000000131e-02
1.955317000000000166e-02
2.135561999999999877e-02
1.971341000000000065e-02
1.866821999999999926e-02
1.891197999999999838e-02
1.932375999999999885e-02
1.920996000000000162e-02
2.046925999999999954e-02
1.844797000000000103e-02
1.683313000000000170e-02
