1.894695000000000060e-02
1.948331999999999842e-02
1.813038999999999970e-02
1.816231000000000095e-02
1.785565999999999889e-02
1.942531000000000119e-02
1.919881000000000018e-02
1.844851999999999950e-02
1.882638000000000020e-02
1.860115000000000032e-02
1.948454000000000158e-02
2.237360000000000043e-02
2.547589999999999924e-02
2.589435000000000001e-02
2.451151999999999845e-02
2.032830999999999874e-02
1.844103000000000062e-02
1.949307000000000123e-02
2.128183000000000158e-02
2.180210999999999955e-02
2.116161000000000084e-02
2.283102999999999869e-02
2.595907999999999896e-02
2.561462000000000114e-02
2.931738999999999873e-02
2.446504000000000040e-02
2.144178999999999877e-02
2.107811000000000060e-02
2.298559999999999839e-02
3.377668999999999810e-02
4.399929999999999813e-02
5.324794000000000055e-02
6.857320000000000082e-02
6.284660000000000246e-02
5.631329000000000196e-02
5.103976000000000346e-02
3.969443999999999750e-02
2.678368000000000068e-02
2.058760000000000104e-02
1.860952000000000092e-02
1.867463000000000109e-02
2.078141999999999837e-02
2.179628000000000121e-02
2.293548000000000114e-02
2.285664999999999919e-02
2.534656999999999882e-02
2.719815000000000080e-02
2.521146000000000151e-02
2.153298999999999838e-02
1.961581999999999909e-02
1.950966000000000158e-02
1.935339999999999977e-02
1.899578999999999851e-02
2.034356000000000012e-02
2.194735000000000089e-02
2.248808999999999877e-02
2.263686000000000170e-02
2.452413999999999983e-02
2.395589999999999872e-02
1.957155000000000006e-02
2.059597000000000164e-02
2.038422999999999971e-02
1.776203999999999977e-02
1.668363999999999958e-02
