1.711949000000000110e-02
2.033599000000000170e-02
1.932301000000000157e-02
1.809917000000000123e-02
1.822394999999999918e-02
2.234709000000000001e-02
2.554626000000000119e-02
2.904529000000000138e-02
2.847865999999999939e-02
2.353840000000000099e-02
1.922801999999999845e-02
1.839464000000000030e-02
2.078131999999999896e-02
2.231191000000000077e-02
2.256994999999999835e-02
2.092522999999999953e-02
1.950990000000000016e-02
1.939965999999999913e-02
2.042418999999999832e-02
2.309196000000000165e-02
2.359589000000000131e-02
2.468501000000000029e-02
2.483354999999999937e-02
2.211944000000000063e-02
2.504914999999999919e-02
2.817315999999999918e-02
2.492544999999999830e-02
2.135975000000000026e-02
1.944691999999999948e-02
1.915704000000000018e-02
2.111205999999999847e-02
2.207554999999999934e-02
2.188427000000000081e-02
2.328041000000000138e-02
2.359595000000000095e-02
2.578996000000000066e-02
2.663112000000000118e-02
2.544872000000000106e-02
2.202480999999999883e-02
2.175316000000000055e-02
2.111738000000000157e-02
2.239953999999999903e-02
2.523395999999999972e-02
2.721569999999999892e-02
2.818568000000000115e-02
3.239829000000000320e-02
4.749491000000000129e-02
4.815947000000000283e-02
3.825677000000000244e-02
2.583780000000000104e-02
2.147606000000000168e-02
2.612054999999999932e-02
3.331507000000000218e-02
5.675103000000000092e-02
8.068126000000000464e-02
9.907789999999999653e-02
1.026993999999999962e-01
1.111242000000000063e-01
1.022923099999999974e-01
8.308126999999999873e-02
6.717694000000000443e-02
5.497714000000000073e-02
3.236714999999999731e-02
1.773032999999999901e-02
