2.282785000000000022e-02
3.105824999999999905e-02
2.925414999999999960e-02
2.094379000000000032e-02
2.975167000000000089e-02
3.011530999999999930e-02
3.745447999999999833e-02
4.357670000000000293e-02
3.770449000000000023e-02
3.843105000000000132e-02
2.932943000000000008e-02
2.353803000000000145e-02
2.272271999999999834e-02
2.789836999999999873e-02
3.766420999999999658e-02
3.812700000000000117e-02
3.254512999999999850e-02
2.965436000000000114e-02
4.111382999999999704e-02
6.136402999999999996e-02
6.280431000000000208e-02
5.279372999999999705e-02
2.710326000000000055e-02
2.722406000000000131e-02
7.471896000000000093e-02
1.195031000000000010e-01
1.384294899999999884e-01
2.031841000000000064e-01
2.341580099999999998e-01
1.939855400000000119e-01
1.579749099999999962e-01
1.258227399999999885e-01
9.945866000000000429e-02
4.734613000000000016e-02
2.480954000000000145e-02
2.236807000000000031e-02
3.203065000000000079e-02
4.551467000000000013e-02
4.061711999999999961e-02
4.414933000000000052e-02
5.628323999999999827e-02
5.570785999999999794e-02
4.533680999999999822e-02
3.315168000000000281e-02
2.595041000000000014e-02
2.059835999999999959e-02
2.256676999999999988e-02
2.186975999999999851e-02
2.449712000000000070e-02
2.966134000000000132e-02
2.622800000000000131e-02
2.442114999999999911e-02
2.845771000000000064e-02
2.496790000000000120e-02
2.033396999999999982e-02
1.975618999999999986e-02
1.967158000000000101e-02
1.911157999999999954e-02
2.126886000000000054e-02
2.496970999999999913e-02
2.646559999999999885e-02
2.169609999999999941e-02
1.988849999999999993e-02
1.916315000000000032e-02
