2.257620999999999933e-02
2.788252999999999912e-02
2.142929000000000014e-02
1.945648999999999990e-02
1.880445999999999854e-02
1.895457000000000045e-02
1.892146000000000106e-02
2.261093999999999951e-02
2.250765999999999878e-02
2.237447000000000047e-02
1.995508000000000004e-02
1.988074999999999912e-02
2.467230000000000117e-02
2.854701999999999934e-02
2.503965000000000010e-02
1.922350999999999921e-02
1.875949000000000019e-02
1.967092999999999967e-02
2.303416999999999965e-02
2.120707000000000148e-02
2.194137000000000171e-02
2.139430999999999972e-02
2.002384999999999929e-02
2.167791000000000162e-02
2.482519999999999866e-02
2.206293999999999964e-02
2.191119000000000053e-02
2.102450000000000152e-02
2.591912000000000035e-02
3.358831999999999790e-02
3.069237000000000007e-02
2.537439000000000014e-02
2.477185000000000151e-02
2.039515999999999898e-02
2.028748000000000010e-02
2.738778999999999866e-02
3.079060999999999951e-02
2.982769999999999866e-02
2.632129000000000066e-02
3.065847000000000017e-02
4.069346000000000074e-02
4.363531999999999827e-02
4.169725999999999988e-02
3.226377999999999885e-02
2.607409000000000115e-02
3.102065999999999851e-02
4.666297999999999974e-02
7.131144999999999845e-02
8.760603999999999614e-02
1.326367099999999910e-01
1.478741500000000098e-01
1.451771099999999981e-01
1.194949200000000045e-01
1.068524700000000049e-01
7.099096000000000573e-02
3.703647999999999663e-02
2.563162000000000079e-02
2.372043000000000068e-02
1.916378999999999999e-02
1.914897999999999947e-02
1.986049000000000148e-02
2.399174999999999919e-02
2.197411999999999976e-02
1.816233999999999904e-02
