3.363075000000000092e-02
3.675363999999999715e-02
2.698062999999999850e-02
3.134234000000000325e-02
2.704029000000000155e-02
2.668105000000000129e-02
3.028604000000000018e-02
3.252051999999999721e-02
3.956678000000000278e-02
4.920925999999999773e-02
5.524014000000000008e-02
6.172852000000000200e-02
5.547917000000000126e-02
5.196835999999999817e-02
3.660444999999999671e-02
2.633571999999999996e-02
2.054713000000000026e-02
4.504029999999999839e-02
1.066584500000000019e-01
1.591683899999999929e-01
2.129792399999999863e-01
2.305248500000000034e-01
1.941468699999999992e-01
1.426774100000000045e-01
9.945977000000000290e-02
7.114826000000000483e-02
4.410159000000000301e-02
2.906639000000000098e-02
2.550633000000000067e-02
2.424667000000000142e-02
2.997647000000000159e-02
4.202933999999999837e-02
4.662083000000000199e-02
6.925156999999999841e-02
6.225512999999999880e-02
4.769637999999999656e-02
4.485166000000000153e-02
3.876001999999999920e-02
2.995791999999999899e-02
3.135108000000000339e-02
3.343650000000000094e-02
3.559637999999999691e-02
3.284485000000000182e-02
2.244497999999999979e-02
2.085356000000000015e-02
2.303933999999999843e-02
2.222506999999999955e-02
2.016565000000000024e-02
2.341013000000000122e-02
2.509892999999999846e-02
2.836429999999999854e-02
2.746494999999999839e-02
2.123498999999999873e-02
1.993628999999999887e-02
2.306928000000000104e-02
2.560528999999999930e-02
2.637981000000000006e-02
2.799174999999999927e-02
3.414608000000000226e-02
2.860429000000000097e-02
2.094263999999999848e-02
2.339455999999999827e-02
2.394119999999999929e-02
1.867759000000000086e-02
