6.663686000000000609e-02
1.227350900000000050e-01
1.193660400000000066e-01
1.136393200000000020e-01
1.048009899999999966e-01
8.859068000000000498e-02
6.995245999999999409e-02
4.371318999999999899e-02
2.743218999999999866e-02
2.571988999999999873e-02
2.320070999999999939e-02
2.386289000000000118e-02
3.374309999999999810e-02
3.650077999999999656e-02
3.937821999999999850e-02
4.041469999999999785e-02
4.515906000000000087e-02
4.251614000000000088e-02
3.502750999999999781e-02
2.696830999999999881e-02
2.256332999999999950e-02
2.134702000000000127e-02
2.061964999999999978e-02
2.083963000000000135e-02
2.438003000000000045e-02
2.260734999999999828e-02
1.973534999999999873e-02
2.039277999999999924e-02
2.059110999999999927e-02
2.051508999999999971e-02
2.060412999999999828e-02
2.257835000000000050e-02
2.119930999999999899e-02
1.975452999999999931e-02
1.973766000000000062e-02
1.916162000000000074e-02
2.088767999999999875e-02
2.306108000000000116e-02
2.247878000000000029e-02
1.966959000000000068e-02
1.894360999999999962e-02
2.144826000000000024e-02
2.336405000000000079e-02
2.454430999999999974e-02
2.358924000000000090e-02
1.937786999999999843e-02
1.867718999999999976e-02
2.057377000000000164e-02
2.176801000000000083e-02
2.117888999999999883e-02
2.047074999999999936e-02
1.983299999999999993e-02
1.942668000000000172e-02
1.956000999999999920e-02
2.108681000000000097e-02
2.181620999999999908e-02
2.310407000000000086e-02
2.194563999999999890e-02
1.999495000000000092e-02
1.965816999999999912e-02
2.199823999999999877e-02
2.167140999999999859e-02
1.877128999999999950e-02
1.659733000000000042e-02
