3.472328999999999694e-02
4.294558999999999876e-02
3.825843000000000299e-02
2.843916999999999973e-02
2.323864999999999958e-02
2.757702000000000070e-02
2.816460999999999965e-02
2.809671000000000043e-02
3.316531000000000340e-02
3.424755000000000160e-02
3.959613000000000022e-02
5.144614000000000131e-02
6.643983000000000527e-02
6.358555999999999930e-02
4.952426000000000050e-02
2.381499999999999936e-02
1.899481000000000086e-02
3.567842000000000235e-02
7.104609000000000618e-02
1.292032499999999917e-01
1.684060199999999896e-01
1.998887500000000039e-01
1.879835099999999926e-01
1.456059399999999893e-01
1.173224999999999962e-01
9.050178999999999863e-02
4.937876000000000071e-02
2.902110000000000106e-02
2.521444000000000116e-02
2.409228000000000064e-02
3.128240999999999661e-02
3.946477999999999792e-02
4.343806000000000056e-02
6.721826999999999663e-02
6.203747999999999901e-02
5.770336999999999689e-02
5.287112000000000062e-02
4.521084999999999687e-02
3.589291000000000009e-02
3.355297000000000140e-02
3.562386000000000025e-02
3.361887999999999682e-02
3.014587999999999990e-02
2.294101999999999947e-02
2.166908999999999849e-02
2.472225999999999937e-02
2.386802000000000021e-02
2.144773000000000165e-02
2.244186999999999918e-02
2.476008000000000028e-02
3.059958000000000122e-02
2.763445000000000137e-02
2.227513000000000062e-02
2.128460000000000074e-02
2.330845000000000139e-02
2.750319000000000028e-02
2.768465999999999982e-02
3.349451999999999985e-02
3.804600999999999816e-02
3.138113000000000014e-02
2.100149000000000113e-02
2.151534000000000085e-02
2.169135000000000160e-02
1.920368999999999896e-02
