1.846800999999999998e-02
1.935633000000000145e-02
1.952972000000000041e-02
2.310811999999999936e-02
2.482385000000000147e-02
2.507513999999999924e-02
2.309264000000000108e-02
2.113133000000000025e-02
1.941837000000000077e-02
2.014366999999999894e-02
2.280599999999999988e-02
2.248732999999999982e-02
2.230065000000000172e-02
2.086255999999999874e-02
1.913905999999999941e-02
2.050690999999999972e-02
2.388173000000000032e-02
2.541948999999999945e-02
2.350123999999999963e-02
2.212891000000000163e-02
2.102510000000000143e-02
2.124501999999999988e-02
2.565446000000000046e-02
2.291545999999999861e-02
2.222750000000000073e-02
2.182484000000000160e-02
2.458439000000000110e-02
2.635269999999999974e-02
2.297093999999999872e-02
1.931129999999999999e-02
2.163607999999999851e-02
2.461328000000000127e-02
2.889596999999999999e-02
3.228701999999999961e-02
3.378296000000000077e-02
2.520174000000000025e-02
2.099501000000000145e-02
2.632249000000000047e-02
3.042798000000000030e-02
2.954820000000000016e-02
2.441721000000000169e-02
2.535172000000000120e-02
3.307622999999999813e-02
4.271943000000000268e-02
4.035580999999999890e-02
3.389359000000000122e-02
3.095171999999999854e-02
2.722671999999999939e-02
2.652612999999999846e-02
5.269270000000000204e-02
6.326252000000000264e-02
8.222651000000000265e-02
1.115677600000000019e-01
1.425384100000000043e-01
1.472804500000000072e-01
1.279464999999999908e-01
1.162336399999999992e-01
1.056165500000000035e-01
8.817859000000000114e-02
5.363889000000000157e-02
3.766777999999999793e-02
2.598636000000000001e-02
1.947905000000000122e-02
1.799776000000000153e-02
