2.346109999999999862e-02
3.724584000000000228e-02
4.449853000000000142e-02
5.251411000000000273e-02
5.886729999999999741e-02
5.727216000000000251e-02
5.147307999999999745e-02
3.803934999999999955e-02
2.958625999999999964e-02
3.036896999999999860e-02
2.684397000000000172e-02
2.054761000000000087e-02
1.855499000000000037e-02
1.927163000000000140e-02
2.057350000000000151e-02
2.113347000000000142e-02
2.238087000000000062e-02
2.236482000000000053e-02
2.174453999999999970e-02
2.279244999999999882e-02
2.406644000000000144e-02
2.348362000000000019e-02
2.024112999999999954e-02
1.965468000000000076e-02
1.874765000000000112e-02
2.030140999999999890e-02
2.011546999999999988e-02
2.155696000000000001e-02
2.126224999999999990e-02
2.206222000000000044e-02
1.850742000000000012e-02
1.843805999999999917e-02
1.879851999999999912e-02
1.846344999999999931e-02
1.872013999999999970e-02
1.923394999999999966e-02
1.937432000000000043e-02
2.018154000000000128e-02
2.069282000000000066e-02
2.021012999999999976e-02
2.035587000000000160e-02
2.040698000000000165e-02
2.038747999999999949e-02
1.943539000000000030e-02
2.107093000000000160e-02
2.327656000000000169e-02
2.074464999999999990e-02
2.014002999999999974e-02
1.912579999999999836e-02
1.861364000000000074e-02
1.837596999999999842e-02
2.006559000000000120e-02
2.151847999999999955e-02
2.211700000000000124e-02
2.071204000000000101e-02
2.017914999999999986e-02
1.998988000000000154e-02
1.961680999999999842e-02
1.892274999999999860e-02
1.941369000000000081e-02
1.902944000000000163e-02
1.825132000000000143e-02
1.802184999999999898e-02
1.601883000000000126e-02
