2.122581000000000120e-02
2.883141999999999996e-02
2.544563000000000033e-02
2.902135999999999952e-02
3.540449999999999847e-02
3.388883000000000173e-02
2.773147000000000112e-02
2.051901000000000072e-02
2.070390000000000078e-02
2.424994000000000108e-02
3.256521999999999889e-02
4.922673000000000326e-02
7.540028000000000008e-02
8.133764999999999745e-02
9.194341999999999793e-02
9.469307999999999892e-02
8.919584999999999320e-02
6.046450999999999909e-02
4.233110999999999818e-02
2.396273999999999973e-02
2.279163999999999843e-02
2.028285000000000157e-02
1.952836999999999976e-02
2.263342999999999952e-02
2.624829000000000051e-02
2.986799999999999872e-02
4.142416000000000154e-02
3.894098000000000004e-02
3.712636999999999882e-02
3.645969999999999767e-02
2.941451999999999956e-02
2.307787999999999853e-02
2.473774999999999932e-02
2.717487999999999848e-02
2.690543999999999922e-02
2.652710999999999958e-02
2.244215000000000099e-02
2.001655000000000101e-02
2.082503999999999952e-02
2.276194000000000134e-02
2.096425999999999845e-02
1.929681999999999925e-02
1.945772000000000126e-02
1.978101000000000165e-02
1.878051000000000026e-02
1.899319999999999828e-02
2.003618000000000066e-02
2.196787000000000045e-02
2.355374000000000009e-02
2.523881999999999862e-02
2.118414000000000061e-02
1.967253000000000057e-02
1.881750999999999910e-02
1.928101999999999941e-02
2.046310000000000143e-02
2.090115999999999849e-02
2.120263999999999829e-02
2.005383999999999986e-02
1.968742999999999882e-02
1.934011000000000063e-02
1.831672999999999982e-02
1.929710999999999926e-02
1.795042999999999986e-02
1.666689999999999838e-02
