1.768047999999999842e-02
2.029705999999999871e-02
2.232601999999999851e-02
2.320070999999999939e-02
2.951468999999999968e-02
4.223674000000000178e-02
4.385214999999999946e-02
4.152742999999999712e-02
3.438052999999999942e-02
2.284906000000000090e-02
2.470491000000000006e-02
2.700061000000000128e-02
3.218265000000000015e-02
3.068482999999999974e-02
2.469270999999999966e-02
2.450507999999999853e-02
2.522498999999999922e-02
2.875787000000000135e-02
3.502821999999999880e-02
3.709385999999999933e-02
2.835481000000000112e-02
2.715272999999999992e-02
4.195444000000000256e-02
3.893184999999999701e-02
3.977474000000000287e-02
3.672041999999999667e-02
3.180589999999999806e-02
3.636575000000000224e-02
2.761871999999999938e-02
2.722445000000000073e-02
2.558621999999999980e-02
2.560994000000000118e-02
3.508553999999999840e-02
4.195726000000000316e-02
5.718132000000000076e-02
3.921025000000000205e-02
2.436678999999999928e-02
3.339212999999999903e-02
4.391636000000000151e-02
4.325887999999999955e-02
3.366120999999999697e-02
3.084475999999999885e-02
5.035326999999999859e-02
7.287815999999999739e-02
7.848020999999999470e-02
6.351893999999999596e-02
6.480750000000000399e-02
4.825911000000000090e-02
4.065121000000000012e-02
9.947528999999999400e-02
1.247578800000000016e-01
1.662773899999999971e-01
2.101563700000000090e-01
2.785279199999999844e-01
2.834247899999999820e-01
2.544350899999999749e-01
2.321821599999999985e-01
2.095253800000000111e-01
1.567863100000000121e-01
1.035804200000000064e-01
6.033970999999999779e-02
3.945019000000000303e-02
2.471237000000000086e-02
2.315431999999999907e-02
