1.858887000000000039e-02
2.013140999999999889e-02
1.997124999999999942e-02
1.959504999999999927e-02
1.921673000000000131e-02
1.825399999999999939e-02
1.783418000000000156e-02
1.832939999999999917e-02
1.878656999999999896e-02
2.020417999999999867e-02
2.048505999999999938e-02
1.896923000000000012e-02
1.964932000000000137e-02
2.215666999999999984e-02
2.427446999999999938e-02
2.181523999999999963e-02
2.055623000000000172e-02
1.859463000000000088e-02
1.872671999999999878e-02
1.964168000000000164e-02
2.023472999999999938e-02
2.122312000000000157e-02
2.318250000000000172e-02
2.184528000000000164e-02
2.304903999999999981e-02
2.680304000000000020e-02
2.943565999999999891e-02
2.745132000000000128e-02
2.113603000000000010e-02
1.924444999999999975e-02
2.237880000000000077e-02
2.680661999999999975e-02
3.955436999999999842e-02
4.701948999999999712e-02
4.620716999999999880e-02
5.345848999999999740e-02
4.912267000000000022e-02
3.880675000000000097e-02
2.916683999999999943e-02
2.112624000000000099e-02
1.845884000000000066e-02
1.874601000000000045e-02
1.887122999999999926e-02
1.920907999999999990e-02
2.093870999999999927e-02
2.434994999999999868e-02
2.907242000000000159e-02
2.301645999999999900e-02
2.229470999999999883e-02
2.237443000000000071e-02
2.222073999999999924e-02
2.021115000000000064e-02
1.932862000000000122e-02
2.042025000000000090e-02
2.133482000000000087e-02
2.215556000000000123e-02
2.070376999999999981e-02
2.377415000000000084e-02
2.269536000000000123e-02
2.084994000000000083e-02
2.135826000000000044e-02
2.099312999999999874e-02
1.814777999999999877e-02
1.643605000000000066e-02
