2.868882999999999850e-02
6.413737999999999384e-02
6.493453999999999893e-02
5.886837999999999793e-02
7.783273999999999748e-02
8.593278000000000028e-02
4.428213000000000288e-02
2.579504000000000172e-02
3.272151999999999700e-02
4.876397999999999844e-02
8.372446999999999528e-02
1.471009400000000134e-01
2.167490900000000054e-01
2.212673699999999910e-01
2.095954600000000112e-01
2.481709099999999946e-01
2.037927800000000067e-01
1.121650000000000008e-01
7.950074000000000030e-02
3.551003999999999966e-02
2.625999999999999862e-02
2.624664999999999984e-02
2.815805999999999865e-02
3.524594000000000338e-02
4.963143999999999889e-02
5.040763000000000188e-02
6.871644999999999837e-02
6.678509000000000528e-02
6.059140999999999833e-02
5.095195000000000279e-02
3.786250000000000032e-02
3.437670999999999782e-02
3.921829000000000287e-02
4.348708999999999908e-02
3.880067999999999712e-02
4.288689999999999863e-02
3.108433999999999850e-02
2.506148000000000056e-02
2.622806000000000096e-02
2.655930999999999917e-02
2.364331000000000071e-02
2.131419999999999842e-02
2.184973999999999944e-02
2.426688999999999929e-02
2.126834000000000016e-02
2.094812000000000063e-02
2.644240000000000132e-02
3.123387999999999859e-02
3.848139999999999894e-02
3.453557000000000154e-02
2.459029000000000076e-02
2.093947999999999990e-02
2.288721000000000158e-02
2.625558999999999879e-02
2.799371000000000151e-02
2.885180999999999857e-02
2.547137999999999833e-02
2.123167000000000110e-02
2.037067000000000044e-02
2.482548000000000046e-02
2.679609999999999978e-02
2.906335000000000168e-02
2.431188000000000099e-02
1.966864999999999933e-02
