2.182867000000000141e-02
2.294035000000000171e-02
2.574840999999999935e-02
2.927157999999999843e-02
3.068633999999999945e-02
2.819226999999999844e-02
2.428206000000000114e-02
2.022323999999999997e-02
2.163079000000000043e-02
2.749004000000000031e-02
2.920570999999999931e-02
2.688598000000000030e-02
2.337119000000000002e-02
2.351535000000000084e-02
2.202613999999999961e-02
2.498295999999999850e-02
3.133369999999999905e-02
3.194361999999999896e-02
2.377523999999999957e-02
2.191948999999999981e-02
2.411119999999999930e-02
2.747078000000000020e-02
3.045076999999999853e-02
2.841509999999999869e-02
2.221149999999999861e-02
2.332311999999999927e-02
3.101235999999999923e-02
3.975367999999999957e-02
3.235244999999999788e-02
2.619770999999999905e-02
2.919650000000000023e-02
3.147815000000000335e-02
3.477799000000000168e-02
3.949136999999999786e-02
3.629679999999999712e-02
2.598081000000000002e-02
2.306551999999999908e-02
2.893296000000000062e-02
2.979903000000000066e-02
2.656344000000000066e-02
2.532774000000000136e-02
3.348965999999999749e-02
4.319305999999999840e-02
5.493499000000000299e-02
5.388736000000000220e-02
3.292155000000000081e-02
2.784543999999999908e-02
2.546624999999999930e-02
3.389052000000000037e-02
6.513971999999999818e-02
9.005372000000000376e-02
1.033443000000000001e-01
1.402672199999999980e-01
1.823663699999999999e-01
1.636301400000000072e-01
1.360027199999999936e-01
1.141588600000000009e-01
9.244078999999999491e-02
6.844194000000000666e-02
4.272394999999999665e-02
2.700533000000000100e-02
2.052872000000000030e-02
1.921770999999999896e-02
1.905775999999999998e-02
