1.865564000000000111e-02
2.648624000000000117e-02
2.172471999999999945e-02
1.866332000000000060e-02
2.318131999999999832e-02
2.449940999999999924e-02
2.175070000000000128e-02
2.304153999999999924e-02
2.640048000000000047e-02
3.071629000000000026e-02
3.390126999999999724e-02
3.710374000000000311e-02
3.667842000000000324e-02
2.831540000000000099e-02
2.291373999999999841e-02
1.987832999999999961e-02
1.911836000000000091e-02
2.652656999999999932e-02
3.897086000000000300e-02
6.305497000000000185e-02
9.348069999999999991e-02
9.233474999999999322e-02
7.507323999999999942e-02
6.063376999999999656e-02
4.071067999999999909e-02
3.326491000000000170e-02
2.366446999999999995e-02
2.270089000000000135e-02
2.080977999999999994e-02
1.910504999999999842e-02
2.207459999999999978e-02
2.741247000000000128e-02
2.992821000000000023e-02
3.651166000000000134e-02
3.338793999999999790e-02
2.763478000000000115e-02
2.360707000000000083e-02
2.208181000000000033e-02
2.052123000000000141e-02
2.183759000000000047e-02
2.195843000000000100e-02
2.231264000000000164e-02
2.103141000000000038e-02
1.869043000000000093e-02
1.813982999999999915e-02
1.898785999999999877e-02
1.918763999999999886e-02
1.864344000000000071e-02
1.809113000000000041e-02
1.874725000000000003e-02
1.959309000000000051e-02
1.939551999999999943e-02
1.859745999999999969e-02
1.899085999999999830e-02
1.842264000000000054e-02
1.981954000000000007e-02
1.984916999999999931e-02
1.998940999999999912e-02
2.057480000000000073e-02
1.956178000000000083e-02
1.856305999999999928e-02
1.920242999999999950e-02
1.769512000000000168e-02
1.615940000000000085e-02
