1.974315999999999918e-02
2.829326000000000063e-02
2.411993999999999944e-02
1.846646999999999872e-02
1.912277000000000074e-02
2.238806000000000129e-02
2.350272999999999946e-02
2.231473000000000137e-02
2.236731666666666798e-02
2.241990333333333460e-02
2.247249000000000121e-02
2.252507666666666783e-02
2.257766333333333444e-02
2.263025000000000106e-02
2.268283666666666767e-02
2.273542333333333429e-02
2.278801000000000090e-02
2.055272000000000002e-02
2.021409999999999874e-02
2.384549000000000044e-02
2.460986000000000076e-02
2.013701999999999853e-02
2.400866999999999932e-02
2.566753999999999911e-02
3.585598999999999731e-02
3.915268000000000220e-02
2.808599999999999985e-02
2.261277999999999899e-02
2.090780999999999890e-02
2.307232999999999853e-02
2.716487999999999889e-02
3.180961000000000205e-02
3.348113999999999951e-02
3.563986999999999711e-02
4.681056000000000106e-02
4.829515999999999670e-02
4.518835999999999686e-02
4.187703999999999732e-02
2.543033000000000099e-02
2.027852000000000127e-02
3.300237000000000309e-02
7.430151999999999590e-02
1.071336600000000056e-01
1.463646299999999956e-01
1.546684500000000129e-01
1.598669000000000062e-01
1.373004600000000130e-01
1.204277200000000020e-01
6.664517000000000357e-02
3.848971999999999810e-02
3.277109000000000272e-02
2.742471999999999965e-02
2.055654999999999982e-02
2.581264000000000128e-02
3.249752999999999670e-02
3.060550999999999897e-02
3.374745999999999996e-02
3.370667000000000108e-02
4.460995000000000238e-02
4.869516000000000122e-02
4.841183999999999765e-02
4.065160000000000301e-02
2.431987999999999858e-02
1.866813000000000153e-02
