2.683096000000000092e-02
4.566481000000000012e-02
6.390144999999999853e-02
7.261173999999999407e-02
8.698063000000000322e-02
8.665742999999999363e-02
7.698235999999999968e-02
6.562901000000000151e-02
5.496960000000000041e-02
5.150174999999999892e-02
3.949435999999999919e-02
2.681240999999999833e-02
2.244217999999999907e-02
2.146114999999999828e-02
2.354325000000000168e-02
2.275436000000000125e-02
2.573568999999999857e-02
3.028894999999999851e-02
2.808739999999999848e-02
3.137799000000000144e-02
3.366447999999999663e-02
3.085223999999999953e-02
2.498937000000000033e-02
1.991996000000000044e-02
2.063357000000000038e-02
2.113450999999999871e-02
2.176205999999999974e-02
2.090124999999999969e-02
2.447005999999999834e-02
2.189945999999999907e-02
1.957595999999999989e-02
1.961676999999999865e-02
1.974543000000000131e-02
1.847974000000000144e-02
1.933814999999999840e-02
2.051185000000000161e-02
2.043791000000000010e-02
2.112479999999999913e-02
2.218890999999999919e-02
2.167896000000000059e-02
2.061761000000000149e-02
2.102826000000000001e-02
2.101563999999999863e-02
2.023294000000000134e-02
2.064090999999999843e-02
2.199979000000000171e-02
2.134664000000000006e-02
1.943365000000000023e-02
1.854841000000000129e-02
1.845074000000000020e-02
1.913296999999999914e-02
1.965723000000000123e-02
2.009787000000000032e-02
2.043543999999999916e-02
2.007915000000000047e-02
1.913435999999999956e-02
1.895078999999999861e-02
1.866719999999999838e-02
1.871104000000000170e-02
1.855843999999999896e-02
1.826447999999999960e-02
1.809318999999999858e-02
1.831823999999999952e-02
1.625978999999999966e-02
