2.719761999999999874e-02
4.237174999999999969e-02
4.893275999999999876e-02
2.840557999999999972e-02
2.279675000000000104e-02
2.368061000000000124e-02
2.790874999999999953e-02
4.854011999999999910e-02
6.381177999999999850e-02
1.140990999999999950e-01
1.268784000000000023e-01
1.226977399999999996e-01
1.493817400000000128e-01
1.354588399999999970e-01
7.543331000000000341e-02
5.867445999999999773e-02
4.865765999999999841e-02
2.796658000000000130e-02
2.162408000000000038e-02
2.095222000000000057e-02
2.221630999999999953e-02
2.231781000000000043e-02
2.745449999999999974e-02
3.750086999999999865e-02
4.473727000000000259e-02
4.434065000000000228e-02
3.393460000000000226e-02
2.603114999999999943e-02
2.212675000000000058e-02
2.165123000000000048e-02
2.333564999999999945e-02
2.647897000000000098e-02
2.408779999999999949e-02
2.749081000000000094e-02
2.624908999999999923e-02
2.562354999999999841e-02
2.185934000000000141e-02
2.146052000000000029e-02
2.092532999999999893e-02
2.062301000000000065e-02
2.044914999999999927e-02
2.089817000000000063e-02
1.864448999999999967e-02
2.046237000000000056e-02
2.090880000000000169e-02
2.491762000000000143e-02
2.475284000000000165e-02
2.292670000000000124e-02
1.995299999999999851e-02
2.151751999999999831e-02
2.403995999999999911e-02
2.525443000000000132e-02
2.701316000000000134e-02
2.324495000000000033e-02
2.187771999999999981e-02
1.880468000000000070e-02
1.846286999999999928e-02
1.930807999999999830e-02
2.432488000000000011e-02
2.274427999999999866e-02
2.640761999999999970e-02
2.081722000000000086e-02
1.996732000000000021e-02
1.607161000000000006e-02
