1.909235000000000099e-02
2.305193000000000172e-02
2.523003000000000051e-02
2.040900000000000006e-02
2.498643999999999865e-02
2.550960000000000033e-02
3.118314000000000155e-02
2.344695000000000112e-02
2.406449000000000088e-02
2.142277999999999891e-02
1.929095000000000115e-02
1.908494000000000163e-02
2.790441000000000102e-02
3.687548999999999688e-02
4.991712999999999706e-02
4.417271999999999865e-02
5.229873000000000161e-02
5.363467000000000234e-02
5.030803999999999832e-02
3.381202999999999986e-02
2.702656999999999976e-02
2.091588000000000128e-02
1.842451000000000158e-02
1.781603999999999827e-02
1.938687000000000049e-02
2.170387999999999831e-02
2.467054000000000122e-02
2.200749000000000108e-02
2.503775000000000098e-02
2.598274999999999890e-02
2.709951000000000026e-02
2.235683000000000115e-02
2.257678000000000115e-02
1.943341000000000166e-02
1.876074000000000144e-02
1.956103999999999829e-02
1.962730999999999851e-02
1.787000999999999867e-02
1.949895999999999921e-02
2.054365999999999831e-02
1.851546000000000095e-02
1.862368999999999830e-02
1.883819000000000118e-02
1.755825999999999915e-02
1.771937999999999985e-02
1.833703000000000069e-02
1.895178000000000140e-02
1.882781000000000038e-02
1.792983999999999897e-02
1.872319999999999887e-02
1.993581999999999993e-02
2.076975000000000002e-02
2.144967000000000054e-02
2.005815999999999849e-02
1.841626999999999847e-02
1.844078000000000037e-02
1.818068000000000115e-02
1.901167000000000135e-02
1.955727999999999980e-02
1.868442999999999840e-02
1.960129000000000038e-02
1.826358000000000148e-02
1.776439999999999964e-02
1.689509000000000150e-02
