1.972615000000000132e-02
2.522007000000000068e-02
2.778533000000000044e-02
3.267416000000000070e-02
2.962951000000000126e-02
2.560582999999999956e-02
2.304764000000000118e-02
1.995241999999999849e-02
1.919865000000000113e-02
1.926309999999999828e-02
1.999400000000000135e-02
2.030714000000000130e-02
2.121846999999999969e-02
2.581699999999999967e-02
2.844334999999999919e-02
2.813358999999999999e-02
2.989539000000000085e-02
2.850342000000000153e-02
2.520934000000000022e-02
2.335981999999999989e-02
2.098474000000000173e-02
2.607196000000000166e-02
3.481304999999999816e-02
4.291012999999999772e-02
5.249318000000000040e-02
6.506480000000000596e-02
6.281088999999999423e-02
6.112482000000000332e-02
5.098482000000000014e-02
3.430935000000000235e-02
2.467708000000000054e-02
2.037682999999999856e-02
2.075874999999999942e-02
1.998025000000000148e-02
2.135014000000000009e-02
2.177874999999999950e-02
2.470057999999999976e-02
3.364903000000000338e-02
3.098180000000000031e-02
2.858122999999999914e-02
2.655922000000000144e-02
2.266879999999999937e-02
2.077442999999999998e-02
1.967845000000000011e-02
2.112309999999999882e-02
1.935517999999999961e-02
2.052371000000000056e-02
2.151317000000000160e-02
1.986448999999999854e-02
2.005706999999999976e-02
1.908253000000000033e-02
1.921453999999999870e-02
1.950388999999999942e-02
2.097523999999999916e-02
2.146421999999999913e-02
2.005556000000000005e-02
1.866844999999999963e-02
1.849390999999999882e-02
1.818598999999999910e-02
1.835747000000000073e-02
1.874098999999999904e-02
2.189939999999999942e-02
2.013080000000000078e-02
1.648905999999999983e-02
