1.935782999999999948e-02
2.346232999999999999e-02
2.898614999999999872e-02
2.411521000000000151e-02
3.013911999999999841e-02
3.254602000000000189e-02
3.219485999999999876e-02
2.663893999999999984e-02
2.326997000000000093e-02
2.014341000000000048e-02
1.970968000000000026e-02
2.612857000000000027e-02
3.821716000000000002e-02
5.127860000000000057e-02
6.397187999999999486e-02
8.402286000000000477e-02
8.812153000000000347e-02
6.295362000000000180e-02
5.251083000000000139e-02
4.175886999999999655e-02
3.112838000000000063e-02
2.341319999999999860e-02
1.923083000000000084e-02
1.917034000000000099e-02
2.070833000000000049e-02
2.123623999999999998e-02
2.510857999999999840e-02
2.594696999999999976e-02
2.873799999999999966e-02
3.558882000000000018e-02
3.102225999999999942e-02
2.524225000000000080e-02
2.395090999999999887e-02
2.050485999999999975e-02
2.310167999999999944e-02
2.251815000000000067e-02
2.148991999999999916e-02
1.929849000000000148e-02
1.958491000000000051e-02
2.083269000000000093e-02
2.159178000000000139e-02
1.972486000000000031e-02
1.877751000000000073e-02
1.844200999999999827e-02
1.879236999999999921e-02
1.908065999999999929e-02
2.014192000000000066e-02
1.987467999999999874e-02
1.953927000000000094e-02
2.205483000000000096e-02
2.272727999999999901e-02
2.110207999999999876e-02
2.024505999999999875e-02
1.906655999999999976e-02
1.873348000000000027e-02
1.955606999999999832e-02
1.947921999999999848e-02
2.040145999999999973e-02
2.125679999999999931e-02
2.026317999999999869e-02
1.864528000000000019e-02
1.864715000000000122e-02
1.777841000000000143e-02
1.661069000000000087e-02
