2.601759999999999837e-02
2.862115999999999966e-02
2.509785000000000141e-02
2.295060000000000155e-02
2.071771000000000029e-02
1.875094000000000066e-02
1.940849999999999867e-02
2.263507000000000019e-02
2.550277000000000099e-02
2.604112000000000093e-02
2.365841999999999945e-02
2.259299000000000029e-02
2.739368000000000011e-02
3.073860999999999954e-02
2.411548999999999984e-02
2.226219999999999935e-02
2.415801999999999880e-02
2.361053000000000110e-02
2.204868999999999926e-02
2.037769999999999859e-02
2.318604999999999972e-02
2.571502999999999983e-02
2.302830999999999975e-02
2.301838000000000148e-02
2.313642000000000129e-02
2.228335000000000038e-02
2.395165000000000141e-02
2.597473000000000143e-02
2.612454999999999986e-02
2.988512999999999933e-02
3.027323999999999987e-02
2.969963999999999937e-02
2.551261000000000154e-02
2.215456999999999843e-02
2.140101999999999977e-02
2.805384000000000003e-02
4.134016000000000080e-02
4.327920999999999851e-02
3.191862000000000171e-02
2.982773000000000022e-02
3.715017000000000319e-02
4.012828999999999702e-02
3.192227000000000259e-02
3.037472999999999909e-02
2.414057000000000008e-02
3.421902000000000277e-02
5.030620000000000230e-02
7.553558999999999968e-02
1.061667399999999956e-01
1.320153599999999983e-01
1.517740599999999884e-01
1.417243900000000056e-01
1.417139900000000119e-01
1.382084600000000052e-01
1.043740999999999974e-01
6.194452999999999765e-02
3.859665999999999791e-02
3.290546999999999916e-02
3.183253999999999945e-02
2.147469999999999934e-02
2.318310999999999983e-02
2.474124000000000115e-02
2.145433999999999883e-02
1.932212999999999986e-02
