1.951560000000000100e-02
1.938749000000000028e-02
1.987198000000000089e-02
1.925690000000000041e-02
1.881522000000000056e-02
1.917964000000000127e-02
1.939035999999999885e-02
2.011684000000000042e-02
2.110617000000000049e-02
2.261900999999999842e-02
2.329358000000000123e-02
2.121746999999999869e-02
1.923671999999999882e-02
1.861416000000000112e-02
2.181960000000000149e-02
2.456465000000000037e-02
2.269855999999999957e-02
1.983897000000000091e-02
1.940267999999999854e-02
1.915363000000000135e-02
2.234888000000000152e-02
2.826945999999999973e-02
2.419632000000000033e-02
2.034201000000000065e-02
1.868705000000000019e-02
2.053506000000000081e-02
2.354830999999999938e-02
2.526876999999999943e-02
2.154299999999999965e-02
1.867807000000000148e-02
1.900351999999999944e-02
2.084934999999999913e-02
2.107826000000000144e-02
1.974452000000000151e-02
2.037515999999999980e-02
2.023256000000000013e-02
2.427750999999999867e-02
3.005936000000000025e-02
2.663799999999999848e-02
2.218795999999999963e-02
1.937356000000000147e-02
1.999592999999999857e-02
2.439635999999999888e-02
2.933896999999999894e-02
3.232779999999999682e-02
3.075922999999999852e-02
4.192578999999999750e-02
3.895425999999999750e-02
4.392080999999999763e-02
3.879152999999999768e-02
3.367449000000000137e-02
2.280441000000000065e-02
1.958232000000000028e-02
3.211090999999999945e-02
4.115860999999999825e-02
6.865269999999999706e-02
8.899364999999999359e-02
1.175498199999999993e-01
1.279686700000000066e-01
1.364780999999999911e-01
1.440572599999999925e-01
1.118382200000000021e-01
5.527648999999999757e-02
1.916027999999999828e-02
