2.098051999999999903e-02
3.486449999999999966e-02
3.152502000000000082e-02
3.565772999999999859e-02
4.607129000000000085e-02
6.341705000000000259e-02
4.633262999999999965e-02
4.658044000000000073e-02
5.895994000000000235e-02
3.845247999999999722e-02
2.810889000000000096e-02
2.872297999999999865e-02
4.181601000000000068e-02
7.275280000000000635e-02
9.118268999999999680e-02
1.492175000000000029e-01
1.670016199999999895e-01
1.605230599999999952e-01
1.186653599999999975e-01
8.573886999999999481e-02
5.842053999999999997e-02
3.280029999999999751e-02
2.369469000000000089e-02
2.092538000000000037e-02
2.038985999999999923e-02
2.526238999999999915e-02
3.007429000000000005e-02
3.257531999999999789e-02
3.576105000000000256e-02
4.989735000000000004e-02
5.430275999999999853e-02
4.394462999999999842e-02
3.521135999999999711e-02
2.956009999999999888e-02
2.963100000000000109e-02
3.042318999999999926e-02
2.523635999999999935e-02
2.135694999999999955e-02
2.273827000000000140e-02
2.362795000000000173e-02
2.306566000000000172e-02
2.103408999999999834e-02
1.922197999999999962e-02
1.870058999999999957e-02
1.986390999999999851e-02
2.067957999999999949e-02
2.161292000000000074e-02
2.146259000000000014e-02
2.172127000000000085e-02
2.916246999999999936e-02
2.891291000000000000e-02
2.450046000000000168e-02
2.347174999999999956e-02
2.116619999999999960e-02
1.951197000000000001e-02
1.994633000000000170e-02
2.408402000000000112e-02
2.506403999999999924e-02
2.605818000000000023e-02
2.171023000000000050e-02
1.933980999999999895e-02
2.108625999999999903e-02
1.938207999999999945e-02
1.897209000000000048e-02
