4.479231999999999658e-02
1.020144699999999960e-01
1.534093300000000104e-01
1.849636000000000058e-01
1.880719200000000035e-01
2.046129399999999932e-01
1.632724399999999909e-01
1.476810600000000029e-01
1.071904699999999960e-01
9.074517999999999474e-02
6.022287999999999947e-02
4.047604999999999953e-02
2.499913000000000135e-02
2.414178999999999978e-02
2.968225000000000030e-02
3.239273000000000152e-02
3.788042999999999966e-02
5.628385999999999806e-02
4.947722000000000231e-02
4.893937000000000287e-02
5.039445000000000036e-02
4.039104000000000305e-02
3.165732999999999742e-02
2.623357000000000119e-02
2.545272999999999980e-02
2.318328999999999876e-02
2.292608000000000146e-02
2.396264000000000033e-02
3.029919999999999836e-02
2.636934999999999973e-02
2.151782000000000000e-02
2.074704999999999952e-02
2.050493999999999928e-02
1.984208000000000152e-02
2.039383999999999988e-02
2.017251999999999934e-02
2.116461999999999857e-02
2.218482999999999913e-02
2.362652000000000155e-02
2.513920999999999864e-02
2.435868999999999882e-02
2.310169000000000111e-02
2.134642999999999957e-02
2.473645000000000010e-02
2.986714000000000035e-02
2.931983999999999979e-02
2.494123999999999994e-02
2.150679999999999953e-02
1.937977999999999923e-02
1.931839000000000126e-02
2.155272000000000091e-02
2.513875999999999958e-02
2.501741999999999855e-02
2.391445000000000029e-02
2.275390000000000051e-02
2.062320000000000125e-02
2.350642000000000009e-02
2.929375000000000034e-02
2.999631999999999993e-02
3.011341500000000102e-02
3.023050999999999863e-02
3.034760499999999972e-02
3.046470000000000081e-02
3.058179499999999842e-02
