1.976798999999999917e-02
2.835402999999999882e-02
2.687793000000000126e-02
2.379173000000000052e-02
2.032584000000000127e-02
2.158654000000000128e-02
2.090790000000000010e-02
2.097202000000000094e-02
2.302200999999999900e-02
2.368305999999999883e-02
2.275898999999999978e-02
2.055446999999999830e-02
2.053732999999999947e-02
2.524378000000000039e-02
2.404463999999999907e-02
3.082342999999999889e-02
2.779316999999999899e-02
1.979368999999999920e-02
2.022474999999999967e-02
2.401355999999999977e-02
2.314934999999999909e-02
2.392402999999999891e-02
2.570860999999999980e-02
2.829898000000000136e-02
3.596159000000000161e-02
4.288299999999999751e-02
4.093934999999999935e-02
2.659939999999999874e-02
2.146883000000000125e-02
2.624301999999999885e-02
2.961478999999999848e-02
3.017020999999999939e-02
3.672522000000000286e-02
4.441343999999999848e-02
5.991823000000000288e-02
6.291921999999999793e-02
7.138120000000000576e-02
6.130994000000000027e-02
3.007100999999999871e-02
2.777436999999999961e-02
4.662093999999999960e-02
1.283003699999999969e-01
1.768579299999999965e-01
2.153804599999999958e-01
2.349298900000000023e-01
2.321552600000000022e-01
2.079969500000000138e-01
1.826803499999999914e-01
1.392881900000000062e-01
6.052290999999999921e-02
4.375269999999999854e-02
3.373001999999999945e-02
2.518277000000000015e-02
3.484625999999999696e-02
5.131986999999999660e-02
4.869717999999999963e-02
5.596018999999999993e-02
5.646177000000000140e-02
6.577421999999999436e-02
8.563558999999999755e-02
7.343236000000000208e-02
4.902054000000000133e-02
2.887005999999999947e-02
2.024982000000000171e-02
