2.535004999999999897e-02
2.455461999999999922e-02
3.089849000000000068e-02
3.377828000000000080e-02
2.301749999999999977e-02
2.246787999999999910e-02
1.968193999999999846e-02
2.015605999999999995e-02
2.523463000000000095e-02
3.494179000000000035e-02
2.127447999999999839e-02
2.893309000000000158e-02
4.638085000000000124e-02
4.958731000000000250e-02
7.123986000000000207e-02
6.027259000000000089e-02
4.033604999999999829e-02
3.411287999999999820e-02
2.221170000000000089e-02
3.412102000000000190e-02
8.353302999999999423e-02
1.746409200000000050e-01
2.806830100000000106e-01
1.220000799999999969e-01
1.754022699999999990e-01
2.666719300000000015e-01
2.552899699999999772e-01
1.221998700000000021e-01
3.720367000000000118e-02
3.156690000000000190e-02
3.492307000000000050e-02
2.603259000000000128e-02
2.964187999999999892e-02
3.991784000000000304e-02
8.259238000000000690e-02
7.475144000000000233e-02
8.106747000000000258e-02
7.554995000000000460e-02
7.509006999999999488e-02
5.153528000000000275e-02
3.687457999999999708e-02
2.896856000000000084e-02
2.759125999999999940e-02
3.049953000000000039e-02
4.538441000000000003e-02
4.061972999999999973e-02
2.976969999999999963e-02
2.919371999999999939e-02
3.193175999999999654e-02
2.619660000000000044e-02
2.683599000000000054e-02
2.949264000000000052e-02
2.611149999999999929e-02
2.597266999999999978e-02
2.836069999999999910e-02
2.377065000000000081e-02
2.220946999999999852e-02
3.639302999999999982e-02
3.537639000000000061e-02
3.668119999999999714e-02
2.406975999999999907e-02
2.051224999999999923e-02
2.540974999999999831e-02
1.816320999999999908e-02
