2.285235000000000044e-02
2.729865000000000069e-02
2.733500000000000166e-02
2.331717000000000165e-02
2.212247000000000172e-02
2.398250000000000035e-02
2.293494000000000088e-02
2.186605999999999966e-02
2.189717000000000052e-02
2.465604000000000059e-02
2.398607000000000170e-02
2.357696999999999918e-02
3.307497999999999688e-02
5.720138000000000306e-02
4.512448000000000153e-02
3.303319999999999868e-02
2.373395000000000019e-02
2.397405999999999843e-02
2.492979999999999849e-02
2.712010999999999936e-02
3.615850999999999787e-02
3.318076999999999832e-02
4.029262000000000121e-02
4.187144000000000282e-02
5.032708999999999794e-02
4.207806000000000046e-02
4.749462000000000128e-02
3.585794999999999955e-02
4.097250999999999671e-02
6.046547000000000033e-02
1.127476200000000067e-01
1.473002900000000004e-01
2.110364100000000076e-01
2.615008999999999806e-01
1.778842800000000057e-01
2.125092000000000092e-01
1.449914399999999992e-01
8.429862999999999940e-02
4.856760000000000244e-02
2.516138000000000055e-02
2.543544000000000013e-02
3.712129000000000123e-02
3.980196999999999902e-02
3.973538000000000070e-02
4.241070999999999730e-02
4.831173999999999885e-02
6.826862000000000208e-02
5.698873000000000133e-02
3.185517000000000210e-02
2.424166999999999988e-02
2.230922999999999934e-02
2.307477999999999960e-02
2.148589000000000054e-02
2.632564999999999905e-02
3.587516000000000316e-02
3.442980000000000346e-02
3.105281999999999834e-02
4.159312999999999899e-02
3.662270000000000109e-02
2.679638999999999979e-02
2.423180999999999946e-02
2.538015999999999883e-02
2.044318999999999997e-02
2.050240000000000049e-02
