1.815090999999999927e-02
2.167687999999999907e-02
2.741882000000000000e-02
2.300893000000000035e-02
2.429330000000000031e-02
3.366298000000000207e-02
2.768456999999999862e-02
2.794721000000000011e-02
2.654634999999999981e-02
2.438821000000000044e-02
2.038981999999999947e-02
1.995148999999999881e-02
3.015966999999999953e-02
4.076119000000000270e-02
5.803433000000000203e-02
7.591388999999999776e-02
7.273271000000000597e-02
6.683527999999999691e-02
6.168796000000000002e-02
4.798659000000000258e-02
3.719494000000000272e-02
2.472902000000000086e-02
2.157827000000000009e-02
1.988898999999999875e-02
1.823601999999999862e-02
1.877012999999999945e-02
2.226037999999999975e-02
2.298725999999999894e-02
2.479181999999999914e-02
3.331698999999999772e-02
3.117436000000000165e-02
2.590017999999999834e-02
2.558351999999999848e-02
2.185418000000000083e-02
2.221068000000000001e-02
2.172487000000000029e-02
2.120367999999999906e-02
2.007992000000000110e-02
2.019972999999999907e-02
2.028837000000000002e-02
1.966348000000000054e-02
1.915562999999999988e-02
1.845327999999999899e-02
1.794306999999999847e-02
1.861981999999999873e-02
1.845592999999999886e-02
1.911016999999999924e-02
1.884167000000000133e-02
1.787104000000000123e-02
1.943013000000000032e-02
2.067035000000000053e-02
2.043085000000000040e-02
2.015006999999999909e-02
1.885513999999999940e-02
1.876662999999999942e-02
1.830568999999999946e-02
1.796746000000000107e-02
1.943382000000000095e-02
1.931816999999999909e-02
1.790804999999999828e-02
1.847957999999999892e-02
1.880524000000000084e-02
1.721647999999999928e-02
1.637163000000000160e-02
