2.171560999999999977e-02
3.082705000000000167e-02
3.896033000000000135e-02
3.689515000000000156e-02
4.731479999999999714e-02
5.529909000000000213e-02
4.111502000000000212e-02
2.756834000000000021e-02
2.185358999999999913e-02
2.116998000000000144e-02
3.134404999999999830e-02
6.458748999999999740e-02
9.322419999999999318e-02
1.353604499999999933e-01
1.348229900000000037e-01
1.336713300000000049e-01
1.288582699999999970e-01
9.578817000000000581e-02
5.837770999999999932e-02
3.669163999999999759e-02
2.549049999999999927e-02
2.247429000000000093e-02
2.147813000000000153e-02
2.554593999999999962e-02
2.802170000000000008e-02
3.286635000000000251e-02
4.497228000000000336e-02
4.774275000000000047e-02
3.881062999999999874e-02
3.762353999999999699e-02
3.368887000000000270e-02
2.485412999999999858e-02
2.481536999999999979e-02
2.616858000000000031e-02
2.837726999999999958e-02
2.878114999999999840e-02
2.440225999999999854e-02
2.024559999999999901e-02
2.126315999999999970e-02
2.315615999999999855e-02
2.136276999999999968e-02
1.899104000000000070e-02
1.968842000000000161e-02
2.022103000000000095e-02
1.965584000000000081e-02
1.913837999999999998e-02
2.132099000000000147e-02
2.358354000000000006e-02
2.671207999999999916e-02
2.828458999999999834e-02
2.357870999999999925e-02
2.046268999999999866e-02
1.994080999999999979e-02
2.048051000000000038e-02
2.240007999999999930e-02
2.359527000000000152e-02
2.300753000000000173e-02
2.088976999999999848e-02
2.029177999999999885e-02
2.064159999999999953e-02
2.096637999999999974e-02
2.107151000000000163e-02
2.167316000000000034e-02
1.798036999999999899e-02
