2.878920000000000090e-02
3.140561000000000047e-02
2.250800000000000023e-02
2.430662999999999921e-02
2.938458000000000042e-02
2.831428999999999890e-02
2.599842000000000125e-02
2.882109999999999880e-02
2.684189999999999840e-02
2.507453999999999933e-02
2.860528000000000029e-02
3.575431999999999916e-02
4.700200999999999685e-02
4.237185000000000257e-02
3.171612000000000042e-02
2.510901999999999926e-02
2.422306999999999932e-02
2.219770000000000076e-02
3.612407000000000118e-02
2.878365999999999911e-02
2.015008999999999897e-02
3.343236000000000124e-02
3.310454000000000174e-02
4.176138000000000072e-02
4.669395999999999963e-02
3.763836999999999738e-02
3.246182000000000234e-02
3.767907000000000201e-02
5.555845000000000228e-02
7.274228000000000638e-02
3.300531000000000298e-02
2.038016000000000133e-02
2.437763000000000083e-02
3.234195000000000125e-02
3.876519999999999966e-02
4.257437000000000027e-02
3.468581999999999915e-02
4.913192999999999727e-02
7.359891999999999823e-02
9.208716000000000124e-02
8.350662000000000362e-02
5.571803000000000172e-02
3.631651000000000323e-02
4.156597000000000069e-02
8.945108000000000226e-02
1.698565599999999898e-01
2.220095800000000119e-01
2.644159200000000265e-01
2.446088899999999955e-01
2.281030099999999949e-01
2.304243099999999933e-01
1.607126899999999914e-01
1.140175999999999967e-01
7.325789000000000606e-02
3.119326999999999864e-02
2.523409999999999889e-02
2.458145000000000122e-02
2.652886000000000133e-02
3.506113000000000285e-02
4.679951999999999723e-02
5.074751000000000262e-02
5.277311999999999975e-02
4.197307000000000121e-02
2.356513000000000010e-02
