1.683149999999999924e-02
2.400713999999999973e-02
2.487668000000000171e-02
2.219795000000000101e-02
2.126344000000000151e-02
2.290916999999999953e-02
2.177002000000000104e-02
2.541931000000000052e-02
2.854407000000000125e-02
2.577725000000000155e-02
2.611172000000000146e-02
2.203897000000000148e-02
1.899785999999999836e-02
2.100743999999999875e-02
2.285320000000000060e-02
2.834278999999999965e-02
2.342895999999999868e-02
2.065068000000000112e-02
2.286793000000000159e-02
2.951178000000000134e-02
3.194439000000000306e-02
2.999191999999999830e-02
2.932548999999999920e-02
2.088581000000000118e-02
2.067126000000000033e-02
3.219993000000000161e-02
5.495521999999999907e-02
9.904723999999999473e-02
1.035304999999999975e-01
9.943539999999999324e-02
8.396383999999999792e-02
7.491277000000000352e-02
6.756631000000000442e-02
3.961788000000000115e-02
2.347060000000000118e-02
2.083230999999999972e-02
2.057793999999999943e-02
2.281622999999999984e-02
2.507264000000000020e-02
2.973077000000000011e-02
3.363764999999999811e-02
3.630445999999999673e-02
3.877283000000000118e-02
3.625741999999999854e-02
3.127900000000000125e-02
2.312822999999999962e-02
1.897760000000000072e-02
1.969424999999999995e-02
2.208049999999999943e-02
2.589361999999999914e-02
2.578340999999999966e-02
2.320654999999999940e-02
2.375005999999999992e-02
2.039229000000000042e-02
2.094181000000000167e-02
2.232705999999999927e-02
2.089883000000000018e-02
2.120056000000000024e-02
1.993092999999999948e-02
2.283454000000000039e-02
2.422256999999999882e-02
2.066294999999999937e-02
1.827544999999999864e-02
1.692640999999999937e-02
