2.319722000000000103e-02
4.938711999999999963e-02
4.334489999999999871e-02
3.904450000000000282e-02
5.248889999999999806e-02
5.215602999999999906e-02
5.662260000000000210e-02
8.350370999999999488e-02
9.826769999999999949e-02
8.480482000000000298e-02
4.987919999999999854e-02
3.040438000000000168e-02
3.636009999999999937e-02
7.622985000000000178e-02
1.603978600000000032e-01
2.039121700000000037e-01
2.744336099999999945e-01
2.557584299999999811e-01
2.821948499999999971e-01
2.318938799999999967e-01
1.699980199999999997e-01
9.857607000000000175e-02
5.618428000000000311e-02
3.462570000000000231e-02
2.438142000000000087e-02
2.907393000000000130e-02
3.686677000000000010e-02
3.415209999999999774e-02
5.816108999999999862e-02
1.010231699999999955e-01
8.240464000000000122e-02
7.795340000000000602e-02
6.035188999999999832e-02
4.473628000000000327e-02
4.551828000000000124e-02
3.876849000000000267e-02
3.076113999999999932e-02
2.716558999999999988e-02
3.487723999999999686e-02
3.184495999999999855e-02
2.758029000000000036e-02
2.529564999999999939e-02
2.207970999999999892e-02
2.007331999999999866e-02
2.104767999999999917e-02
2.473799000000000137e-02
2.740750000000000131e-02
2.396749000000000102e-02
2.197042000000000092e-02
3.306010999999999672e-02
4.052230999999999889e-02
3.829317000000000137e-02
3.608022999999999786e-02
2.685975000000000168e-02
2.168103000000000044e-02
2.122090999999999908e-02
2.375709999999999975e-02
3.198390000000000261e-02
3.275746000000000213e-02
2.447397999999999935e-02
2.453823999999999936e-02
2.789530000000000134e-02
2.343719000000000011e-02
2.151513999999999857e-02
