1.777174000000000115e-02
1.931116000000000082e-02
1.951059999999999947e-02
2.072063000000000030e-02
2.454129999999999853e-02
2.583507000000000164e-02
2.649106000000000030e-02
2.299527999999999989e-02
1.999673000000000075e-02
1.987134000000000122e-02
2.110924999999999954e-02
2.376363000000000086e-02
2.310297999999999866e-02
2.053015999999999869e-02
1.932690000000000102e-02
2.041540999999999842e-02
2.317069000000000073e-02
2.458215000000000053e-02
2.600904000000000063e-02
2.472266999999999867e-02
2.213727999999999876e-02
2.266858000000000067e-02
2.959687000000000082e-02
2.464534000000000169e-02
2.440772999999999901e-02
2.458019999999999997e-02
2.587249999999999966e-02
3.051361000000000004e-02
2.521245999999999904e-02
2.075426000000000007e-02
2.454680000000000056e-02
2.902671999999999891e-02
3.505903999999999965e-02
4.179117999999999722e-02
4.556782000000000193e-02
3.117108000000000032e-02
2.419479000000000074e-02
3.683393000000000084e-02
4.697824999999999918e-02
4.158731999999999707e-02
3.352292999999999940e-02
3.434634999999999772e-02
4.505987000000000187e-02
5.756010999999999767e-02
5.533675999999999873e-02
4.309245999999999910e-02
3.907323000000000046e-02
3.080702000000000093e-02
2.946607999999999866e-02
6.326581000000000565e-02
8.686439999999999440e-02
1.153902599999999945e-01
1.458983600000000047e-01
1.900270900000000096e-01
1.773831100000000105e-01
1.821927399999999919e-01
1.767897599999999902e-01
1.664700199999999963e-01
1.415801200000000037e-01
9.072093000000000518e-02
5.010209000000000190e-02
3.551958999999999672e-02
2.395703999999999889e-02
1.908964999999999967e-02
