2.053723000000000007e-02
2.134925000000000017e-02
1.999153000000000041e-02
1.833900000000000113e-02
1.786570000000000172e-02
1.865326999999999957e-02
1.949112000000000067e-02
1.927854000000000026e-02
1.893921999999999967e-02
1.912745999999999891e-02
1.930043999999999857e-02
2.138636999999999830e-02
2.368668000000000162e-02
2.500700000000000145e-02
2.512785999999999839e-02
2.129431000000000032e-02
1.924729999999999844e-02
1.922273999999999858e-02
2.043056999999999859e-02
2.022084999999999855e-02
2.034796999999999995e-02
2.346113000000000018e-02
2.226942000000000157e-02
2.724820999999999840e-02
2.509248000000000034e-02
2.855457999999999955e-02
2.855440999999999882e-02
2.084895999999999971e-02
2.089461999999999917e-02
3.076351000000000085e-02
4.447032000000000068e-02
5.123938000000000104e-02
7.783761999999999626e-02
8.088233000000000228e-02
7.372518000000000127e-02
7.160911000000000359e-02
6.068886999999999893e-02
3.668956000000000300e-02
2.671182000000000070e-02
1.942106999999999861e-02
1.899427000000000060e-02
2.070349000000000148e-02
2.204590000000000022e-02
2.163017000000000065e-02
2.470481000000000066e-02
2.992268000000000011e-02
3.514006000000000074e-02
3.154615000000000197e-02
2.470502000000000115e-02
2.275560999999999903e-02
2.206713999999999898e-02
2.086013999999999924e-02
2.015126000000000070e-02
2.215755000000000155e-02
2.332675000000000026e-02
2.286882000000000151e-02
2.495663000000000048e-02
2.800358000000000014e-02
2.683788999999999966e-02
2.075089000000000100e-02
2.141755999999999868e-02
2.060454999999999925e-02
1.799326999999999871e-02
1.684323999999999891e-02
