2.212199999999999930e-02
2.493913999999999853e-02
2.194180999999999909e-02
2.190492999999999954e-02
2.057604000000000030e-02
1.933750999999999873e-02
1.858531999999999892e-02
1.944769999999999832e-02
2.194547999999999985e-02
2.484723000000000140e-02
2.274193999999999868e-02
2.010075000000000056e-02
2.100433000000000161e-02
2.308088000000000153e-02
2.320395999999999917e-02
2.259070999999999996e-02
2.308007000000000114e-02
2.250320999999999919e-02
2.035694000000000045e-02
1.920501999999999973e-02
2.253544999999999854e-02
2.317492000000000163e-02
2.257755999999999999e-02
2.055830999999999978e-02
2.027173999999999990e-02
2.146692999999999865e-02
2.296168999999999988e-02
2.479653000000000065e-02
2.444821000000000147e-02
2.766537999999999983e-02
2.839511999999999939e-02
2.887222000000000052e-02
2.509925000000000003e-02
2.346196999999999866e-02
2.121819000000000136e-02
2.521862000000000062e-02
3.474326999999999971e-02
3.554028000000000048e-02
3.007154999999999898e-02
2.698298999999999837e-02
3.371002000000000026e-02
3.646061999999999914e-02
3.678213999999999789e-02
3.638133000000000339e-02
2.975703000000000029e-02
2.744115999999999916e-02
3.282529000000000002e-02
5.108010000000000328e-02
7.535290000000000044e-02
1.086109400000000030e-01
1.264109200000000099e-01
1.177400799999999970e-01
1.250130799999999986e-01
1.171177600000000013e-01
9.090708000000000122e-02
6.286353999999999553e-02
3.974069999999999686e-02
3.396487000000000117e-02
3.033119000000000093e-02
2.219170999999999991e-02
2.249690000000000023e-02
2.323847999999999886e-02
2.141035999999999981e-02
1.849926000000000001e-02
