1.866456000000000018e-02
2.024658000000000013e-02
2.004672000000000051e-02
1.886318000000000022e-02
2.041346999999999953e-02
2.540225999999999942e-02
2.646304000000000017e-02
2.756010000000000057e-02
2.657160999999999898e-02
2.192047000000000093e-02
1.953357000000000010e-02
1.970830000000000151e-02
2.248754999999999851e-02
2.234734000000000026e-02
2.399393000000000012e-02
2.275925000000000170e-02
2.113641000000000131e-02
2.049963999999999953e-02
2.217372999999999914e-02
2.572612999999999983e-02
2.599585999999999911e-02
2.479997999999999925e-02
2.513937000000000116e-02
2.253969999999999932e-02
2.671814999999999954e-02
2.687795000000000115e-02
2.221296000000000034e-02
1.955896000000000023e-02
1.872125999999999998e-02
2.163922000000000068e-02
2.127973999999999838e-02
2.296669000000000141e-02
2.286068000000000128e-02
3.106872000000000106e-02
4.639879999999999699e-02
3.174910000000000232e-02
2.612913999999999862e-02
2.570476999999999831e-02
2.255578999999999917e-02
2.422093999999999983e-02
2.518499000000000085e-02
2.559387000000000120e-02
3.209821999999999675e-02
4.122543000000000041e-02
4.386578000000000005e-02
4.984431999999999752e-02
6.640398000000000134e-02
5.762041999999999858e-02
3.693526999999999921e-02
2.494837000000000096e-02
2.344979000000000161e-02
3.577124999999999749e-02
6.761557999999999458e-02
1.189065100000000069e-01
1.379778999999999867e-01
1.479555499999999912e-01
1.440011999999999959e-01
1.369889999999999997e-01
1.235506900000000047e-01
1.032231400000000049e-01
7.683677999999999342e-02
4.529740000000000155e-02
2.669625000000000123e-02
1.872006000000000017e-02
