2.283135000000000026e-02
2.630253000000000105e-02
2.711960000000000065e-02
2.553876999999999883e-02
2.131359999999999852e-02
2.043779999999999902e-02
1.927419999999999828e-02
2.005559000000000161e-02
2.444686999999999902e-02
2.761815000000000103e-02
2.641069999999999876e-02
2.203806000000000168e-02
2.043239000000000166e-02
2.265543000000000071e-02
2.365170000000000119e-02
2.481693000000000093e-02
2.702098000000000000e-02
2.571504999999999971e-02
2.048882000000000134e-02
1.889238000000000028e-02
2.238305000000000156e-02
2.556301000000000059e-02
2.371258000000000046e-02
2.086189999999999919e-02
1.980225999999999861e-02
2.108470999999999956e-02
2.465842999999999854e-02
3.021006000000000039e-02
2.631520999999999860e-02
2.617834000000000133e-02
2.542122000000000132e-02
2.507668999999999870e-02
2.622889000000000123e-02
2.525018000000000054e-02
2.213530999999999832e-02
2.548981999999999984e-02
2.976817000000000005e-02
3.089197999999999944e-02
2.848739999999999953e-02
2.306226999999999930e-02
2.721453999999999887e-02
3.578175000000000106e-02
3.835451000000000138e-02
4.084520999999999985e-02
3.134751000000000204e-02
2.307121000000000172e-02
2.503568999999999933e-02
3.870625999999999928e-02
6.571443000000000423e-02
9.705419999999999325e-02
1.133619200000000049e-01
1.172865800000000014e-01
1.201614599999999977e-01
1.222822300000000056e-01
9.605220000000000424e-02
6.663985999999999521e-02
4.584404999999999730e-02
3.713073000000000068e-02
2.599620999999999876e-02
2.206251000000000045e-02
2.098300000000000165e-02
2.112566999999999917e-02
2.014319999999999999e-02
1.856926999999999883e-02
