2.212599000000000163e-02
2.475882999999999903e-02
2.336817000000000061e-02
2.299835999999999894e-02
2.148154999999999856e-02
1.861613999999999977e-02
1.943695999999999965e-02
2.204048000000000118e-02
3.147638999999999992e-02
3.877333000000000168e-02
4.551414000000000154e-02
4.789109999999999895e-02
5.121462999999999710e-02
4.750577000000000272e-02
3.728889999999999982e-02
3.288013000000000047e-02
2.843226999999999907e-02
2.198293000000000122e-02
1.889342000000000105e-02
1.802294999999999939e-02
1.810820000000000138e-02
1.860550000000000051e-02
1.943620999999999890e-02
2.160048999999999997e-02
2.463094000000000047e-02
2.488071000000000033e-02
2.234871000000000080e-02
2.055405999999999900e-02
1.890665999999999874e-02
1.836509999999999879e-02
1.858684000000000031e-02
1.882957999999999854e-02
2.026682999999999957e-02
2.030024000000000065e-02
2.029629999999999976e-02
1.955275999999999889e-02
1.902819999999999859e-02
1.841090000000000088e-02
1.846060999999999883e-02
1.823906999999999959e-02
1.796290999999999860e-02
1.833105000000000151e-02
1.816208000000000058e-02
1.808480999999999977e-02
1.843476999999999963e-02
1.920147999999999994e-02
1.942595000000000086e-02
1.947797999999999891e-02
1.829247999999999985e-02
1.830234999999999848e-02
1.859181999999999849e-02
1.918655000000000013e-02
1.917808000000000013e-02
1.874030000000000140e-02
1.860567000000000124e-02
1.853596999999999884e-02
1.755931000000000158e-02
1.842401999999999929e-02
1.863346000000000099e-02
1.946405999999999831e-02
1.971828000000000122e-02
1.910186999999999996e-02
1.720808000000000060e-02
1.582998999999999865e-02
