2.466430000000000011e-02
3.142397999999999719e-02
3.040775999999999896e-02
2.839921999999999933e-02
2.738362000000000088e-02
2.542546000000000042e-02
2.183844000000000063e-02
1.878470999999999960e-02
1.805885999999999950e-02
1.858283999999999977e-02
1.855419999999999986e-02
1.843548999999999882e-02
1.973783999999999955e-02
2.077091000000000007e-02
2.263147999999999896e-02
2.166560000000000014e-02
2.137323000000000001e-02
1.999673000000000075e-02
1.901821999999999888e-02
1.880263000000000073e-02
1.873703999999999995e-02
1.828176999999999927e-02
1.813713999999999951e-02
1.732134999999999925e-02
1.828424000000000021e-02
1.838882999999999837e-02
1.833910999999999875e-02
1.847835000000000102e-02
1.807469999999999910e-02
1.791281999999999944e-02
1.825848999999999875e-02
1.849142000000000147e-02
1.801764000000000143e-02
1.784087000000000173e-02
1.780253999999999864e-02
1.803265999999999897e-02
1.834353000000000025e-02
1.862110000000000154e-02
1.822127000000000122e-02
1.830390000000000142e-02
1.796967000000000009e-02
1.872771000000000158e-02
1.932425999999999935e-02
1.860490999999999881e-02
1.808873999999999899e-02
1.788694999999999868e-02
1.836882999999999919e-02
1.871387999999999871e-02
1.826490999999999879e-02
1.820075000000000165e-02
1.856104000000000087e-02
1.782929999999999932e-02
1.799136999999999958e-02
1.842972000000000013e-02
1.862422999999999856e-02
1.831829000000000096e-02
1.844776000000000055e-02
1.857608999999999996e-02
1.803176999999999905e-02
1.858765000000000070e-02
1.880673000000000067e-02
1.865154000000000117e-02
1.714057999999999901e-02
1.608673000000000047e-02
