2.296159999999999868e-02
2.451367000000000129e-02
2.423345999999999834e-02
2.183788000000000049e-02
2.244004000000000137e-02
2.228161999999999851e-02
3.981226999999999683e-02
4.986797999999999925e-02
5.377983000000000069e-02
6.370344999999999480e-02
6.146879000000000232e-02
5.798857000000000317e-02
4.643967999999999707e-02
3.653350999999999821e-02
2.697625999999999843e-02
2.815664000000000014e-02
2.068599000000000132e-02
1.852759000000000003e-02
1.909405999999999951e-02
2.065335000000000087e-02
2.099975000000000105e-02
2.364091000000000109e-02
2.581957000000000002e-02
3.195415000000000061e-02
3.973436000000000329e-02
3.981753999999999849e-02
3.080282999999999979e-02
2.426845999999999864e-02
2.271163000000000001e-02
2.183072999999999958e-02
2.057551000000000171e-02
1.975818999999999839e-02
2.030627999999999947e-02
2.274734999999999951e-02
2.478618000000000141e-02
2.291696000000000011e-02
2.210826999999999931e-02
2.203762000000000082e-02
2.124322999999999836e-02
1.912385000000000126e-02
1.944772999999999988e-02
2.016760999999999901e-02
2.102305999999999966e-02
2.173125999999999877e-02
2.049211000000000088e-02
2.018508000000000108e-02
1.972979000000000052e-02
1.880864999999999967e-02
1.917330999999999896e-02
2.198775999999999856e-02
2.468702000000000049e-02
2.278234999999999982e-02
1.982946999999999835e-02
1.877061999999999828e-02
1.935063999999999881e-02
2.153922999999999949e-02
2.057196999999999845e-02
2.026514000000000093e-02
2.010593000000000102e-02
1.948255000000000126e-02
1.904037999999999911e-02
2.105970999999999885e-02
1.869439000000000170e-02
1.666754999999999973e-02
