1.764657999999999852e-02
2.067327000000000053e-02
2.428225999999999996e-02
2.613510000000000139e-02
2.705849999999999922e-02
2.258399000000000170e-02
1.963058999999999985e-02
2.110360000000000014e-02
2.070703999999999947e-02
2.095469000000000151e-02
2.207061999999999913e-02
2.065416999999999947e-02
1.884784999999999933e-02
1.888193000000000163e-02
2.116246999999999920e-02
2.232891999999999863e-02
2.079278999999999850e-02
1.975736000000000159e-02
2.190873000000000126e-02
2.746958999999999859e-02
3.379278000000000143e-02
3.160753000000000174e-02
2.687470000000000137e-02
2.043234000000000022e-02
2.003347999999999934e-02
2.200179999999999844e-02
2.805296999999999999e-02
2.663727999999999929e-02
2.395602999999999969e-02
2.483196000000000014e-02
2.926551999999999973e-02
3.697161000000000197e-02
2.999262999999999929e-02
2.236635000000000012e-02
2.076420000000000002e-02
2.182834000000000163e-02
3.172691999999999873e-02
5.822382000000000252e-02
8.849422999999999317e-02
9.339782000000000639e-02
1.042734300000000003e-01
9.380644999999999956e-02
7.755947000000000535e-02
5.739102000000000092e-02
3.638265999999999722e-02
2.437564999999999871e-02
2.006770999999999902e-02
1.929869999999999849e-02
1.885492999999999891e-02
2.110493000000000091e-02
2.353935000000000055e-02
2.882186999999999943e-02
3.352013000000000215e-02
3.719523000000000273e-02
4.235227999999999909e-02
4.287161999999999917e-02
3.236561999999999772e-02
2.459075000000000150e-02
2.134836999999999846e-02
1.962136000000000088e-02
1.993663999999999853e-02
2.150830999999999923e-02
2.073287000000000047e-02
1.712583999999999981e-02
