1.792262999999999842e-02
1.976067000000000101e-02
1.928115999999999858e-02
1.932004000000000013e-02
1.894848999999999839e-02
1.941787999999999847e-02
2.084948000000000010e-02
2.361948000000000172e-02
2.529141000000000028e-02
2.296505000000000074e-02
1.974069000000000171e-02
1.860267000000000170e-02
1.849326999999999915e-02
1.828420000000000045e-02
2.145433999999999883e-02
2.297023999999999941e-02
2.095264999999999975e-02
1.831262000000000167e-02
1.837696000000000121e-02
1.861768999999999924e-02
2.160238999999999909e-02
2.650040000000000034e-02
2.348671000000000092e-02
1.973971999999999880e-02
2.022024999999999864e-02
2.336244000000000168e-02
2.409820999999999838e-02
2.294645000000000018e-02
2.162665000000000073e-02
1.936668000000000070e-02
2.026023000000000060e-02
2.131740000000000024e-02
2.221590000000000023e-02
2.228464999999999960e-02
2.404094999999999843e-02
2.227931000000000009e-02
2.368189000000000058e-02
2.501787999999999929e-02
2.264945999999999973e-02
1.979784000000000058e-02
1.865423999999999902e-02
2.152466000000000101e-02
2.564810000000000006e-02
2.780981999999999899e-02
2.657448999999999922e-02
2.762991999999999879e-02
3.190562999999999733e-02
3.592668000000000250e-02
3.260932999999999887e-02
2.542637000000000022e-02
2.221050999999999928e-02
2.493793000000000051e-02
2.977654000000000065e-02
5.009834999999999983e-02
6.723734000000000655e-02
8.299407999999999785e-02
1.006124199999999941e-01
1.068334400000000017e-01
1.178451300000000063e-01
1.048273400000000050e-01
8.542648999999999382e-02
6.676790000000000502e-02
3.468758999999999731e-02
1.778098999999999999e-02
