4.087545000000000067e-02
7.423159000000000007e-02
8.218113000000000501e-02
7.238542000000000587e-02
7.032433000000000434e-02
6.920833999999999320e-02
5.174912999999999735e-02
3.548569000000000029e-02
2.694828999999999974e-02
2.657663000000000039e-02
2.435425000000000090e-02
2.297634999999999955e-02
2.349806000000000117e-02
2.330793999999999921e-02
2.632227999999999998e-02
2.810319999999999832e-02
3.227874000000000021e-02
3.435552000000000050e-02
2.819566000000000086e-02
2.358388999999999971e-02
2.098966000000000026e-02
1.975889000000000117e-02
2.051845999999999878e-02
2.016731999999999900e-02
2.266939000000000107e-02
2.171255000000000060e-02
1.904451999999999881e-02
1.949752000000000082e-02
1.971149999999999985e-02
1.997559999999999961e-02
1.971412999999999985e-02
2.068067000000000169e-02
2.025443000000000035e-02
1.921356999999999926e-02
1.892057000000000114e-02
1.877935000000000021e-02
1.862791999999999920e-02
2.001562999999999953e-02
2.089511000000000146e-02
1.971316999999999861e-02
1.875146000000000104e-02
2.029985999999999943e-02
2.183927999999999911e-02
2.234051999999999913e-02
2.214877999999999986e-02
1.882054000000000019e-02
1.847009999999999971e-02
1.865326999999999957e-02
1.981416000000000080e-02
1.966456999999999927e-02
2.016642999999999908e-02
1.997200999999999838e-02
1.896271000000000068e-02
1.906839000000000103e-02
2.022708999999999965e-02
2.159323000000000145e-02
2.045962000000000128e-02
2.027634000000000034e-02
1.991000999999999882e-02
1.845907000000000103e-02
1.948599999999999985e-02
1.902952000000000116e-02
1.819780000000000009e-02
1.669268999999999961e-02
