1.840982000000000035e-02
2.074142000000000000e-02
2.944482000000000002e-02
3.777194999999999858e-02
2.882631000000000082e-02
3.931251999999999663e-02
2.497788999999999912e-02
1.994117000000000112e-02
2.097357000000000041e-02
3.341904999999999876e-02
4.130012000000000266e-02
2.819920999999999886e-02
2.314934000000000089e-02
4.204315000000000135e-02
3.460491000000000261e-02
3.753337000000000340e-02
4.253703000000000345e-02
3.415454999999999880e-02
3.273671000000000220e-02
2.053784000000000165e-02
2.163696000000000022e-02
3.324781000000000264e-02
3.702049000000000312e-02
3.902885999999999855e-02
4.126765999999999768e-02
3.312211000000000322e-02
7.291907999999999723e-02
8.747704000000000590e-02
6.941547000000000689e-02
4.859720000000000012e-02
2.845871000000000164e-02
2.837326999999999905e-02
1.106954400000000061e-01
1.788748199999999899e-01
2.444663599999999937e-01
2.701775699999999780e-01
3.021314999999999973e-01
2.816482200000000047e-01
2.270120499999999930e-01
1.274546500000000027e-01
5.769613999999999993e-02
2.892217000000000052e-02
2.368757999999999975e-02
2.645604999999999832e-02
3.019109999999999849e-02
4.492190000000000072e-02
6.804573999999999345e-02
6.149749000000000188e-02
6.819327999999999501e-02
7.164075999999999778e-02
6.965619000000000671e-02
5.703251000000000154e-02
3.901178000000000284e-02
3.023131000000000082e-02
3.803460000000000174e-02
3.878173000000000037e-02
4.753828999999999694e-02
5.958055000000000295e-02
4.470915000000000306e-02
3.744959999999999956e-02
4.470936999999999828e-02
5.237250999999999712e-02
3.495834999999999915e-02
2.034274000000000152e-02
