1.644614999999999966e-02
1.845155000000000059e-02
1.984883000000000133e-02
2.036732999999999946e-02
2.100101999999999872e-02
2.089544000000000123e-02
1.857206999999999955e-02
1.751778000000000016e-02
1.812023000000000106e-02
2.014060999999999976e-02
2.105718999999999994e-02
2.149486999999999925e-02
2.269728000000000023e-02
2.043297999999999989e-02
2.086328999999999961e-02
2.254184000000000049e-02
2.085870000000000085e-02
1.844646000000000133e-02
1.869364000000000095e-02
1.845847000000000113e-02
1.839090000000000169e-02
2.028341000000000172e-02
2.054163000000000169e-02
2.136682999999999985e-02
2.255474999999999841e-02
2.275829000000000046e-02
2.433106000000000158e-02
2.341479000000000130e-02
2.456635999999999889e-02
2.348122000000000056e-02
1.955615000000000131e-02
1.939739999999999867e-02
2.081469999999999848e-02
2.183697999999999889e-02
2.235008000000000133e-02
2.297978999999999994e-02
2.387589000000000031e-02
2.594176999999999941e-02
2.838444999999999857e-02
2.755532000000000120e-02
2.457211999999999938e-02
2.195812000000000111e-02
2.430826999999999988e-02
3.125751000000000224e-02
3.810854999999999798e-02
5.090857000000000021e-02
6.264886000000000066e-02
6.983171000000000517e-02
5.756967999999999808e-02
5.377451999999999926e-02
4.512423000000000128e-02
4.239652000000000004e-02
2.904274999999999912e-02
2.654033000000000087e-02
1.913482000000000030e-02
1.955076999999999857e-02
1.966116999999999865e-02
2.047285000000000077e-02
2.197607000000000033e-02
2.289447000000000010e-02
2.438529999999999864e-02
2.507606999999999892e-02
2.146500000000000144e-02
1.662017000000000008e-02
