1.756260999999999933e-02
2.111593000000000150e-02
2.699597000000000108e-02
2.805954000000000087e-02
3.256993999999999861e-02
2.577934000000000128e-02
2.245952999999999838e-02
1.969028000000000098e-02
1.982696000000000111e-02
3.422423000000000132e-02
3.032346000000000000e-02
2.446169999999999942e-02
2.468340000000000117e-02
2.975838000000000094e-02
3.366700999999999722e-02
3.775524999999999715e-02
3.825197000000000319e-02
3.189569999999999905e-02
2.486359000000000138e-02
2.076164999999999955e-02
2.455411999999999872e-02
4.532048999999999800e-02
3.732909999999999701e-02
3.860236999999999696e-02
3.480816999999999939e-02
3.597834999999999922e-02
7.529843999999999427e-02
8.045217000000000340e-02
4.819611000000000034e-02
3.483018000000000225e-02
2.724332999999999963e-02
3.933592000000000338e-02
9.879272000000000054e-02
1.507806600000000108e-01
1.787469100000000088e-01
2.114224600000000065e-01
2.298072999999999921e-01
1.836588799999999966e-01
1.336486199999999958e-01
6.889090999999999965e-02
3.082972999999999963e-02
2.093764000000000042e-02
2.038188000000000152e-02
2.259420999999999999e-02
3.045515999999999848e-02
4.072183000000000053e-02
5.266164000000000261e-02
4.904341999999999729e-02
4.975799999999999668e-02
5.831341999999999776e-02
5.077390999999999849e-02
4.622748000000000135e-02
2.542252999999999874e-02
2.725373000000000032e-02
3.293184999999999862e-02
3.582223999999999825e-02
3.763402999999999887e-02
4.698638000000000120e-02
3.379987999999999743e-02
2.804854999999999848e-02
3.611713999999999897e-02
3.943868999999999847e-02
2.780430999999999875e-02
1.956143000000000118e-02
