1.843834999999999918e-02
2.087162000000000045e-02
2.651250999999999955e-02
2.764861999999999875e-02
2.736894000000000132e-02
2.423660000000000050e-02
1.954420999999999936e-02
2.142983999999999861e-02
2.110276999999999986e-02
2.090772000000000116e-02
2.293043000000000164e-02
2.016483000000000164e-02
1.914895999999999959e-02
1.946184000000000108e-02
2.264429000000000095e-02
2.233057999999999918e-02
2.122684000000000029e-02
2.153893000000000127e-02
2.389627999999999891e-02
3.678917000000000298e-02
4.218199000000000254e-02
3.472953000000000151e-02
2.613118000000000038e-02
2.452682999999999947e-02
2.645373999999999989e-02
3.058357000000000089e-02
2.984962999999999853e-02
3.318196999999999813e-02
2.826549000000000075e-02
3.738537000000000110e-02
4.381088000000000343e-02
4.786759000000000153e-02
4.398326000000000319e-02
2.862614000000000131e-02
2.356021999999999977e-02
2.961159000000000013e-02
4.637555000000000149e-02
1.089880599999999977e-01
1.429121299999999983e-01
1.524511400000000128e-01
1.619751799999999964e-01
1.401947100000000002e-01
1.173306499999999947e-01
7.013687999999999867e-02
4.250984000000000013e-02
2.842257000000000117e-02
2.072235000000000049e-02
1.916377000000000011e-02
1.980501000000000136e-02
2.326891000000000029e-02
2.864397000000000124e-02
3.637831999999999871e-02
4.659544000000000186e-02
4.761897999999999825e-02
4.661706999999999657e-02
4.934054000000000217e-02
4.110044999999999671e-02
2.499374000000000040e-02
2.174803000000000153e-02
1.869407000000000013e-02
1.964810000000000167e-02
2.115035999999999999e-02
2.228925000000000003e-02
1.742132999999999876e-02
