2.668339999999999948e-02
2.843874999999999875e-02
2.232218999999999870e-02
2.218664000000000053e-02
2.413312000000000096e-02
2.750754000000000046e-02
2.423093999999999942e-02
2.791162999999999977e-02
2.613796999999999995e-02
2.369747000000000173e-02
2.756414999999999907e-02
4.079639999999999656e-02
4.515696000000000293e-02
4.978283000000000014e-02
3.152996000000000271e-02
2.549465000000000064e-02
2.503483000000000097e-02
2.468967000000000037e-02
4.030664999999999942e-02
3.275555000000000133e-02
2.440273000000000095e-02
3.191785999999999929e-02
3.812360000000000054e-02
5.169470999999999788e-02
6.319753999999999650e-02
4.950431999999999749e-02
4.058533000000000279e-02
7.911000999999999450e-02
6.831228999999999774e-02
8.338199999999999779e-02
4.895809000000000272e-02
2.453251999999999863e-02
2.990117999999999943e-02
4.478516999999999915e-02
5.819822999999999663e-02
6.501097999999999599e-02
6.128892999999999841e-02
7.290425000000000377e-02
1.047954900000000050e-01
1.358303399999999939e-01
1.315278900000000084e-01
7.163231999999999933e-02
5.464574999999999988e-02
7.904519999999999602e-02
1.715066700000000000e-01
3.216714900000000044e-01
4.380148600000000059e-01
4.371084000000000080e-01
4.225947600000000137e-01
3.727818700000000152e-01
3.622543500000000027e-01
2.725191399999999931e-01
1.884382699999999911e-01
1.014904199999999979e-01
4.836806999999999912e-02
3.630665999999999755e-02
3.212560999999999889e-02
3.302632999999999958e-02
3.876008000000000231e-02
5.575106999999999979e-02
5.800945999999999880e-02
6.503156999999999688e-02
4.181139999999999857e-02
2.487931000000000170e-02
