4.693396999999999847e-02
5.073743000000000003e-02
2.687478999999999910e-02
2.744395000000000168e-02
3.066748000000000043e-02
2.779378000000000057e-02
3.090535000000000157e-02
4.262044999999999723e-02
3.891404999999999864e-02
2.776713000000000098e-02
2.577582999999999958e-02
4.598627999999999744e-02
6.199485999999999886e-02
6.399907000000000512e-02
4.400741999999999848e-02
2.502232999999999888e-02
1.968574000000000018e-02
2.621735999999999858e-02
4.529981000000000285e-02
3.658288999999999985e-02
2.495843000000000020e-02
2.671967000000000092e-02
3.278368000000000254e-02
4.569456000000000212e-02
5.897751999999999856e-02
3.638620000000000049e-02
3.210790000000000172e-02
3.391962999999999923e-02
6.109355000000000341e-02
6.871286999999999534e-02
4.242702000000000279e-02
2.432037999999999908e-02
2.323011000000000173e-02
3.239558000000000021e-02
3.457908999999999983e-02
4.380736999999999826e-02
4.691846000000000211e-02
4.109460000000000196e-02
5.477231999999999934e-02
6.944448000000000287e-02
7.166337999999999875e-02
5.252777000000000140e-02
3.292520000000000169e-02
2.850750999999999979e-02
5.555000999999999689e-02
1.087488199999999960e-01
1.757207799999999931e-01
2.241854500000000083e-01
2.310436999999999907e-01
2.056924099999999922e-01
2.313501699999999939e-01
1.860488999999999893e-01
1.473058899999999949e-01
8.139018000000000641e-02
5.406141999999999892e-02
3.876058999999999755e-02
2.955734999999999960e-02
2.920154000000000152e-02
3.235808999999999908e-02
4.190660999999999692e-02
4.947055999999999676e-02
5.706688000000000038e-02
4.298156999999999672e-02
2.351135999999999851e-02
