1.930455000000000018e-02
2.325079000000000035e-02
2.177669000000000132e-02
2.074045999999999876e-02
2.113169999999999979e-02
2.210727999999999999e-02
2.549480999999999969e-02
2.868276000000000159e-02
3.154349000000000042e-02
2.861040999999999931e-02
2.368208000000000119e-02
2.115229000000000067e-02
2.037664000000000142e-02
2.104906999999999959e-02
2.947456000000000034e-02
3.079056999999999975e-02
2.494166999999999912e-02
1.993875999999999982e-02
2.119015999999999955e-02
2.379743000000000136e-02
2.803285999999999972e-02
3.876472000000000251e-02
3.252101000000000297e-02
2.316578000000000040e-02
2.503394999999999926e-02
3.032245000000000079e-02
2.871237999999999915e-02
2.575059999999999849e-02
2.113993999999999943e-02
2.107053999999999871e-02
2.440213999999999925e-02
2.530487000000000014e-02
2.752695999999999962e-02
2.950242000000000142e-02
3.097358999999999876e-02
2.835843000000000044e-02
3.073151000000000008e-02
2.985758000000000162e-02
2.380240999999999954e-02
2.097858000000000014e-02
2.199881000000000059e-02
2.498865000000000114e-02
2.757186999999999832e-02
2.795672000000000088e-02
2.836696999999999830e-02
3.098483000000000140e-02
4.043406000000000083e-02
3.974898999999999794e-02
3.310454000000000174e-02
2.444127000000000105e-02
2.128441999999999834e-02
2.347443999999999920e-02
3.173598999999999865e-02
4.813250000000000167e-02
6.525142000000000442e-02
7.693614000000000008e-02
1.011969699999999972e-01
1.064561400000000047e-01
1.035074599999999956e-01
8.289056000000000202e-02
6.362645999999999580e-02
5.755248000000000308e-02
3.569222999999999840e-02
1.771332999999999935e-02
