1.688216999999999843e-02
1.830060999999999841e-02
1.855578000000000088e-02
1.907607000000000053e-02
1.987159999999999968e-02
2.033768000000000034e-02
1.945387999999999978e-02
1.881572000000000106e-02
1.814489999999999853e-02
1.899533999999999945e-02
1.950756000000000018e-02
1.955909999999999940e-02
1.910415000000000030e-02
1.927136000000000127e-02
1.846170000000000103e-02
1.919902000000000067e-02
2.007085000000000119e-02
1.967694000000000040e-02
1.964812000000000156e-02
1.895524999999999988e-02
1.892560999999999896e-02
1.895880000000000135e-02
1.977662999999999990e-02
1.949675999999999840e-02
1.908264000000000141e-02
1.904236000000000123e-02
1.936563000000000173e-02
2.044073000000000070e-02
1.913515000000000008e-02
1.871054000000000120e-02
1.886147000000000171e-02
1.942483999999999877e-02
2.057234000000000146e-02
2.092000999999999930e-02
2.101046999999999984e-02
1.969016999999999989e-02
1.834366999999999942e-02
1.965646000000000060e-02
2.064734000000000014e-02
1.992800999999999947e-02
1.938221000000000041e-02
1.988902999999999852e-02
2.223839999999999845e-02
2.460845999999999867e-02
2.408855999999999845e-02
2.151843999999999979e-02
2.147075999999999846e-02
2.010935000000000153e-02
2.167176999999999992e-02
2.780581999999999845e-02
3.236972999999999934e-02
3.662645999999999957e-02
4.154892999999999781e-02
4.792901000000000106e-02
4.656518999999999936e-02
4.015180000000000138e-02
3.649278000000000244e-02
3.190856000000000248e-02
2.921357999999999941e-02
2.419438999999999965e-02
2.073366000000000098e-02
1.947271000000000071e-02
1.729115999999999986e-02
1.606319000000000149e-02
