1.694031999999999830e-02
1.851211999999999996e-02
2.083472000000000102e-02
2.701133999999999827e-02
2.574745000000000159e-02
2.774528999999999884e-02
2.665781000000000053e-02
2.509797000000000070e-02
2.488662000000000166e-02
1.998412000000000105e-02
1.837188999999999836e-02
1.896503000000000078e-02
2.040582999999999980e-02
2.231433999999999848e-02
2.509381999999999932e-02
2.568128999999999898e-02
2.462898000000000170e-02
2.430981000000000114e-02
3.044958999999999860e-02
3.594321000000000321e-02
2.832296000000000119e-02
1.971265000000000170e-02
2.326759999999999939e-02
3.212944000000000216e-02
5.804108000000000184e-02
8.594773999999999470e-02
9.384381999999999446e-02
9.735396000000000327e-02
8.886130999999999891e-02
5.738461999999999730e-02
4.469677999999999846e-02
3.106191999999999981e-02
2.470492999999999995e-02
1.866059999999999941e-02
1.976030999999999968e-02
2.169756999999999936e-02
2.522504999999999886e-02
2.889163999999999968e-02
2.945087999999999873e-02
3.068620999999999849e-02
2.988669000000000048e-02
2.630980999999999945e-02
2.219333000000000070e-02
1.866285999999999987e-02
1.813423000000000118e-02
1.883984000000000006e-02
2.023658000000000054e-02
2.014548000000000033e-02
1.885173000000000057e-02
2.014472999999999958e-02
1.938408000000000145e-02
1.866964000000000123e-02
1.928712999999999955e-02
1.969740999999999853e-02
1.987782999999999911e-02
1.835432999999999856e-02
1.791359000000000007e-02
1.847433000000000061e-02
1.908572999999999867e-02
1.900651999999999897e-02
1.879795999999999898e-02
1.961554999999999896e-02
1.863806999999999964e-02
1.631888000000000088e-02
