1.634692999999999910e-02
1.944034999999999860e-02
1.967725000000000030e-02
1.864595999999999962e-02
1.824125000000000052e-02
1.865266000000000146e-02
1.835312999999999875e-02
1.890044999999999920e-02
1.874672999999999964e-02
1.887410999999999950e-02
1.847077999999999914e-02
1.876919999999999977e-02
1.942566999999999905e-02
1.992266999999999996e-02
1.952102000000000004e-02
1.940592999999999832e-02
1.978964999999999891e-02
1.984175999999999995e-02
2.020243000000000039e-02
1.894668000000000047e-02
1.827445999999999932e-02
1.899369999999999878e-02
2.000566000000000150e-02
1.975025999999999865e-02
1.975019000000000080e-02
1.961587999999999873e-02
1.898243999999999973e-02
1.897408999999999901e-02
1.866181999999999910e-02
1.906617000000000034e-02
1.894730999999999846e-02
1.996012000000000133e-02
2.161880000000000052e-02
2.182001000000000079e-02
2.153634999999999924e-02
2.143588000000000091e-02
2.050306000000000003e-02
2.038478999999999985e-02
1.918912000000000048e-02
1.849939000000000097e-02
1.811472999999999903e-02
1.856589000000000156e-02
1.876049999999999940e-02
1.910438000000000067e-02
1.885710000000000164e-02
1.883589999999999917e-02
1.937851000000000157e-02
1.905775999999999998e-02
1.858156000000000044e-02
1.807819999999999913e-02
1.832175000000000123e-02
1.845033999999999910e-02
1.831725000000000020e-02
1.851981999999999934e-02
1.872296000000000030e-02
1.881959999999999883e-02
1.844513000000000055e-02
1.851968000000000017e-02
1.849307999999999855e-02
1.867664999999999950e-02
1.870629000000000042e-02
1.878339999999999871e-02
1.712326000000000126e-02
1.651955999999999911e-02
