2.386720999999999981e-02
2.533788000000000012e-02
2.371525999999999842e-02
2.158861999999999934e-02
2.181985999999999995e-02
2.246311999999999962e-02
2.380298999999999957e-02
3.026322999999999860e-02
3.191102999999999995e-02
3.076446000000000042e-02
2.824025000000000146e-02
2.459696999999999925e-02
2.054684000000000024e-02
1.974992999999999888e-02
2.620793999999999901e-02
2.975879999999999845e-02
2.623340000000000047e-02
2.123683000000000168e-02
1.968771999999999883e-02
2.026990999999999862e-02
2.833464000000000121e-02
4.063065999999999900e-02
3.165136000000000338e-02
2.351200000000000165e-02
2.139912000000000064e-02
2.862680000000000086e-02
2.889173000000000088e-02
2.678207000000000157e-02
2.368734000000000117e-02
1.961332999999999827e-02
2.222879999999999995e-02
2.623365999999999892e-02
2.713252000000000025e-02
2.636861000000000066e-02
2.976784000000000027e-02
2.828067999999999901e-02
3.516397000000000272e-02
3.929383000000000181e-02
2.956146999999999941e-02
2.256951999999999917e-02
2.518634000000000150e-02
3.172613999999999990e-02
4.516168999999999739e-02
5.207529000000000324e-02
5.226950000000000346e-02
5.146123999999999837e-02
7.075676000000000188e-02
7.693287999999999516e-02
6.384370000000000323e-02
3.975657999999999970e-02
2.916443000000000160e-02
3.239941999999999822e-02
4.842450999999999700e-02
1.301808799999999988e-01
2.175733300000000092e-01
2.658724800000000221e-01
3.160425399999999829e-01
3.327982099999999832e-01
3.021287899999999804e-01
2.545385099999999956e-01
2.152450399999999986e-01
1.378376900000000127e-01
8.189606000000000663e-02
2.142553000000000166e-02
