2.669993000000000019e-02
2.803751000000000160e-02
2.367061000000000165e-02
2.178597000000000172e-02
2.226351999999999845e-02
3.163314999999999877e-02
3.195876000000000272e-02
3.325319000000000191e-02
4.756733999999999962e-02
5.406916999999999973e-02
5.627917999999999810e-02
5.619075999999999932e-02
5.416913999999999757e-02
4.496874000000000010e-02
2.902505999999999836e-02
2.328997000000000012e-02
2.802597000000000074e-02
5.300479999999999775e-02
1.086203899999999972e-01
1.488017699999999999e-01
1.755509799999999954e-01
2.027153999999999900e-01
1.770115899999999964e-01
1.367815300000000123e-01
8.852596999999999550e-02
5.421465999999999785e-02
3.350666000000000061e-02
2.374988000000000099e-02
2.945971000000000006e-02
3.469363000000000308e-02
4.137659999999999949e-02
5.933432000000000289e-02
6.850546000000000413e-02
7.819292999999999383e-02
7.224951999999999763e-02
4.618473000000000023e-02
3.738062999999999803e-02
2.901404999999999956e-02
2.622456999999999913e-02
3.036207000000000142e-02
2.946932000000000024e-02
3.274006000000000138e-02
3.270864999999999884e-02
2.163609000000000018e-02
1.840947000000000069e-02
2.026023999999999881e-02
2.082424999999999901e-02
1.990412999999999905e-02
2.116505000000000122e-02
2.282680999999999946e-02
2.699340000000000073e-02
2.612178999999999890e-02
2.274170000000000011e-02
2.120307000000000094e-02
2.296586000000000113e-02
2.622806000000000096e-02
2.500134999999999857e-02
2.451882999999999840e-02
2.498447000000000168e-02
2.601774000000000100e-02
2.346217999999999915e-02
2.588570000000000107e-02
2.122297000000000072e-02
1.816043999999999992e-02
