1.731738000000000027e-02
2.129901999999999837e-02
2.309026000000000134e-02
2.816598000000000018e-02
3.825296000000000252e-02
3.808447000000000221e-02
3.303882000000000346e-02
4.546163999999999761e-02
6.133336999999999817e-02
8.170167000000000401e-02
8.092665999999999749e-02
4.992777999999999800e-02
2.831836999999999896e-02
2.156633999999999982e-02
3.491727000000000025e-02
6.625511000000000594e-02
9.562826000000000659e-02
1.370351599999999892e-01
1.777675999999999978e-01
2.008581600000000078e-01
1.845438600000000040e-01
1.410829399999999900e-01
1.025430799999999948e-01
6.534695999999999561e-02
3.172219999999999901e-02
2.304915000000000089e-02
2.117664000000000005e-02
2.109953999999999996e-02
3.622399999999999926e-02
4.879903000000000018e-02
5.097122999999999932e-02
6.836688999999999961e-02
7.344169999999999865e-02
6.945764000000000105e-02
4.986991000000000340e-02
2.846531999999999882e-02
2.396219999999999947e-02
2.552702000000000096e-02
3.025660999999999975e-02
3.135156000000000054e-02
2.774416000000000035e-02
2.670035999999999937e-02
2.739801000000000042e-02
2.341982000000000091e-02
2.164086000000000135e-02
2.172218000000000065e-02
2.277353000000000016e-02
2.132167999999999911e-02
2.015120999999999926e-02
2.127828000000000011e-02
2.734518999999999839e-02
3.102668000000000093e-02
3.114133999999999999e-02
2.957867000000000135e-02
2.862305000000000058e-02
2.491567000000000087e-02
2.282562000000000133e-02
2.176929999999999837e-02
1.992580999999999866e-02
2.132697999999999885e-02
2.762527999999999859e-02
3.073073000000000124e-02
2.397673999999999986e-02
1.906501000000000029e-02
