1.967129000000000100e-02
3.184895000000000087e-02
4.020047999999999677e-02
3.366229999999999917e-02
3.394308000000000047e-02
4.626012999999999653e-02
4.600875000000000103e-02
4.701929999999999998e-02
5.397927999999999754e-02
4.941203000000000262e-02
3.970060000000000255e-02
2.260780000000000081e-02
3.325526000000000176e-02
6.406853999999999327e-02
8.984138999999999320e-02
1.468904299999999885e-01
1.859375400000000123e-01
1.714844000000000090e-01
1.613444699999999898e-01
1.289899499999999921e-01
1.011798700000000051e-01
5.735586000000000156e-02
3.283764000000000127e-02
2.749717999999999954e-02
2.108368999999999868e-02
2.464728999999999878e-02
2.881504999999999830e-02
2.983451999999999979e-02
3.798933000000000171e-02
5.976799000000000001e-02
5.077385999999999705e-02
4.494924000000000142e-02
3.450208999999999915e-02
2.748971000000000053e-02
2.903847000000000025e-02
2.748503999999999878e-02
2.524778000000000092e-02
2.297733999999999888e-02
2.482132999999999909e-02
2.280104000000000158e-02
2.210907999999999970e-02
2.018228000000000036e-02
1.931340999999999961e-02
1.862443000000000085e-02
2.002313000000000009e-02
2.183212000000000000e-02
2.421856000000000009e-02
2.179181000000000173e-02
1.953513000000000124e-02
2.546835999999999892e-02
3.022232000000000043e-02
3.016680000000000056e-02
2.690443000000000001e-02
2.323037999999999839e-02
1.961041000000000173e-02
2.063009000000000023e-02
2.112783999999999843e-02
2.248067000000000121e-02
2.536133000000000137e-02
2.229172999999999918e-02
2.152228000000000127e-02
2.225738999999999843e-02
2.042145999999999892e-02
1.926144999999999941e-02
