1.736551999999999887e-02
1.969109999999999958e-02
1.798390999999999879e-02
1.863901999999999920e-02
1.966131000000000129e-02
2.011603000000000002e-02
2.107900999999999872e-02
2.017926000000000095e-02
1.930971000000000076e-02
1.881636999999999893e-02
1.881682999999999967e-02
1.950543999999999889e-02
2.027419999999999917e-02
2.167234999999999995e-02
2.015145000000000131e-02
1.889934999999999879e-02
2.218308999999999906e-02
2.507513999999999924e-02
2.479744999999999866e-02
2.414381000000000166e-02
2.323367999999999961e-02
2.090600000000000097e-02
1.952158999999999839e-02
2.097569000000000169e-02
2.418034000000000155e-02
2.332518000000000091e-02
2.583523999999999890e-02
2.974107000000000139e-02
3.084734999999999908e-02
3.333712999999999954e-02
3.116170999999999872e-02
2.895953000000000069e-02
2.569070999999999855e-02
2.279563000000000075e-02
3.154226999999999725e-02
5.016149000000000302e-02
6.709015999999999591e-02
9.040434999999999444e-02
9.731839000000000461e-02
7.217906000000000322e-02
4.986053000000000013e-02
4.098104000000000330e-02
3.059595999999999844e-02
2.463289000000000104e-02
1.909970000000000070e-02
1.887638000000000163e-02
2.037823000000000065e-02
2.110889999999999989e-02
2.447774000000000130e-02
2.669091000000000172e-02
3.300092999999999777e-02
3.479966999999999783e-02
3.293307000000000179e-02
2.784972000000000142e-02
2.441101999999999855e-02
2.072457000000000119e-02
2.178959000000000104e-02
2.092410000000000103e-02
2.088026999999999939e-02
2.073391000000000123e-02
2.095897000000000038e-02
2.543331999999999884e-02
2.037742999999999846e-02
1.646163999999999961e-02
