2.626600000000000115e-02
4.949146000000000101e-02
6.863793999999999451e-02
6.609308999999999323e-02
7.832345999999999753e-02
8.057759999999999923e-02
4.921153000000000333e-02
2.819628000000000065e-02
3.117417999999999925e-02
3.399656000000000206e-02
6.355434999999999557e-02
1.453265099999999921e-01
1.937689499999999954e-01
2.402101500000000112e-01
2.257937000000000138e-01
2.456885000000000041e-01
2.336257499999999931e-01
1.663638199999999956e-01
8.199955999999999912e-02
4.904228000000000059e-02
3.432145999999999808e-02
2.729188999999999921e-02
2.905953999999999829e-02
3.613017999999999785e-02
3.985645000000000160e-02
4.927161000000000041e-02
6.947129999999999972e-02
7.013980999999999688e-02
5.861866999999999772e-02
5.017822999999999728e-02
3.855694999999999956e-02
2.942020999999999872e-02
3.569314999999999988e-02
3.711467999999999712e-02
3.667543000000000192e-02
3.834674999999999889e-02
2.924374000000000071e-02
2.470678999999999931e-02
2.242136999999999949e-02
2.721221999999999877e-02
2.507660999999999918e-02
2.100012999999999880e-02
2.186429000000000150e-02
2.429297000000000054e-02
2.218954000000000065e-02
2.136009000000000171e-02
2.689290000000000083e-02
3.163656000000000107e-02
3.399979000000000195e-02
3.744323000000000096e-02
2.799934000000000103e-02
2.184952999999999895e-02
2.291392999999999902e-02
2.465666999999999859e-02
2.682009000000000129e-02
2.969501000000000085e-02
2.938634000000000038e-02
2.181388999999999898e-02
2.207529000000000088e-02
2.574937999999999880e-02
2.483780999999999836e-02
2.713513000000000036e-02
2.462682000000000065e-02
1.969877000000000086e-02
