1.700897000000000173e-02
1.841467999999999924e-02
1.869581000000000021e-02
1.911413000000000001e-02
2.116018000000000066e-02
2.548254000000000144e-02
2.498650999999999997e-02
2.453150000000000122e-02
2.203681000000000043e-02
1.847669000000000047e-02
1.839934000000000014e-02
1.939822999999999895e-02
2.217687999999999951e-02
2.190063999999999900e-02
2.174571000000000143e-02
2.064314000000000079e-02
2.032872999999999972e-02
2.069643999999999998e-02
2.372519000000000017e-02
2.537868000000000068e-02
2.307065000000000157e-02
2.210793000000000133e-02
2.422335000000000113e-02
2.361169000000000115e-02
2.701645999999999909e-02
2.591335000000000166e-02
2.189657999999999882e-02
2.026978000000000113e-02
2.005049999999999888e-02
2.053164999999999851e-02
2.100466999999999959e-02
2.025027000000000077e-02
2.164765000000000092e-02
2.555953000000000044e-02
3.272689000000000153e-02
2.587750999999999940e-02
2.144870999999999930e-02
2.139165000000000164e-02
2.431716000000000086e-02
2.557738000000000025e-02
2.341957000000000066e-02
2.567057999999999840e-02
3.010455999999999896e-02
3.420145000000000129e-02
3.316689999999999916e-02
3.606162999999999730e-02
4.174354000000000259e-02
3.693598000000000020e-02
2.652612000000000025e-02
2.432406000000000151e-02
2.536400000000000113e-02
3.830858000000000180e-02
5.616557999999999967e-02
9.945901999999999521e-02
1.081949200000000000e-01
1.092277999999999999e-01
1.107513100000000056e-01
9.951799000000000062e-02
9.506103999999999943e-02
8.037819999999999687e-02
5.754048999999999969e-02
4.263050000000000173e-02
2.665094999999999964e-02
1.826552999999999857e-02
