1.730690999999999827e-02
2.208020000000000121e-02
2.119677000000000019e-02
2.284593000000000040e-02
2.728786999999999879e-02
3.552641000000000132e-02
3.784256999999999899e-02
3.852711000000000330e-02
3.076765999999999876e-02
2.137440999999999994e-02
2.013099000000000138e-02
2.321165000000000034e-02
3.187390999999999835e-02
3.119803000000000159e-02
2.934861999999999888e-02
2.574865000000000140e-02
2.340762999999999872e-02
2.693146000000000082e-02
3.198034000000000293e-02
3.550281000000000270e-02
3.001213000000000145e-02
2.404117000000000060e-02
3.422265000000000029e-02
3.333273999999999959e-02
4.146218000000000126e-02
3.907203000000000065e-02
3.062201000000000159e-02
2.652515000000000081e-02
2.415882999999999919e-02
2.551250999999999866e-02
2.673296000000000006e-02
2.494932000000000052e-02
2.808404999999999929e-02
4.223832999999999754e-02
5.828353000000000006e-02
4.641533999999999938e-02
3.050815000000000124e-02
2.693461000000000119e-02
2.927758000000000096e-02
3.112677000000000152e-02
2.865285000000000054e-02
2.870481999999999895e-02
3.733369999999999744e-02
5.372765000000000180e-02
6.545389000000000068e-02
7.738114999999999577e-02
1.003559499999999993e-01
9.376284000000000007e-02
5.259228999999999987e-02
3.792634999999999756e-02
3.703591999999999995e-02
6.767354000000000425e-02
1.176909399999999939e-01
2.167496800000000001e-01
2.679325599999999863e-01
2.742017199999999821e-01
2.741946599999999790e-01
2.620439500000000255e-01
2.302722500000000116e-01
1.678757399999999955e-01
1.116460600000000053e-01
7.490800000000000236e-02
3.868782999999999944e-02
2.296973999999999891e-02
