1.706755999999999898e-02
2.606469000000000147e-02
2.392058999999999852e-02
2.114405999999999924e-02
2.055183000000000010e-02
2.272369999999999945e-02
2.073461000000000054e-02
2.267510000000000012e-02
2.553998999999999853e-02
2.094837999999999908e-02
1.949829999999999966e-02
1.940303000000000166e-02
1.818120000000000153e-02
2.111485000000000098e-02
2.080583999999999906e-02
2.406741000000000089e-02
2.804858000000000004e-02
2.035717000000000082e-02
2.093874000000000082e-02
2.157645000000000049e-02
3.038965999999999890e-02
2.577453999999999856e-02
2.226770999999999959e-02
1.885092999999999838e-02
2.121371999999999841e-02
2.777568000000000051e-02
4.725338999999999928e-02
8.251912999999999609e-02
7.289339999999999709e-02
5.588469000000000075e-02
4.522305000000000075e-02
4.866615999999999997e-02
5.439012000000000013e-02
2.457840999999999845e-02
2.194248999999999852e-02
1.875196999999999975e-02
1.945672999999999847e-02
1.991155000000000008e-02
2.239939999999999987e-02
2.663456000000000157e-02
2.652124999999999969e-02
2.468613000000000057e-02
2.877775999999999945e-02
2.610304999999999917e-02
2.355708999999999928e-02
2.001429000000000055e-02
1.809037000000000145e-02
1.939505999999999869e-02
1.860886000000000137e-02
2.144377999999999909e-02
2.059862000000000151e-02
1.929445999999999939e-02
1.898653999999999967e-02
2.078518999999999853e-02
1.813905000000000031e-02
1.839263999999999830e-02
1.839462000000000041e-02
1.830272999999999969e-02
1.878615999999999966e-02
2.044802000000000078e-02
2.126808999999999991e-02
1.865375999999999840e-02
1.913855999999999891e-02
1.675661000000000164e-02
