2.299230999999999844e-02
2.577159000000000047e-02
2.469332999999999945e-02
2.261300000000000116e-02
2.282763000000000153e-02
2.150923999999999892e-02
2.062657999999999853e-02
1.849891999999999856e-02
1.743130000000000027e-02
1.831083999999999837e-02
1.875457999999999986e-02
1.856063000000000157e-02
1.834424999999999945e-02
1.909916000000000044e-02
1.896460999999999980e-02
1.928689999999999918e-02
1.820433999999999941e-02
1.828302000000000052e-02
1.792946999999999944e-02
1.782954000000000136e-02
1.773092999999999891e-02
1.808718999999999952e-02
1.790136000000000158e-02
1.764026000000000136e-02
1.783461999999999895e-02
1.782351000000000074e-02
1.772939999999999933e-02
1.811737999999999890e-02
1.805818000000000006e-02
1.795147999999999883e-02
1.815929999999999975e-02
1.819780000000000009e-02
1.832359999999999892e-02
1.837818000000000090e-02
1.801298000000000135e-02
1.801933000000000007e-02
1.823581999999999981e-02
1.904242999999999908e-02
1.848785000000000012e-02
1.820048999999999972e-02
1.780419000000000099e-02
1.890220999999999915e-02
1.945014000000000118e-02
2.027786999999999992e-02
1.932599000000000122e-02
1.812976000000000171e-02
1.972619999999999929e-02
1.990876999999999925e-02
1.928351000000000023e-02
1.868152000000000007e-02
1.874500999999999945e-02
1.811735000000000081e-02
1.848806999999999881e-02
1.925964000000000148e-02
1.945921999999999930e-02
1.934935000000000127e-02
1.906342000000000106e-02
1.838841000000000087e-02
1.898642999999999859e-02
1.861006999999999939e-02
1.917819999999999941e-02
1.940961000000000075e-02
1.664436999999999861e-02
1.600336000000000120e-02
