1.726530000000000079e-02
1.888259000000000118e-02
2.125720000000000040e-02
2.297240000000000046e-02
2.683701000000000142e-02
2.403583999999999929e-02
1.922265999999999905e-02
1.874274000000000079e-02
1.884747999999999979e-02
2.067439000000000082e-02
2.150969000000000145e-02
2.174846999999999891e-02
1.920438999999999827e-02
1.863891999999999979e-02
1.892796999999999882e-02
2.103605999999999879e-02
2.075859000000000038e-02
1.967291999999999999e-02
1.996449999999999961e-02
2.268714000000000147e-02
2.720461000000000060e-02
2.718529999999999905e-02
2.665036999999999962e-02
2.227426999999999879e-02
2.051274999999999973e-02
1.976094000000000114e-02
2.345182999999999990e-02
2.479564999999999894e-02
2.266427000000000025e-02
2.348348000000000102e-02
2.446639999999999926e-02
2.960909999999999931e-02
3.065241999999999967e-02
2.396074999999999941e-02
2.141795000000000157e-02
1.985813000000000161e-02
2.094398000000000093e-02
3.499590000000000339e-02
5.506127999999999717e-02
6.564419000000000504e-02
7.487723999999999769e-02
8.356648999999999328e-02
7.117130000000000678e-02
6.056363000000000024e-02
4.583249999999999824e-02
3.410788000000000014e-02
2.599469000000000085e-02
2.122136999999999982e-02
1.868908000000000028e-02
1.974590000000000026e-02
2.081242000000000161e-02
2.234629999999999950e-02
2.801191999999999918e-02
3.122503000000000084e-02
3.930638999999999661e-02
4.465497000000000216e-02
3.647480000000000167e-02
2.988760000000000028e-02
2.545742000000000144e-02
2.362795999999999993e-02
2.092323999999999920e-02
1.994125999999999885e-02
1.917369000000000018e-02
1.706028000000000058e-02
