2.117640999999999968e-02
2.409698999999999869e-02
2.571736999999999981e-02
3.266307000000000238e-02
2.889656000000000169e-02
4.894421999999999662e-02
4.611459999999999865e-02
4.616246000000000238e-02
3.417234999999999717e-02
2.359011999999999915e-02
1.925881000000000121e-02
2.031151999999999958e-02
2.534126999999999907e-02
3.207196999999999826e-02
5.296917000000000292e-02
4.670550999999999869e-02
3.973386000000000279e-02
4.156751999999999669e-02
4.780283999999999922e-02
6.369893999999999556e-02
4.485544999999999810e-02
2.428098000000000062e-02
2.772954000000000044e-02
5.866496999999999684e-02
1.350222500000000103e-01
2.016692900000000011e-01
2.171043500000000015e-01
2.332967400000000024e-01
1.857186100000000062e-01
1.183951899999999974e-01
8.491819000000000450e-02
6.271889999999999410e-02
3.922756000000000159e-02
2.211377000000000134e-02
2.580311999999999883e-02
2.821212999999999846e-02
3.787068999999999852e-02
5.012888000000000066e-02
4.808074999999999849e-02
4.947722999999999705e-02
4.916954999999999937e-02
4.275248000000000242e-02
3.039543000000000106e-02
2.301192000000000168e-02
2.147852000000000094e-02
2.249651000000000081e-02
2.543047000000000016e-02
2.411999999999999908e-02
2.325991000000000170e-02
2.475337999999999844e-02
2.258374999999999966e-02
2.205096999999999960e-02
2.381167000000000006e-02
2.506028999999999896e-02
2.151557000000000122e-02
1.946832000000000076e-02
1.998344000000000162e-02
1.965665999999999941e-02
2.060483000000000106e-02
2.079514999999999836e-02
2.127909000000000050e-02
2.485926999999999928e-02
2.305306999999999842e-02
1.793083999999999997e-02
