1.655939999999999843e-02
1.893312000000000120e-02
2.023097999999999910e-02
1.988855999999999957e-02
1.849225999999999995e-02
1.855166000000000107e-02
1.812331000000000011e-02
1.779767999999999975e-02
1.834447999999999981e-02
1.982396000000000158e-02
2.035758000000000012e-02
1.929366000000000067e-02
1.876689000000000135e-02
1.857750999999999847e-02
2.015598999999999863e-02
2.155344000000000010e-02
2.034365999999999952e-02
1.803692999999999963e-02
1.764349000000000126e-02
1.847071999999999950e-02
1.895627000000000076e-02
1.921194999999999847e-02
1.880300999999999848e-02
1.892726000000000131e-02
2.095669000000000004e-02
2.365634000000000139e-02
2.369204000000000102e-02
2.165811000000000125e-02
1.983597999999999958e-02
1.901734999999999884e-02
1.868467999999999865e-02
2.023085999999999982e-02
2.110638000000000097e-02
2.197703999999999977e-02
2.366752999999999912e-02
2.490163999999999919e-02
2.523732999999999879e-02
2.604967999999999867e-02
2.428635999999999989e-02
2.084607999999999947e-02
1.929907000000000150e-02
2.342643000000000156e-02
3.430394999999999972e-02
4.215239999999999959e-02
5.071061000000000318e-02
5.767900000000000110e-02
6.114279000000000241e-02
5.937345000000000123e-02
5.041443000000000313e-02
3.275593000000000254e-02
3.150404999999999872e-02
2.679228999999999986e-02
2.149823000000000012e-02
1.991829000000000169e-02
1.927840999999999930e-02
1.961001999999999884e-02
2.092197000000000154e-02
2.171566000000000121e-02
2.294896999999999909e-02
2.622454999999999925e-02
2.682939000000000157e-02
2.412579000000000112e-02
2.093683000000000002e-02
1.649402999999999980e-02
