1.484515999999999961e-02
2.708369999999999875e-02
2.572266000000000136e-02
1.975357000000000154e-02
1.924903000000000031e-02
2.078168000000000029e-02
1.882077000000000055e-02
1.943454999999999835e-02
2.107192999999999913e-02
2.354764000000000163e-02
2.155895000000000034e-02
2.423122999999999944e-02
2.876706999999999875e-02
3.033403000000000141e-02
3.342284999999999701e-02
2.881618999999999847e-02
2.230307000000000123e-02
1.856984000000000065e-02
2.042106999999999950e-02
3.383788000000000074e-02
4.730125999999999775e-02
7.415895000000000126e-02
8.197208999999999746e-02
6.747509999999999619e-02
5.501624000000000098e-02
5.248285999999999923e-02
4.106459999999999971e-02
2.643846000000000043e-02
2.203157000000000032e-02
1.845027999999999946e-02
1.853625999999999885e-02
2.154858999999999941e-02
2.299783000000000036e-02
2.772884999999999933e-02
3.701298000000000088e-02
3.139610000000000317e-02
3.225158000000000191e-02
3.217806000000000138e-02
2.773470999999999922e-02
2.258701000000000111e-02
2.249342999999999829e-02
2.244095999999999938e-02
2.132888000000000145e-02
1.936946999999999974e-02
2.008240000000000025e-02
2.059342000000000117e-02
2.044311999999999865e-02
1.869923000000000071e-02
1.915820000000000023e-02
1.913466000000000125e-02
2.122744000000000020e-02
2.051800999999999972e-02
1.879458999999999991e-02
1.830663000000000082e-02
1.873346000000000039e-02
1.987061999999999856e-02
2.021689000000000125e-02
2.303099000000000118e-02
2.513498000000000121e-02
2.180342999999999865e-02
1.881437000000000040e-02
1.821209000000000022e-02
1.696233999999999936e-02
1.656120000000000161e-02
