1.746214999999999920e-02
2.056621000000000143e-02
3.220210999999999907e-02
4.079156999999999922e-02
4.053290999999999838e-02
3.433958000000000149e-02
2.121299000000000101e-02
2.298077000000000106e-02
2.263487000000000138e-02
2.279507999999999882e-02
2.808727000000000099e-02
2.448710000000000123e-02
2.023180999999999938e-02
1.949323000000000028e-02
2.157254999999999936e-02
3.184630000000000100e-02
2.634364000000000150e-02
2.177946000000000049e-02
2.498573999999999934e-02
4.081454999999999805e-02
5.632766000000000162e-02
4.303855999999999654e-02
3.909615000000000312e-02
2.866457999999999853e-02
2.141585999999999837e-02
3.094633000000000106e-02
4.102022000000000307e-02
3.317930999999999658e-02
3.974302999999999864e-02
5.209292000000000089e-02
5.612787000000000331e-02
5.781475999999999976e-02
3.700351000000000334e-02
2.387397999999999951e-02
2.458890999999999855e-02
3.409591000000000011e-02
5.048936999999999869e-02
9.144304999999999795e-02
1.359557700000000036e-01
1.582483600000000046e-01
2.012127200000000116e-01
1.546159799999999862e-01
1.053078900000000012e-01
7.735794000000000004e-02
4.478988999999999887e-02
3.168644999999999795e-02
2.259627999999999984e-02
2.077249999999999930e-02
1.950848999999999986e-02
2.376887000000000097e-02
3.006524000000000002e-02
3.848352000000000023e-02
4.896007000000000137e-02
5.340732000000000118e-02
5.522151000000000143e-02
6.445985999999999383e-02
4.596626000000000184e-02
2.816816000000000111e-02
2.344836000000000142e-02
2.027879999999999960e-02
2.004989000000000077e-02
2.251086999999999880e-02
2.254178999999999905e-02
1.870236000000000121e-02
