2.149797999999999987e-02
2.102305000000000146e-02
1.976100999999999899e-02
2.291226999999999847e-02
2.243627000000000121e-02
2.009135000000000087e-02
1.806220999999999868e-02
1.787388999999999992e-02
2.177217999999999862e-02
2.323692999999999939e-02
2.491482999999999892e-02
2.910839999999999955e-02
2.392860000000000126e-02
2.161665999999999935e-02
2.217401000000000094e-02
2.170336000000000140e-02
1.979507000000000141e-02
2.154384000000000160e-02
2.626072999999999949e-02
2.466609000000000163e-02
2.686848999999999835e-02
3.349851999999999691e-02
2.791822999999999874e-02
2.750576000000000063e-02
2.416723999999999956e-02
2.621534999999999838e-02
2.321387999999999924e-02
2.574840000000000115e-02
2.695327999999999960e-02
2.231344999999999856e-02
1.954006000000000146e-02
2.200192000000000120e-02
2.326993999999999937e-02
2.169509000000000021e-02
2.588137000000000076e-02
2.540639999999999912e-02
3.018529000000000004e-02
3.644801999999999764e-02
3.399869999999999975e-02
2.926366000000000037e-02
2.481202999999999881e-02
2.217726000000000072e-02
2.166629999999999945e-02
2.981885000000000091e-02
3.909176999999999791e-02
4.160926999999999681e-02
4.506022999999999973e-02
3.947782999999999848e-02
4.580253000000000102e-02
4.741569999999999813e-02
5.296971999999999792e-02
4.819178999999999824e-02
3.224915999999999894e-02
3.355386999999999953e-02
4.591653999999999874e-02
7.370442000000000660e-02
1.125419000000000003e-01
1.578272099999999956e-01
1.863394999999999913e-01
2.125028099999999864e-01
2.270550100000000016e-01
2.287031999999999954e-01
1.200079200000000040e-01
2.138709999999999917e-02
