2.699133999999999908e-02
3.871697000000000333e-02
4.226807999999999954e-02
3.604501999999999706e-02
3.756252999999999675e-02
2.542200999999999836e-02
1.898914999999999978e-02
1.950868000000000047e-02
2.554392000000000121e-02
2.194431000000000159e-02
2.107320000000000026e-02
2.081813999999999887e-02
2.198284000000000002e-02
3.207792000000000282e-02
3.203647999999999912e-02
3.068235000000000059e-02
2.880502000000000062e-02
2.295084000000000013e-02
1.942344000000000015e-02
1.979747000000000104e-02
3.054621999999999893e-02
4.478341999999999740e-02
5.300094000000000333e-02
6.258207000000000353e-02
6.343171999999999700e-02
7.020806999999999742e-02
5.476613000000000314e-02
4.528577999999999770e-02
3.382257999999999792e-02
2.466194000000000025e-02
2.055540000000000145e-02
2.063699000000000089e-02
2.041708000000000064e-02
2.334750000000000020e-02
2.721772999999999901e-02
2.866401000000000018e-02
3.406340000000000062e-02
4.401824000000000014e-02
3.578713000000000033e-02
2.619292000000000148e-02
2.173359000000000055e-02
1.947959000000000149e-02
2.045949999999999852e-02
2.326351999999999934e-02
2.431782999999999861e-02
2.178733999999999879e-02
2.271808999999999981e-02
2.245518999999999987e-02
2.098192000000000113e-02
2.012065000000000034e-02
2.116432999999999856e-02
1.998095000000000079e-02
1.977939000000000086e-02
2.203841999999999954e-02
2.332292999999999866e-02
2.049439000000000122e-02
1.863184999999999841e-02
2.411111000000000157e-02
2.575140000000000068e-02
2.566987999999999909e-02
2.422405000000000044e-02
2.306093999999999852e-02
2.060524000000000036e-02
1.717712000000000058e-02
