1.823287000000000171e-02
2.036220999999999864e-02
1.924222999999999906e-02
1.830423000000000119e-02
1.890481999999999926e-02
2.032337000000000032e-02
2.190332999999999863e-02
2.443700000000000039e-02
2.619482000000000060e-02
2.280230000000000104e-02
2.096053999999999973e-02
1.976324000000000136e-02
1.882363000000000092e-02
1.961774999999999977e-02
2.507331000000000143e-02
2.515751000000000098e-02
2.243656000000000122e-02
1.915648000000000004e-02
1.961393999999999985e-02
2.074985000000000024e-02
2.234014000000000139e-02
2.820701999999999932e-02
2.491093000000000127e-02
2.114451999999999998e-02
2.113703999999999930e-02
2.487498999999999960e-02
2.495800000000000102e-02
2.329577000000000037e-02
2.107033000000000170e-02
1.933075999999999892e-02
1.993897000000000030e-02
2.208840000000000109e-02
2.313633000000000009e-02
2.272077000000000124e-02
2.377635000000000165e-02
2.298651000000000166e-02
2.653801000000000077e-02
2.872564999999999841e-02
2.357994000000000062e-02
1.936857000000000162e-02
1.879348999999999950e-02
2.130661000000000013e-02
2.508948999999999901e-02
2.765097000000000041e-02
2.752595999999999862e-02
2.900944999999999913e-02
3.610080999999999707e-02
3.776987999999999873e-02
3.669565999999999800e-02
2.906390999999999836e-02
2.581924999999999845e-02
2.172908999999999952e-02
2.321366000000000054e-02
4.094898000000000288e-02
5.577259999999999857e-02
7.210486000000000673e-02
8.675038999999999667e-02
9.363378999999999452e-02
1.008624600000000010e-01
9.085387999999999797e-02
8.535070999999999630e-02
6.751213000000000353e-02
3.619354000000000321e-02
1.785569000000000045e-02
