2.017489999999999908e-02
2.658028999999999947e-02
2.294070999999999957e-02
2.523243999999999834e-02
2.009044000000000108e-02
1.858005000000000073e-02
1.825620000000000021e-02
1.935113000000000111e-02
1.941475000000000145e-02
2.166150000000000020e-02
1.948625999999999830e-02
2.032279999999999850e-02
2.193256000000000025e-02
2.336461999999999914e-02
2.454440999999999914e-02
2.282727000000000020e-02
2.029904000000000083e-02
1.861356000000000122e-02
1.812723000000000112e-02
1.909187000000000037e-02
2.378736999999999865e-02
2.889125000000000026e-02
3.076600999999999989e-02
3.180732000000000004e-02
3.357334000000000013e-02
3.026461999999999902e-02
2.675291999999999948e-02
2.173191999999999832e-02
2.027061999999999961e-02
1.747055999999999956e-02
1.855588999999999850e-02
1.854162999999999992e-02
1.864704000000000014e-02
1.828996000000000094e-02
1.924042999999999934e-02
1.932274999999999965e-02
2.055136999999999936e-02
2.200790000000000038e-02
2.103758000000000017e-02
1.911919000000000118e-02
1.804290999999999881e-02
1.822098999999999941e-02
1.820280000000000162e-02
1.845923999999999829e-02
1.894283000000000078e-02
1.868631000000000111e-02
1.799734000000000056e-02
1.857908999999999949e-02
1.818830999999999920e-02
1.808152999999999844e-02
1.833511000000000168e-02
1.816343999999999945e-02
1.806848000000000135e-02
1.835410000000000166e-02
1.898934999999999859e-02
1.867291000000000090e-02
1.803768000000000038e-02
1.872582999999999886e-02
2.007379999999999928e-02
1.943763999999999909e-02
1.875454999999999831e-02
1.890920000000000101e-02
1.750863000000000072e-02
1.596875000000000031e-02
