2.027636000000000022e-02
2.020829999999999849e-02
1.883417999999999898e-02
1.883448000000000067e-02
2.038453000000000140e-02
1.973725999999999953e-02
1.836685000000000054e-02
1.975007999999999972e-02
2.002111000000000168e-02
1.982818999999999901e-02
2.137402000000000052e-02
2.880388999999999866e-02
2.458240999999999898e-02
2.625245999999999830e-02
2.875306999999999863e-02
2.512191999999999897e-02
1.849976999999999872e-02
2.031142999999999837e-02
2.258651999999999882e-02
2.054722000000000146e-02
2.043137000000000078e-02
2.409541999999999934e-02
2.882625000000000118e-02
3.307738999999999818e-02
2.940498000000000070e-02
4.059481000000000200e-02
2.766783999999999910e-02
1.990012000000000031e-02
2.565860000000000016e-02
3.024910999999999919e-02
5.379588999999999899e-02
6.578649999999999776e-02
1.035538200000000048e-01
6.279279000000000110e-02
4.373910000000000298e-02
7.736978999999999385e-02
5.421138000000000345e-02
3.371848999999999680e-02
2.415406999999999971e-02
2.070427999999999852e-02
2.219905000000000142e-02
2.775077999999999920e-02
3.242644000000000082e-02
3.026828999999999978e-02
3.255529000000000062e-02
3.311101000000000322e-02
3.822591000000000183e-02
2.813186000000000159e-02
2.345579000000000067e-02
1.967643000000000170e-02
1.889688000000000132e-02
1.945474999999999982e-02
2.025800000000000170e-02
2.249467000000000133e-02
2.203756000000000118e-02
2.196330000000000157e-02
2.242291000000000076e-02
2.647162000000000126e-02
2.779347000000000067e-02
2.049546999999999827e-02
2.082617000000000149e-02
2.011877000000000110e-02
1.800076000000000107e-02
1.749981000000000106e-02
