4.384642999999999874e-02
5.274622000000000338e-02
3.876378999999999936e-02
2.504340999999999859e-02
2.770709999999999840e-02
2.996518000000000098e-02
2.780950000000000089e-02
3.049154000000000100e-02
4.279725000000000196e-02
4.574132000000000198e-02
5.608247999999999706e-02
7.476509000000000627e-02
9.153764000000000345e-02
1.025407500000000000e-01
7.744905000000000539e-02
4.304455000000000087e-02
2.155001000000000139e-02
3.514166999999999985e-02
9.342744000000000049e-02
1.562332100000000112e-01
2.473250300000000013e-01
2.839171600000000018e-01
2.605187900000000001e-01
2.103195599999999887e-01
1.684734699999999863e-01
1.239754400000000062e-01
6.591426999999999703e-02
3.619159999999999738e-02
2.834719999999999948e-02
2.846838000000000146e-02
3.652020999999999740e-02
4.869882999999999851e-02
5.118617999999999779e-02
7.207096000000000335e-02
7.912695000000000145e-02
6.248175000000000257e-02
6.282285999999999426e-02
5.110979000000000216e-02
3.887115000000000015e-02
3.570543000000000328e-02
3.747430000000000205e-02
3.550319999999999865e-02
2.712379999999999999e-02
2.208904999999999896e-02
2.252004999999999979e-02
2.636600999999999875e-02
2.327345000000000108e-02
2.069937000000000166e-02
2.362152000000000002e-02
2.679646000000000111e-02
3.380546999999999719e-02
3.148581999999999770e-02
2.240926000000000029e-02
2.056801000000000115e-02
2.194132999999999847e-02
2.590322000000000111e-02
2.594807999999999837e-02
3.518199999999999800e-02
4.407472999999999946e-02
3.314852000000000076e-02
2.260587000000000013e-02
2.383572999999999942e-02
2.137054999999999857e-02
2.102961999999999887e-02
