1.771257000000000040e-02
2.201281999999999892e-02
2.243656999999999943e-02
2.432327000000000100e-02
3.063128000000000031e-02
2.995128000000000026e-02
2.986360999999999877e-02
3.623094000000000314e-02
5.022511000000000336e-02
6.470600999999999436e-02
6.025839999999999669e-02
3.567204999999999682e-02
2.311946000000000140e-02
2.126708000000000071e-02
3.359862999999999739e-02
6.235153999999999697e-02
7.849712999999999830e-02
1.003702900000000009e-01
1.288634399999999958e-01
1.414120000000000099e-01
1.300696699999999983e-01
9.928897999999999890e-02
7.267845000000000555e-02
4.123526000000000274e-02
2.532275000000000151e-02
2.095313000000000037e-02
2.056304000000000118e-02
2.026373999999999884e-02
2.672344999999999929e-02
4.106313999999999798e-02
4.095876999999999851e-02
4.435929999999999734e-02
4.881251999999999813e-02
4.511091999999999880e-02
3.508051000000000225e-02
2.379966000000000026e-02
2.271302000000000043e-02
2.389799000000000090e-02
2.757495000000000085e-02
2.619155000000000094e-02
2.342694000000000026e-02
2.315129999999999966e-02
2.370531000000000027e-02
2.115370999999999918e-02
1.958765999999999979e-02
1.991495000000000071e-02
2.084319000000000102e-02
2.182637999999999939e-02
1.989296000000000120e-02
2.025611999999999899e-02
2.435601999999999906e-02
2.640435000000000004e-02
2.787618999999999861e-02
2.781439999999999954e-02
2.361330000000000026e-02
2.120748000000000077e-02
1.987473000000000017e-02
2.043547000000000072e-02
1.943546000000000162e-02
2.017468999999999860e-02
2.437898999999999969e-02
2.520644000000000010e-02
2.112959999999999838e-02
1.785621999999999904e-02
