4.522545000000000037e-02
9.837970000000000048e-02
1.293805700000000003e-01
1.503584099999999979e-01
1.763246199999999875e-01
1.786149099999999879e-01
1.602794200000000058e-01
1.334685999999999928e-01
9.733485999999999527e-02
8.787485999999999908e-02
5.361765000000000281e-02
3.316208999999999824e-02
2.522347999999999951e-02
2.628861999999999866e-02
2.964688000000000045e-02
3.082560999999999982e-02
3.899111000000000243e-02
5.641754000000000213e-02
4.662163999999999892e-02
4.080948999999999688e-02
3.976559000000000343e-02
3.433479999999999865e-02
2.929686999999999916e-02
2.610248000000000082e-02
2.632367999999999861e-02
2.354641000000000026e-02
2.059274999999999994e-02
2.350332999999999936e-02
2.800060999999999869e-02
2.745453999999999950e-02
1.993585999999999969e-02
1.936279999999999946e-02
1.936455000000000121e-02
1.965953999999999965e-02
1.986631999999999981e-02
2.040223000000000037e-02
1.990236999999999909e-02
2.013538999999999954e-02
2.089306000000000149e-02
2.662147999999999945e-02
2.287221999999999866e-02
2.202950999999999868e-02
2.002939999999999929e-02
2.252546000000000062e-02
2.556910000000000086e-02
2.496345999999999982e-02
2.259246999999999991e-02
1.976197999999999844e-02
1.962273999999999963e-02
1.948309999999999972e-02
2.078574000000000047e-02
2.429279000000000160e-02
2.391967999999999872e-02
2.437724000000000141e-02
2.269817999999999836e-02
2.050762000000000071e-02
2.341686000000000115e-02
2.802957000000000018e-02
2.617331999999999992e-02
2.225390999999999828e-02
2.044883999999999938e-02
1.827403000000000013e-02
1.844985000000000028e-02
1.805160000000000098e-02
