2.451203999999999883e-02
2.718558999999999906e-02
2.188634999999999886e-02
2.089757999999999893e-02
1.880431999999999937e-02
1.849514000000000019e-02
1.914346999999999924e-02
2.087603000000000028e-02
2.319304999999999978e-02
2.262845000000000134e-02
2.137098999999999943e-02
2.006327000000000110e-02
2.241533000000000067e-02
2.609327999999999995e-02
2.391783000000000103e-02
2.045301999999999884e-02
2.017481999999999956e-02
2.010347999999999996e-02
2.194205999999999934e-02
1.959665999999999839e-02
2.099012000000000100e-02
2.315802999999999959e-02
2.025969999999999854e-02
2.234355000000000022e-02
2.272599999999999967e-02
2.221046000000000131e-02
2.250699999999999923e-02
2.346557999999999977e-02
2.478239000000000136e-02
3.014738000000000140e-02
2.967964000000000019e-02
2.628679999999999906e-02
2.249359000000000081e-02
2.000557000000000030e-02
1.972428000000000028e-02
2.501182000000000058e-02
2.869537000000000129e-02
2.807443999999999912e-02
2.512891000000000083e-02
2.582502999999999882e-02
3.273448999999999803e-02
3.899318999999999702e-02
3.501772000000000218e-02
2.919464999999999907e-02
2.401939999999999978e-02
2.852147999999999836e-02
3.597166999999999726e-02
5.027067000000000341e-02
7.749809000000000558e-02
1.051599200000000039e-01
1.181886600000000009e-01
1.049096699999999965e-01
9.966345000000000065e-02
9.867204999999999726e-02
7.194488000000000272e-02
4.441446999999999756e-02
2.986770999999999870e-02
2.343490000000000156e-02
2.087856999999999907e-02
1.911136999999999905e-02
1.999456000000000150e-02
2.228213999999999889e-02
2.102342000000000100e-02
1.806740000000000082e-02
