2.362821000000000018e-02
4.169384000000000284e-02
3.694425999999999960e-02
3.363050000000000067e-02
2.959697999999999843e-02
2.542478000000000099e-02
2.335216999999999848e-02
1.996755999999999878e-02
1.856485000000000080e-02
1.881029000000000034e-02
1.900249000000000035e-02
1.906441999999999859e-02
2.055780000000000107e-02
2.334276999999999880e-02
2.603549000000000141e-02
2.685935999999999879e-02
2.622462000000000057e-02
2.556227999999999972e-02
2.348677000000000056e-02
2.128849999999999840e-02
1.998515000000000014e-02
1.972205999999999959e-02
1.841063000000000074e-02
1.834587000000000023e-02
1.943848999999999924e-02
2.043274999999999952e-02
1.945529999999999829e-02
1.845764000000000085e-02
1.858577999999999966e-02
1.820569000000000007e-02
1.949419999999999972e-02
1.986510999999999832e-02
1.943235999999999922e-02
1.775811000000000056e-02
1.837677999999999881e-02
1.822705000000000158e-02
1.842480000000000159e-02
1.896101000000000036e-02
1.858378999999999934e-02
1.795381000000000060e-02
1.752841999999999942e-02
1.894235000000000016e-02
1.901738999999999860e-02
1.933740000000000112e-02
1.835857000000000114e-02
1.809544000000000083e-02
1.870869000000000004e-02
1.892067000000000054e-02
1.819433000000000161e-02
1.788450999999999930e-02
1.815400000000000000e-02
1.789160000000000056e-02
1.763346999999999831e-02
1.796168000000000070e-02
1.801584999999999992e-02
1.845387999999999890e-02
1.777420000000000042e-02
1.781067999999999887e-02
1.767965000000000161e-02
1.804044000000000134e-02
1.752623999999999849e-02
1.784103999999999898e-02
1.640640000000000154e-02
1.549853999999999989e-02
