2.125356999999999941e-02
2.162257999999999888e-02
2.045384000000000091e-02
2.013764999999999999e-02
2.223554999999999976e-02
2.257485999999999868e-02
2.237288000000000124e-02
2.091256000000000018e-02
1.904333000000000067e-02
1.865966999999999973e-02
1.939963000000000104e-02
2.135830999999999841e-02
2.164800000000000058e-02
2.290191999999999922e-02
2.193621000000000112e-02
1.971211999999999964e-02
1.935059999999999905e-02
2.289965999999999877e-02
2.273984999999999895e-02
2.290988000000000052e-02
2.351233000000000142e-02
2.143356000000000081e-02
2.567022999999999874e-02
2.801114999999999855e-02
2.723435999999999912e-02
2.556475999999999887e-02
2.152329999999999868e-02
2.008435999999999902e-02
2.197119999999999976e-02
2.418684999999999932e-02
2.442505000000000023e-02
2.947436000000000153e-02
3.409784999999999899e-02
3.816064999999999735e-02
4.389656000000000113e-02
4.102875999999999745e-02
3.174685000000000007e-02
2.617212000000000011e-02
2.843085999999999877e-02
4.087878999999999818e-02
6.953858999999999735e-02
1.102141600000000055e-01
1.320172000000000012e-01
1.402884299999999917e-01
1.337645899999999888e-01
1.003801700000000047e-01
9.031541999999999348e-02
6.153093999999999925e-02
3.866533999999999943e-02
2.362565000000000151e-02
2.075965999999999922e-02
2.292152000000000078e-02
2.663880000000000067e-02
3.830076000000000314e-02
5.138609999999999706e-02
5.510923999999999684e-02
5.451505999999999713e-02
4.672418999999999878e-02
4.610887999999999792e-02
4.731661000000000200e-02
4.437620999999999927e-02
3.320532000000000344e-02
2.293805999999999970e-02
1.829576000000000119e-02
