8.531081999999999554e-02
1.254527000000000003e-01
1.116250200000000053e-01
8.069342999999999655e-02
6.832493000000000594e-02
5.538310999999999928e-02
3.995163999999999660e-02
2.654526999999999928e-02
2.200231999999999882e-02
2.412370000000000139e-02
2.587833999999999968e-02
2.914413999999999894e-02
3.882184999999999803e-02
5.814997000000000221e-02
6.604309999999999348e-02
5.068721999999999811e-02
4.266609999999999847e-02
3.666372999999999854e-02
2.780250000000000082e-02
2.590135000000000007e-02
2.431325000000000153e-02
2.233711000000000030e-02
2.028405000000000138e-02
1.951166999999999832e-02
2.177733000000000099e-02
2.270031999999999953e-02
2.162530999999999828e-02
2.142066999999999929e-02
2.199881000000000059e-02
2.163997000000000143e-02
2.317634000000000014e-02
2.202091999999999938e-02
2.075758999999999938e-02
2.012200999999999920e-02
2.230481000000000130e-02
2.287375999999999993e-02
2.211923000000000014e-02
2.134397000000000030e-02
2.088390999999999859e-02
2.135663000000000145e-02
2.092810999999999977e-02
2.277407999999999863e-02
2.427860999999999908e-02
2.218273000000000120e-02
2.326156999999999878e-02
2.119207000000000035e-02
2.366122000000000017e-02
2.313758000000000134e-02
2.231071000000000096e-02
2.044001000000000151e-02
1.922284000000000145e-02
1.934401999999999996e-02
2.173341000000000162e-02
2.202085000000000153e-02
2.050143000000000104e-02
2.006056999999999979e-02
2.036792999999999937e-02
2.121475999999999917e-02
2.019311000000000023e-02
2.028842000000000145e-02
2.074248000000000064e-02
2.095131999999999897e-02
1.877573999999999910e-02
1.694543999999999911e-02
