1.888110000000000135e-02
2.586151000000000075e-02
2.886431000000000066e-02
2.726732999999999935e-02
2.673454000000000108e-02
2.343709999999999891e-02
1.949640999999999874e-02
1.851892999999999942e-02
2.066954999999999834e-02
2.419564999999999910e-02
2.668362999999999985e-02
2.292299000000000073e-02
2.144437000000000079e-02
2.055803999999999965e-02
2.802173999999999984e-02
3.371276000000000134e-02
2.750717000000000093e-02
1.906611999999999890e-02
1.825736000000000026e-02
1.987488999999999922e-02
2.315760000000000041e-02
2.537576000000000068e-02
2.495290999999999829e-02
2.309042000000000039e-02
3.002298999999999940e-02
3.258323999999999943e-02
3.667294000000000109e-02
2.956568000000000043e-02
2.890476000000000156e-02
2.503381000000000009e-02
2.143085999999999949e-02
2.390387000000000067e-02
2.446469000000000074e-02
2.867636999999999964e-02
3.584787999999999863e-02
4.137944000000000344e-02
4.330396000000000245e-02
4.370799999999999685e-02
3.985179999999999972e-02
2.678654999999999925e-02
2.143567000000000042e-02
3.738546999999999704e-02
6.656433000000000488e-02
8.465142000000000500e-02
1.018408900000000034e-01
1.156560600000000050e-01
1.162720500000000018e-01
1.199621599999999982e-01
8.819093999999999545e-02
5.031976999999999978e-02
4.662493000000000193e-02
2.812424999999999994e-02
2.142308000000000059e-02
2.182181999999999872e-02
2.463272000000000031e-02
2.272833000000000145e-02
2.499004000000000156e-02
2.761745999999999993e-02
3.187986000000000292e-02
3.890807999999999767e-02
3.947855000000000114e-02
3.515581999999999735e-02
2.315909999999999844e-02
1.737121999999999972e-02
