2.047548000000000076e-02
2.702968999999999858e-02
2.815304999999999891e-02
3.060395999999999950e-02
3.437898999999999816e-02
4.182571999999999679e-02
3.632708999999999938e-02
2.945499999999999854e-02
2.492155999999999885e-02
1.907899000000000053e-02
2.147523000000000140e-02
3.684732000000000285e-02
5.325554999999999872e-02
7.090973999999999888e-02
9.271817999999999727e-02
1.027448900000000054e-01
8.877598000000000433e-02
6.420687999999999396e-02
4.715011999999999676e-02
3.168619999999999770e-02
2.493402000000000118e-02
2.049356000000000094e-02
1.891645999999999953e-02
1.946961999999999998e-02
1.994614000000000109e-02
2.117722999999999828e-02
2.450766999999999876e-02
2.723392999999999994e-02
2.851414000000000032e-02
3.045677000000000106e-02
2.777454999999999855e-02
2.355045999999999876e-02
2.119514999999999941e-02
2.133880999999999972e-02
2.287766000000000105e-02
2.234871999999999900e-02
2.090633000000000075e-02
1.959061000000000136e-02
1.911008000000000151e-02
1.972911000000000109e-02
2.073666999999999871e-02
1.897286000000000111e-02
1.858285000000000145e-02
1.841548000000000143e-02
1.837946999999999845e-02
1.905574000000000157e-02
1.866707999999999909e-02
1.945283999999999902e-02
1.976841000000000015e-02
2.168946999999999889e-02
2.234128000000000155e-02
2.120732000000000173e-02
1.983611000000000055e-02
1.903789999999999996e-02
1.853818999999999953e-02
1.977601999999999832e-02
2.074658999999999878e-02
2.095201999999999828e-02
2.146371999999999863e-02
1.979467000000000032e-02
1.831829999999999917e-02
1.859339000000000131e-02
1.824771000000000032e-02
1.727851000000000040e-02
