1.939868999999999968e-02
2.349827000000000166e-02
2.673595999999999959e-02
3.238222000000000322e-02
4.474878000000000189e-02
3.657168999999999698e-02
3.818789999999999685e-02
4.448708999999999997e-02
2.690965000000000024e-02
2.487208000000000127e-02
1.920749000000000067e-02
1.843445999999999974e-02
2.240023000000000014e-02
2.515558999999999851e-02
3.272428000000000142e-02
4.827296999999999838e-02
4.666599999999999915e-02
4.505138000000000198e-02
4.489255000000000329e-02
5.815900000000000236e-02
4.216580999999999801e-02
2.446556999999999898e-02
2.389337999999999879e-02
4.721753000000000061e-02
1.195987500000000037e-01
1.922629200000000038e-01
2.358120099999999886e-01
2.341150800000000032e-01
1.933242500000000030e-01
1.196303299999999931e-01
8.553231999999999502e-02
4.820826000000000278e-02
3.177742000000000067e-02
2.010889999999999900e-02
2.607655999999999863e-02
3.062111000000000000e-02
4.024944999999999912e-02
5.596944999999999698e-02
5.199629000000000056e-02
4.297493000000000146e-02
4.281915000000000027e-02
3.578071000000000029e-02
2.922593999999999886e-02
2.041507999999999864e-02
2.039530999999999983e-02
2.065731000000000164e-02
2.492594000000000060e-02
2.315518000000000090e-02
2.221684000000000159e-02
2.686184000000000141e-02
2.322068000000000049e-02
2.152068000000000036e-02
2.279489000000000168e-02
2.268080000000000096e-02
2.174933999999999895e-02
1.976007000000000111e-02
2.026164999999999911e-02
1.944637999999999922e-02
2.020353999999999900e-02
1.935394000000000003e-02
1.980203999999999992e-02
2.262791000000000108e-02
2.144052000000000111e-02
1.830067999999999973e-02
