6.178009000000000278e-02
9.713607000000000491e-02
1.415381000000000000e-01
1.592906400000000111e-01
1.637946799999999981e-01
1.877937799999999935e-01
1.463408300000000051e-01
1.157810900000000032e-01
8.990494999999999737e-02
6.046586000000000322e-02
5.363306000000000323e-02
3.119678000000000034e-02
2.466420999999999891e-02
2.395063999999999874e-02
2.892267999999999922e-02
3.039292000000000035e-02
3.916974000000000150e-02
4.787169000000000146e-02
4.543395000000000072e-02
3.771628999999999954e-02
4.047823999999999867e-02
3.309837000000000196e-02
2.669016999999999917e-02
2.317941000000000099e-02
2.356950999999999838e-02
2.167389999999999942e-02
2.092640999999999946e-02
2.039163999999999907e-02
2.455059000000000061e-02
2.176921999999999885e-02
2.003912000000000054e-02
2.050594000000000028e-02
2.012188999999999992e-02
2.016313999999999954e-02
1.942982999999999863e-02
1.951558999999999933e-02
1.876461000000000101e-02
2.026502999999999985e-02
2.462815999999999964e-02
2.341845999999999858e-02
2.301042999999999839e-02
2.076818000000000067e-02
2.226950999999999931e-02
2.617832999999999966e-02
2.902021999999999935e-02
2.751318999999999987e-02
2.278847999999999985e-02
2.006267999999999940e-02
1.922153000000000056e-02
1.955805000000000043e-02
2.113225999999999993e-02
2.463032999999999889e-02
2.395024999999999932e-02
2.395063999999999874e-02
2.270782000000000009e-02
2.151159999999999878e-02
2.493992000000000084e-02
2.873567000000000135e-02
2.602184000000000094e-02
2.229897000000000129e-02
2.081995000000000026e-02
1.892044000000000017e-02
1.911200000000000052e-02
1.884608000000000116e-02
