1.683849000000000110e-02
2.024766000000000066e-02
1.992655000000000121e-02
2.392518000000000075e-02
2.978261999999999923e-02
2.564477999999999897e-02
2.052355000000000151e-02
1.896016000000000021e-02
1.969742000000000021e-02
1.990373999999999963e-02
2.212783000000000111e-02
2.251154000000000002e-02
2.126551000000000136e-02
1.965104999999999977e-02
1.946410999999999974e-02
2.072560999999999848e-02
2.100486999999999840e-02
2.177308000000000021e-02
2.102385000000000018e-02
2.427326999999999957e-02
2.983558000000000043e-02
3.101527000000000103e-02
3.039321000000000036e-02
2.809945000000000151e-02
2.175053000000000056e-02
2.051897000000000096e-02
2.365232000000000098e-02
2.619120000000000129e-02
2.544385999999999870e-02
2.753453999999999971e-02
3.044093999999999967e-02
3.854623000000000077e-02
3.646706000000000253e-02
3.159345000000000209e-02
2.677604000000000095e-02
2.295737000000000125e-02
2.336347000000000076e-02
4.946717999999999948e-02
6.969862000000000279e-02
8.481616999999999629e-02
1.048194499999999946e-01
1.192397000000000040e-01
1.115644999999999970e-01
8.744343999999999728e-02
6.691982999999999959e-02
4.449663000000000229e-02
2.958436999999999872e-02
2.272603000000000123e-02
1.948518999999999946e-02
2.169354000000000074e-02
2.327219999999999983e-02
2.848374999999999865e-02
3.756616000000000122e-02
4.567286999999999736e-02
5.614981000000000139e-02
6.620740999999999432e-02
5.169883000000000117e-02
3.620777000000000023e-02
2.778575000000000142e-02
2.404246000000000161e-02
2.100880999999999929e-02
2.145466999999999860e-02
2.051383000000000026e-02
1.723778000000000116e-02
