1.811683999999999864e-02
2.139044000000000015e-02
2.025259000000000087e-02
2.004608999999999905e-02
1.878816999999999987e-02
1.891231999999999983e-02
1.814073999999999895e-02
1.965495999999999910e-02
2.367245999999999934e-02
2.656889999999999946e-02
2.876102999999999993e-02
3.156405999999999795e-02
3.425697999999999938e-02
3.190375000000000155e-02
2.860501999999999836e-02
2.671913999999999886e-02
2.300562999999999914e-02
2.054655999999999844e-02
1.876099999999999990e-02
1.803348999999999924e-02
1.792867000000000072e-02
1.825407999999999892e-02
1.841732999999999912e-02
1.953683000000000156e-02
2.020320000000000102e-02
2.105686999999999837e-02
2.005691999999999892e-02
1.999128000000000016e-02
1.870961000000000152e-02
1.866788000000000128e-02
1.866235000000000116e-02
1.866291000000000130e-02
1.886735000000000148e-02
1.893776999999999960e-02
1.879265999999999923e-02
1.891274000000000080e-02
1.827530999999999947e-02
1.830566999999999958e-02
1.783428000000000097e-02
1.792708999999999969e-02
1.769876000000000088e-02
1.803248000000000004e-02
1.809300999999999965e-02
1.807032999999999903e-02
1.819567000000000059e-02
1.793946000000000082e-02
1.844196999999999850e-02
1.864897999999999903e-02
1.823523999999999978e-02
1.785099000000000061e-02
1.824363000000000026e-02
1.787048000000000109e-02
1.797566000000000094e-02
1.870281000000000027e-02
1.825328000000000020e-02
1.824541000000000010e-02
1.800944000000000156e-02
1.746367999999999879e-02
1.828458999999999987e-02
1.823036999999999921e-02
1.828888000000000041e-02
1.829539000000000165e-02
1.717018000000000016e-02
1.558966999999999992e-02
