2.033830000000000013e-02
2.379254000000000091e-02
2.255636000000000099e-02
2.647924000000000111e-02
3.231106999999999729e-02
3.761227999999999794e-02
4.041913999999999924e-02
3.866228000000000026e-02
3.059131000000000003e-02
2.427442000000000141e-02
2.037264999999999909e-02
1.967166999999999874e-02
2.193642999999999982e-02
3.184481000000000117e-02
3.807259999999999811e-02
3.684574000000000182e-02
3.658506999999999731e-02
3.561096999999999874e-02
4.561971000000000082e-02
5.646378999999999981e-02
3.601759000000000210e-02
2.386034000000000072e-02
2.497527000000000080e-02
5.713545999999999903e-02
1.039536900000000014e-01
1.390262999999999916e-01
1.676671200000000028e-01
1.982737199999999866e-01
1.444116500000000025e-01
9.700556999999999930e-02
6.587200999999999473e-02
4.592871999999999927e-02
2.992179000000000019e-02
2.005221000000000087e-02
2.351084999999999980e-02
2.611366999999999855e-02
3.095513000000000084e-02
4.409145999999999899e-02
5.083823999999999982e-02
4.960223999999999883e-02
4.163196000000000258e-02
3.412296000000000079e-02
2.835363999999999940e-02
2.132647999999999835e-02
1.992533999999999972e-02
2.074807000000000040e-02
2.683935999999999961e-02
2.534615999999999952e-02
2.251476999999999992e-02
2.412395000000000164e-02
2.205669000000000032e-02
2.151230999999999977e-02
2.153557999999999861e-02
2.246853999999999865e-02
2.279449999999999879e-02
2.009910999999999989e-02
1.926485000000000003e-02
1.968643000000000129e-02
1.986515999999999976e-02
1.929523000000000002e-02
1.948145999999999906e-02
2.301722999999999963e-02
2.343659999999999841e-02
1.773842999999999948e-02
