2.641978999999999855e-02
3.662751999999999675e-02
4.181027999999999828e-02
5.593180999999999847e-02
4.633186000000000249e-02
3.967858999999999969e-02
3.308690000000000242e-02
2.513695000000000165e-02
2.446455000000000157e-02
2.309488000000000166e-02
2.488026999999999947e-02
3.005371000000000084e-02
3.116794999999999982e-02
4.557764000000000260e-02
5.069685000000000163e-02
5.743927000000000060e-02
5.271681000000000283e-02
5.143000999999999823e-02
4.331866999999999662e-02
3.091475000000000126e-02
2.991415999999999867e-02
6.102400999999999659e-02
9.612643999999999356e-02
1.171126100000000059e-01
1.828262400000000010e-01
2.224936000000000136e-01
1.959187500000000026e-01
1.624822800000000067e-01
1.072933199999999976e-01
6.060345000000000315e-02
3.024452999999999864e-02
2.422507999999999953e-02
2.744212999999999861e-02
2.547719999999999846e-02
3.551452000000000081e-02
4.042495000000000116e-02
6.155105000000000298e-02
8.675623999999999836e-02
7.958239999999999759e-02
5.776922000000000307e-02
3.955180999999999975e-02
2.913137000000000018e-02
2.495023999999999853e-02
2.753009000000000012e-02
3.121463000000000015e-02
2.593132999999999896e-02
2.654971999999999888e-02
2.850665999999999964e-02
2.887400999999999857e-02
2.269681000000000129e-02
2.104454000000000047e-02
1.895207000000000142e-02
1.906853999999999841e-02
2.422554999999999847e-02
2.935634999999999981e-02
2.500161999999999871e-02
2.142830999999999902e-02
2.054908999999999902e-02
2.164450000000000054e-02
2.508105000000000057e-02
2.666316000000000172e-02
3.428120999999999946e-02
2.914233000000000101e-02
1.927714000000000164e-02
