2.314714000000000008e-02
2.008460000000000106e-02
2.263365999999999989e-02
2.829912000000000052e-02
2.627880999999999967e-02
3.693201000000000123e-02
3.374022000000000132e-02
3.430611000000000077e-02
2.758415000000000172e-02
2.104614000000000137e-02
1.909324999999999911e-02
1.899251999999999885e-02
2.227967000000000142e-02
2.785423000000000066e-02
3.692253999999999675e-02
3.684682999999999709e-02
3.302559000000000050e-02
2.990875999999999951e-02
4.029648000000000257e-02
5.128676000000000068e-02
3.796961000000000086e-02
2.166743000000000141e-02
2.818375000000000047e-02
4.906362999999999697e-02
7.289553000000000005e-02
1.070225499999999941e-01
1.306925100000000117e-01
1.582970300000000052e-01
1.366501599999999927e-01
8.922663999999999596e-02
6.733087000000000100e-02
4.437188999999999717e-02
3.155717000000000244e-02
1.998428999999999831e-02
1.980851999999999960e-02
2.124163999999999913e-02
3.117870000000000016e-02
4.906255000000000338e-02
4.801761999999999697e-02
4.340283999999999809e-02
3.981607000000000202e-02
3.415761999999999965e-02
2.846811999999999954e-02
2.080598999999999990e-02
2.020600999999999994e-02
2.131376000000000104e-02
2.370285000000000100e-02
2.253944000000000086e-02
2.077390999999999960e-02
2.274046000000000053e-02
2.103649000000000144e-02
2.078649000000000122e-02
2.296033999999999922e-02
2.376096999999999931e-02
2.012780000000000125e-02
1.867939999999999878e-02
1.888116999999999920e-02
1.966071000000000138e-02
1.945459000000000077e-02
2.042971000000000023e-02
2.081751999999999908e-02
2.204899000000000095e-02
2.080125000000000030e-02
1.784318000000000015e-02
