2.651432999999999915e-02
2.545489999999999906e-02
2.057256000000000015e-02
1.940731999999999874e-02
1.910544999999999952e-02
2.173015000000000016e-02
2.256555000000000019e-02
2.071104000000000001e-02
2.179062000000000013e-02
2.030650999999999984e-02
2.537791000000000005e-02
3.512269999999999975e-02
3.916196000000000260e-02
4.288837000000000205e-02
3.452275999999999956e-02
2.288045999999999830e-02
2.018065999999999957e-02
2.216138999999999956e-02
2.754188000000000122e-02
2.575648000000000173e-02
2.467594000000000037e-02
3.537859000000000143e-02
3.551283999999999691e-02
4.077345000000000275e-02
3.748636999999999803e-02
2.686171999999999865e-02
2.312664000000000039e-02
3.047936000000000048e-02
4.586019000000000206e-02
7.144602999999999371e-02
8.330184000000000200e-02
9.178205999999999865e-02
8.834440999999999822e-02
7.450581000000000564e-02
4.989671999999999857e-02
4.144725999999999966e-02
3.183144000000000251e-02
2.108911000000000119e-02
1.851082000000000075e-02
1.885674000000000031e-02
1.952463999999999936e-02
2.214334000000000094e-02
2.341729000000000033e-02
2.416837999999999972e-02
2.412693999999999950e-02
2.289269999999999847e-02
2.090057999999999847e-02
1.990275000000000030e-02
1.887789999999999954e-02
1.807668000000000122e-02
1.804189000000000140e-02
1.764991000000000129e-02
1.801180000000000142e-02
1.822982000000000075e-02
1.845507999999999871e-02
1.808440000000000047e-02
1.791316999999999909e-02
1.789336000000000051e-02
1.773848999999999912e-02
1.796820999999999835e-02
1.793192999999999870e-02
1.808973999999999999e-02
1.709963999999999928e-02
1.569096000000000032e-02
