1.736706000000000014e-02
1.899435000000000012e-02
1.927430999999999936e-02
1.980463000000000015e-02
2.053398999999999849e-02
2.050988000000000117e-02
1.925243000000000093e-02
1.834641000000000050e-02
1.846932000000000088e-02
1.965630000000000155e-02
2.072782000000000097e-02
1.992678000000000157e-02
1.827447999999999920e-02
1.915715000000000126e-02
1.901299999999999865e-02
1.984017000000000072e-02
2.101650999999999866e-02
2.039805999999999911e-02
1.929488000000000036e-02
1.857643000000000141e-02
1.882659999999999889e-02
2.047134000000000106e-02
2.047111999999999890e-02
1.910154000000000019e-02
1.791186000000000167e-02
1.870797999999999905e-02
2.053508999999999890e-02
2.242734000000000047e-02
2.027717000000000061e-02
1.942059000000000146e-02
1.983955000000000093e-02
2.056225000000000067e-02
2.153690999999999939e-02
2.250475999999999865e-02
2.121777999999999859e-02
2.004819999999999866e-02
2.026460999999999887e-02
2.225038999999999836e-02
2.300819000000000128e-02
2.048095999999999944e-02
2.063417000000000029e-02
2.230613000000000040e-02
2.498109999999999914e-02
2.752044000000000018e-02
2.580483000000000082e-02
2.156809000000000157e-02
1.995604999999999948e-02
2.099499999999999977e-02
2.592879999999999838e-02
3.767907999999999674e-02
4.476039999999999880e-02
4.923460000000000336e-02
5.437312999999999868e-02
6.221669999999999978e-02
5.599429000000000212e-02
4.534616999999999815e-02
3.718733999999999928e-02
3.186491999999999797e-02
2.689922999999999967e-02
2.363584000000000171e-02
2.100308000000000036e-02
1.996090999999999838e-02
1.779060999999999837e-02
1.661632000000000040e-02
