1.848576000000000039e-02
1.992628999999999928e-02
1.785029000000000129e-02
1.842892000000000141e-02
1.964867000000000002e-02
2.024590000000000070e-02
1.842908000000000046e-02
1.869057999999999831e-02
1.910055000000000086e-02
1.840065000000000103e-02
1.887749999999999845e-02
2.064517999999999909e-02
2.309403999999999971e-02
2.394365999999999856e-02
2.067141000000000117e-02
1.839210000000000150e-02
1.804298000000000013e-02
1.834774999999999948e-02
2.105517999999999973e-02
1.966251000000000110e-02
1.834059999999999857e-02
1.906969999999999846e-02
2.028521999999999964e-02
2.207278000000000018e-02
2.420483000000000010e-02
2.119580999999999896e-02
2.011697999999999958e-02
1.988946999999999937e-02
2.306495000000000073e-02
2.647363000000000147e-02
2.160876999999999937e-02
1.833053999999999933e-02
1.881060000000000024e-02
1.977299000000000070e-02
2.163674999999999973e-02
2.267802999999999833e-02
2.283920999999999868e-02
2.337826999999999961e-02
2.746629999999999905e-02
3.347602999999999690e-02
3.458515999999999674e-02
2.924204999999999860e-02
2.180083999999999841e-02
2.038527000000000047e-02
2.819986000000000020e-02
4.296872000000000191e-02
5.699193999999999788e-02
7.513749999999999596e-02
6.899998000000000242e-02
7.336075999999999708e-02
7.966212999999999766e-02
6.535164000000000251e-02
5.320141999999999927e-02
4.004631000000000163e-02
2.820316999999999963e-02
2.133962999999999832e-02
1.926440999999999917e-02
2.003693000000000141e-02
2.041826000000000058e-02
2.148684000000000011e-02
2.292575000000000168e-02
2.463457000000000147e-02
2.319148000000000043e-02
1.689950000000000133e-02
