2.114705999999999878e-02
2.777572000000000027e-02
2.198545000000000013e-02
2.045372000000000162e-02
2.295890999999999904e-02
2.554779000000000078e-02
2.597957000000000044e-02
2.381851999999999928e-02
2.161706999999999865e-02
1.896393999999999858e-02
1.938273999999999900e-02
2.039409999999999834e-02
2.174546999999999938e-02
2.235780999999999880e-02
2.279979999999999854e-02
1.999615999999999894e-02
1.890286999999999870e-02
2.238969999999999849e-02
2.350963000000000011e-02
2.442516999999999952e-02
2.475107000000000002e-02
2.168493999999999977e-02
2.969182000000000071e-02
3.785494999999999832e-02
2.862531999999999924e-02
2.641167000000000167e-02
2.252122000000000152e-02
2.235662000000000066e-02
2.173113000000000128e-02
2.720088999999999840e-02
3.228679999999999745e-02
4.093568000000000207e-02
3.863435999999999954e-02
3.784163000000000110e-02
4.079661999999999872e-02
3.394239999999999757e-02
2.474664999999999851e-02
2.575115000000000043e-02
3.458801999999999710e-02
5.484470999999999791e-02
7.876458000000000070e-02
1.467666499999999985e-01
1.885866099999999879e-01
1.980631399999999986e-01
2.028874800000000089e-01
1.585343899999999973e-01
1.277726399999999929e-01
9.529848000000000485e-02
5.513308000000000098e-02
2.975857000000000155e-02
2.389348000000000166e-02
2.263824999999999865e-02
2.740400999999999948e-02
4.436837999999999893e-02
6.134898999999999908e-02
8.020658999999999428e-02
6.698146000000000655e-02
5.731148999999999966e-02
6.499389999999999334e-02
6.780624000000000373e-02
5.248118999999999701e-02
3.430988000000000093e-02
2.292146999999999935e-02
1.921497000000000135e-02
