1.789926000000000017e-02
2.010485999999999870e-02
2.048770999999999926e-02
2.095974999999999921e-02
2.100783000000000164e-02
2.135886000000000035e-02
2.106156000000000000e-02
1.960324000000000094e-02
1.904039999999999899e-02
1.891841999999999829e-02
1.800099999999999964e-02
1.830512000000000111e-02
1.808979999999999963e-02
1.773295999999999900e-02
1.838323999999999861e-02
1.819913999999999907e-02
1.853563000000000086e-02
1.888335000000000014e-02
1.859461999999999920e-02
1.815780000000000172e-02
1.798960999999999963e-02
1.812392000000000170e-02
1.815972999999999893e-02
1.777934000000000112e-02
1.769719000000000153e-02
1.771645999999999985e-02
1.783794000000000005e-02
1.734515999999999836e-02
1.793302999999999911e-02
1.780949000000000074e-02
1.735031999999999894e-02
1.740399000000000113e-02
1.790235000000000090e-02
1.787727999999999887e-02
1.753017999999999937e-02
1.757119000000000042e-02
1.771243000000000123e-02
1.813897000000000079e-02
1.807591000000000059e-02
1.765655000000000002e-02
1.742056999999999981e-02
1.749378000000000044e-02
1.801789999999999989e-02
1.791310000000000124e-02
1.813265999999999836e-02
1.788295999999999983e-02
1.774341000000000113e-02
1.756127999999999856e-02
1.738705000000000112e-02
1.734633000000000008e-02
1.779671000000000031e-02
1.776083999999999996e-02
1.777690000000000173e-02
1.752704999999999888e-02
1.788620000000000140e-02
1.775675000000000170e-02
1.799140000000000114e-02
1.801461999999999855e-02
1.802712999999999885e-02
1.749915999999999972e-02
1.775836000000000081e-02
1.781030000000000113e-02
1.709863000000000008e-02
1.542474999999999923e-02
