2.242910999999999863e-02
3.159632999999999886e-02
3.762574999999999947e-02
4.034195000000000142e-02
3.572299999999999781e-02
2.908426000000000067e-02
2.215162999999999854e-02
2.059091000000000046e-02
2.169017000000000167e-02
2.162470999999999838e-02
2.099488999999999869e-02
2.197700000000000001e-02
2.493897999999999948e-02
3.313267999999999769e-02
3.648656000000000121e-02
2.992461999999999900e-02
3.652605999999999908e-02
3.744411999999999741e-02
2.413026999999999880e-02
2.276453999999999978e-02
2.572148000000000143e-02
3.768731000000000164e-02
5.350506000000000012e-02
7.291485999999999801e-02
8.298956999999999862e-02
9.186506999999999312e-02
7.129125000000000045e-02
7.082576000000000149e-02
5.120310000000000139e-02
3.210237999999999980e-02
2.512525999999999995e-02
2.137460000000000054e-02
2.248175999999999994e-02
2.088883999999999880e-02
2.334525999999999962e-02
2.589974999999999916e-02
3.045163000000000036e-02
4.356568999999999720e-02
3.754870999999999903e-02
2.947690000000000032e-02
2.558124999999999982e-02
2.156943000000000055e-02
2.069912999999999961e-02
2.016926999999999956e-02
2.227045000000000066e-02
2.011690000000000006e-02
2.074522000000000171e-02
2.286407000000000023e-02
2.218875999999999835e-02
2.152466000000000101e-02
1.887174000000000143e-02
1.878281000000000048e-02
1.887159999999999879e-02
2.047001999999999849e-02
2.228284000000000167e-02
2.106498000000000051e-02
1.961776000000000145e-02
1.857361000000000081e-02
1.893529999999999866e-02
1.928822999999999996e-02
2.023070000000000077e-02
2.325699000000000169e-02
2.285030000000000047e-02
1.698544000000000095e-02
