2.138510999999999884e-02
2.980479000000000114e-02
3.032976999999999895e-02
3.206657999999999731e-02
3.747280000000000055e-02
3.913467999999999808e-02
4.116145999999999694e-02
3.782995000000000108e-02
2.664534000000000000e-02
2.012121999999999869e-02
2.143841000000000149e-02
2.537972999999999965e-02
2.280483999999999983e-02
3.018958999999999879e-02
5.104486999999999913e-02
3.593025999999999859e-02
3.715943000000000024e-02
3.861797000000000146e-02
5.548167999999999850e-02
5.549306999999999851e-02
3.529337999999999920e-02
2.582167000000000143e-02
4.398206999999999811e-02
7.251726000000000005e-02
1.081902099999999950e-01
1.671625099999999864e-01
2.064316099999999876e-01
1.939644699999999999e-01
1.673423199999999889e-01
1.070296500000000040e-01
7.269212999999999369e-02
4.781262000000000012e-02
2.974927000000000127e-02
2.038250000000000131e-02
2.606092000000000131e-02
2.560952999999999841e-02
3.698026000000000091e-02
5.709987999999999869e-02
5.539523999999999837e-02
5.376734999999999848e-02
4.815297999999999801e-02
3.897979000000000027e-02
2.920112000000000055e-02
2.104516000000000026e-02
2.181160999999999864e-02
2.167037999999999950e-02
2.788809999999999900e-02
2.498910000000000020e-02
2.384456000000000075e-02
2.469982999999999901e-02
2.123196000000000111e-02
2.294090000000000018e-02
2.375748999999999916e-02
2.496931999999999971e-02
2.395983000000000140e-02
2.082822000000000146e-02
2.152625000000000025e-02
1.989455000000000043e-02
2.009912999999999977e-02
1.968040999999999888e-02
2.114187999999999831e-02
2.503773000000000110e-02
2.481115999999999877e-02
1.854951000000000169e-02
