1.935840999999999951e-02
2.072233999999999882e-02
1.955372999999999833e-02
2.166614999999999860e-02
3.442163000000000167e-02
3.120565000000000144e-02
2.463581999999999925e-02
2.810732999999999981e-02
3.897198999999999802e-02
5.153529999999999917e-02
5.687973999999999808e-02
4.056809000000000109e-02
2.874190000000000078e-02
2.293579999999999924e-02
2.227820000000000147e-02
3.315358000000000194e-02
4.534760000000000180e-02
7.352087999999999679e-02
1.113740500000000022e-01
1.338478800000000024e-01
1.422885999999999873e-01
1.191332400000000014e-01
8.863883999999999652e-02
5.831369000000000136e-02
3.235670999999999686e-02
2.382141000000000119e-02
2.041089999999999918e-02
2.032199999999999979e-02
2.827808999999999878e-02
3.431258000000000224e-02
3.725834000000000090e-02
4.631816999999999879e-02
4.606380000000000197e-02
4.735287999999999997e-02
3.801552999999999877e-02
2.661834000000000075e-02
2.229949000000000167e-02
2.325075000000000058e-02
2.480836999999999973e-02
2.500105000000000036e-02
2.375377000000000044e-02
2.370063000000000031e-02
2.459126000000000020e-02
2.151333999999999885e-02
1.905775999999999998e-02
1.898572999999999927e-02
1.952117999999999909e-02
2.039772999999999933e-02
1.990712999999999858e-02
2.017866000000000104e-02
2.157250999999999960e-02
2.310993000000000075e-02
2.360465999999999953e-02
2.441836000000000007e-02
2.331623000000000029e-02
2.210107999999999864e-02
2.088682999999999859e-02
1.990901999999999950e-02
1.887029000000000137e-02
1.986976999999999841e-02
2.463482000000000172e-02
2.588334000000000121e-02
2.054372999999999963e-02
1.740109000000000100e-02
