1.762062000000000003e-02
2.271352999999999914e-02
2.355143999999999987e-02
2.086657999999999916e-02
2.124801000000000120e-02
2.102688000000000126e-02
2.130898000000000167e-02
2.417773000000000144e-02
2.537404000000000048e-02
2.577246999999999871e-02
2.607736999999999902e-02
2.106374000000000093e-02
1.883875999999999953e-02
2.209998999999999991e-02
2.381857999999999892e-02
2.702977000000000157e-02
2.699475999999999959e-02
2.383487999999999926e-02
2.525642000000000165e-02
3.430621999999999838e-02
3.829849999999999921e-02
3.478553999999999674e-02
2.685045000000000140e-02
2.115486000000000102e-02
2.103661999999999893e-02
3.505574000000000190e-02
4.828338000000000074e-02
7.610337000000000351e-02
8.967587000000000474e-02
9.477362999999999760e-02
7.330325000000000035e-02
8.370563999999999782e-02
5.986386999999999958e-02
3.756745999999999697e-02
2.520479000000000122e-02
2.206595999999999905e-02
2.018334000000000100e-02
2.015172999999999964e-02
2.230247000000000132e-02
3.050258000000000136e-02
3.057682999999999929e-02
2.991912000000000044e-02
3.207965000000000122e-02
3.605509999999999965e-02
3.193570999999999910e-02
2.256156999999999954e-02
1.936467000000000049e-02
1.927956999999999935e-02
2.243022000000000071e-02
2.560648000000000091e-02
2.607982999999999829e-02
2.382255999999999957e-02
2.277867000000000086e-02
2.193990999999999997e-02
2.074816999999999981e-02
2.394738000000000075e-02
2.146259000000000014e-02
2.051827000000000165e-02
2.122941000000000064e-02
2.509281000000000011e-02
2.287045999999999871e-02
2.041901000000000133e-02
1.873429000000000066e-02
1.694926000000000071e-02
