2.053695999999999994e-02
2.143760000000000110e-02
2.976202999999999835e-02
3.109479999999999883e-02
2.731445999999999874e-02
2.134292999999999954e-02
1.888170000000000126e-02
2.000818999999999862e-02
2.110006999999999855e-02
4.037932999999999800e-02
2.917480000000000073e-02
2.290423999999999932e-02
2.663979000000000000e-02
3.280858999999999859e-02
3.787469000000000252e-02
3.542752999999999874e-02
3.186220000000000024e-02
2.492886999999999881e-02
2.146425999999999890e-02
2.380275999999999920e-02
2.299195000000000058e-02
3.242927000000000309e-02
4.224726000000000176e-02
3.686442999999999665e-02
2.999736999999999890e-02
5.985048999999999925e-02
6.411572999999999578e-02
5.596505999999999703e-02
3.328070000000000334e-02
2.845309000000000033e-02
5.317087000000000202e-02
6.502510999999999708e-02
1.645323800000000058e-01
1.776692900000000075e-01
1.781763600000000058e-01
2.100918400000000019e-01
1.768087600000000092e-01
1.209328600000000031e-01
7.802193999999999796e-02
3.904437999999999659e-02
2.137307999999999916e-02
2.326173999999999950e-02
2.094145000000000034e-02
2.456465999999999858e-02
3.678469000000000183e-02
4.742749000000000270e-02
5.676157999999999898e-02
4.755729999999999680e-02
4.345973000000000197e-02
3.680492999999999959e-02
3.690663000000000277e-02
2.764770999999999895e-02
2.196607000000000073e-02
2.759866999999999876e-02
3.318452000000000207e-02
3.291175999999999824e-02
4.074011999999999772e-02
4.718133000000000049e-02
4.365212999999999732e-02
2.745210999999999832e-02
3.113482999999999876e-02
2.733309999999999906e-02
2.113156000000000062e-02
1.935117999999999908e-02
