2.674800999999999915e-02
3.577423999999999882e-02
3.789615999999999818e-02
3.562343999999999927e-02
2.617817000000000061e-02
2.114972000000000033e-02
2.205833000000000099e-02
2.311966999999999842e-02
3.170875000000000082e-02
2.888150000000000092e-02
2.075571999999999834e-02
2.167867000000000058e-02
3.836716999999999905e-02
6.365801000000000098e-02
6.514006999999999437e-02
4.194073000000000245e-02
2.703393000000000115e-02
2.251691000000000109e-02
2.907734000000000013e-02
3.935356000000000271e-02
6.663956000000000046e-02
1.075700099999999937e-01
1.259833099999999872e-01
1.285871600000000059e-01
1.289464100000000113e-01
1.274478000000000000e-01
9.296595000000000553e-02
6.045219999999999760e-02
4.000002999999999892e-02
2.411740999999999885e-02
2.365472000000000061e-02
2.235602000000000075e-02
2.319784999999999903e-02
3.080006000000000063e-02
4.013701000000000074e-02
4.356282999999999683e-02
5.124813000000000285e-02
5.415095999999999798e-02
4.207513000000000225e-02
3.046460999999999961e-02
2.786664000000000155e-02
2.584051999999999877e-02
2.133658999999999903e-02
2.120847000000000010e-02
2.507989000000000052e-02
2.470361999999999905e-02
2.153118999999999866e-02
2.114687999999999984e-02
2.041462000000000138e-02
1.986686000000000007e-02
2.330576999999999996e-02
2.274697999999999998e-02
2.019916999999999893e-02
2.069715000000000096e-02
2.094479999999999953e-02
2.091872999999999996e-02
2.032242999999999897e-02
2.558958999999999886e-02
2.916445999999999969e-02
2.582322000000000090e-02
2.108637999999999832e-02
1.924491999999999869e-02
1.809385999999999980e-02
1.772645000000000123e-02
