1.720667000000000030e-02
1.941723000000000060e-02
1.889004999999999851e-02
1.870430999999999830e-02
1.814516000000000046e-02
1.843975999999999948e-02
1.824266999999999903e-02
1.755777000000000032e-02
1.758180000000000159e-02
1.778302999999999828e-02
1.792049000000000072e-02
1.754417000000000129e-02
1.776383000000000129e-02
1.867844999999999922e-02
1.855011000000000160e-02
1.835461999999999858e-02
1.806260999999999978e-02
1.791395999999999961e-02
1.757776999999999951e-02
1.763734999999999956e-02
1.772831000000000060e-02
1.755543999999999855e-02
1.762106000000000089e-02
1.727611000000000077e-02
1.720701999999999995e-02
1.786781000000000133e-02
1.765198999999999935e-02
1.785855999999999902e-02
1.761655999999999986e-02
1.750453999999999899e-02
1.754322000000000173e-02
1.778870999999999925e-02
1.812547000000000116e-02
1.746843000000000007e-02
1.775109999999999882e-02
1.773281999999999983e-02
1.784853000000000134e-02
1.792271999999999962e-02
1.771593000000000126e-02
1.726760000000000100e-02
1.734975999999999879e-02
1.769008999999999859e-02
1.777163999999999827e-02
1.786501000000000061e-02
1.788539000000000101e-02
1.738637000000000168e-02
1.806835999999999859e-02
1.788734000000000157e-02
1.775132000000000099e-02
1.759693999999999842e-02
1.768116999999999953e-02
1.743103999999999834e-02
1.797964999999999980e-02
1.776548000000000016e-02
1.793600999999999876e-02
1.807800999999999852e-02
1.771688999999999903e-02
1.796835999999999919e-02
1.773670999999999928e-02
1.771203999999999834e-02
1.750287999999999844e-02
1.771558999999999981e-02
1.705684999999999840e-02
1.551955999999999995e-02
