4.660753000000000118e-02
9.761994000000000227e-02
1.023216700000000035e-01
1.023667399999999977e-01
9.012040000000000328e-02
8.074865000000000514e-02
5.833046000000000064e-02
4.391964999999999758e-02
2.763312999999999880e-02
2.248640999999999834e-02
2.141312000000000076e-02
1.967701000000000172e-02
2.319463999999999901e-02
2.382907000000000081e-02
2.752865999999999994e-02
3.025858000000000020e-02
4.510667000000000149e-02
4.760310000000000236e-02
3.844825999999999799e-02
2.957577000000000123e-02
2.598260999999999973e-02
2.263648000000000049e-02
2.161619000000000040e-02
2.172496000000000149e-02
2.496450999999999878e-02
2.185151000000000107e-02
1.961695000000000105e-02
2.016282000000000144e-02
2.161385000000000042e-02
2.143574999999999994e-02
2.154382999999999992e-02
2.191726000000000091e-02
2.042360000000000009e-02
1.886724000000000040e-02
1.909088999999999925e-02
1.887302999999999897e-02
1.992330999999999963e-02
2.175480999999999943e-02
2.207421999999999856e-02
2.066600999999999855e-02
2.032932999999999962e-02
2.189009999999999914e-02
2.452259000000000036e-02
2.584250000000000089e-02
2.382058000000000092e-02
2.085595000000000157e-02
1.872271000000000005e-02
1.995699999999999905e-02
2.094599000000000114e-02
2.201035000000000144e-02
2.174212999999999840e-02
2.084787999999999919e-02
1.947279999999999844e-02
1.939687999999999829e-02
2.134571999999999858e-02
2.299040999999999932e-02
2.135048999999999975e-02
2.235093000000000149e-02
2.259366000000000152e-02
1.982926000000000133e-02
2.210445000000000118e-02
2.146214999999999928e-02
1.990424999999999833e-02
1.795640000000000083e-02
