1.665488999999999858e-02
1.840220000000000050e-02
1.790173999999999932e-02
1.777427999999999994e-02
1.824684000000000028e-02
1.810714000000000073e-02
1.795443999999999860e-02
1.782202000000000092e-02
1.787704999999999850e-02
1.861992999999999981e-02
1.869443000000000146e-02
1.881508999999999959e-02
1.885306000000000134e-02
1.938314999999999830e-02
1.824510999999999841e-02
1.832632000000000011e-02
1.809180000000000163e-02
1.799707000000000043e-02
1.789067000000000088e-02
1.788034999999999972e-02
1.785681999999999894e-02
1.938693000000000013e-02
2.091101000000000071e-02
1.863298000000000038e-02
1.842390000000000000e-02
1.869474000000000136e-02
1.832067999999999891e-02
1.875705000000000081e-02
2.017087999999999867e-02
2.004888000000000156e-02
1.979942999999999981e-02
1.930300999999999892e-02
1.883742000000000055e-02
1.803557999999999897e-02
1.775836000000000081e-02
1.813172999999999868e-02
1.815974000000000060e-02
1.818310999999999886e-02
1.789568999999999882e-02
1.785532000000000091e-02
1.774755000000000082e-02
1.758505000000000137e-02
1.776300000000000101e-02
1.755471999999999935e-02
1.787911000000000014e-02
1.767494000000000010e-02
1.797251999999999877e-02
1.780990000000000004e-02
1.729320999999999983e-02
1.746044000000000068e-02
1.768896999999999831e-02
1.729440999999999964e-02
1.705558000000000074e-02
1.778903999999999902e-02
1.806253999999999846e-02
1.796288000000000051e-02
1.789361000000000076e-02
1.756254000000000148e-02
1.758869999999999878e-02
1.789916999999999897e-02
1.775776999999999911e-02
1.752222999999999975e-02
1.691321000000000144e-02
1.553376000000000062e-02
