1.748772999999999994e-02
2.135547000000000140e-02
2.686138999999999888e-02
3.141055000000000236e-02
3.657674000000000342e-02
3.393580000000000207e-02
3.520787999999999696e-02
4.651489000000000318e-02
5.613243999999999873e-02
6.205545999999999979e-02
5.294369000000000158e-02
2.969735999999999904e-02
2.031455999999999887e-02
1.984717000000000078e-02
5.015701000000000187e-02
8.728524000000000005e-02
1.034019399999999977e-01
1.217343099999999984e-01
1.459643999999999942e-01
1.465741700000000036e-01
1.225298900000000024e-01
8.403222000000000469e-02
5.546594999999999998e-02
3.456137000000000098e-02
2.003974000000000033e-02
2.053235000000000129e-02
2.187017000000000128e-02
2.162682999999999967e-02
3.202951999999999882e-02
4.906843999999999789e-02
4.750025000000000081e-02
5.357413999999999926e-02
5.245356999999999797e-02
4.428230999999999834e-02
3.667000000000000121e-02
2.476218000000000169e-02
2.383313999999999919e-02
2.398712000000000066e-02
2.817385000000000028e-02
2.536487999999999937e-02
2.277138000000000079e-02
2.219586999999999949e-02
2.187539999999999971e-02
2.068176000000000042e-02
2.027052000000000020e-02
2.039074000000000095e-02
2.102901000000000076e-02
2.166968000000000019e-02
1.976988000000000009e-02
2.103609000000000034e-02
2.516519000000000048e-02
2.715472999999999845e-02
2.687509999999999899e-02
2.501534000000000049e-02
2.281290000000000054e-02
2.076402999999999929e-02
1.928629000000000107e-02
2.130508999999999875e-02
2.185720000000000024e-02
2.100954000000000016e-02
2.423795000000000116e-02
2.718519000000000144e-02
2.187537000000000162e-02
1.871878000000000083e-02
