3.784479000000000315e-02
3.772666000000000214e-02
2.361979999999999982e-02
2.034294000000000033e-02
2.682907000000000000e-02
3.249864000000000225e-02
2.832958000000000004e-02
3.185985999999999679e-02
4.311315999999999760e-02
5.451291999999999943e-02
5.478217999999999976e-02
5.305819999999999981e-02
5.093902000000000152e-02
4.639345000000000274e-02
3.060012000000000149e-02
2.297367000000000159e-02
2.348719999999999974e-02
5.234649000000000246e-02
1.168169500000000027e-01
1.404065800000000031e-01
1.949488799999999911e-01
2.040761600000000064e-01
1.908813900000000119e-01
1.302284300000000061e-01
9.877196000000000586e-02
6.278044000000000679e-02
3.625549000000000133e-02
2.449768999999999905e-02
2.686142999999999864e-02
2.723100999999999994e-02
3.314842999999999956e-02
4.630030000000000256e-02
5.196201000000000292e-02
6.592808999999999475e-02
5.905468999999999996e-02
4.187702000000000091e-02
4.000158999999999659e-02
3.386763000000000273e-02
2.766425000000000134e-02
3.088180999999999912e-02
3.092156000000000071e-02
3.113308000000000048e-02
2.926867999999999831e-02
2.348677999999999877e-02
1.963923999999999878e-02
2.102853999999999834e-02
2.192703999999999834e-02
2.058342000000000158e-02
2.180278999999999898e-02
2.260312999999999906e-02
2.521069000000000088e-02
2.422952999999999912e-02
2.052734999999999976e-02
2.131303999999999838e-02
2.254091000000000081e-02
2.434829999999999980e-02
2.393239000000000130e-02
2.570580999999999908e-02
2.782369999999999982e-02
2.474772000000000083e-02
2.094818999999999848e-02
2.439422000000000118e-02
2.221945999999999991e-02
1.918436999999999920e-02
