1.670829999999999885e-02
2.356805000000000011e-02
2.943712999999999885e-02
3.199799999999999867e-02
4.127658000000000021e-02
3.650467999999999769e-02
3.700677000000000133e-02
5.330429999999999890e-02
7.201143999999999601e-02
1.020170999999999994e-01
8.928403000000000034e-02
5.270591000000000165e-02
2.963500999999999982e-02
2.569760999999999920e-02
5.337628999999999985e-02
1.064884100000000056e-01
1.389286999999999883e-01
1.724031099999999983e-01
1.983174400000000115e-01
2.148146200000000117e-01
1.864942900000000070e-01
1.294491000000000114e-01
9.492568999999999313e-02
5.368413999999999825e-02
2.394088000000000119e-02
2.111930999999999878e-02
2.236840999999999829e-02
2.203866000000000158e-02
3.572405000000000025e-02
5.172109999999999902e-02
5.102206000000000102e-02
6.192472999999999728e-02
6.144844000000000001e-02
5.289927999999999991e-02
4.286333999999999977e-02
2.502021999999999927e-02
2.374601000000000142e-02
2.448880999999999974e-02
3.080772999999999845e-02
3.069975000000000134e-02
2.720511000000000110e-02
2.634722999999999926e-02
2.541374999999999884e-02
2.233687999999999993e-02
2.073583000000000023e-02
2.058524999999999938e-02
2.306592000000000017e-02
2.359320999999999988e-02
2.026791000000000009e-02
2.181328000000000086e-02
2.725916999999999923e-02
3.115307000000000145e-02
3.053279000000000062e-02
2.754443000000000169e-02
2.514856000000000036e-02
2.146259000000000014e-02
2.079291999999999946e-02
2.210178000000000142e-02
2.010846000000000161e-02
2.139900000000000135e-02
2.511046999999999932e-02
2.767593000000000136e-02
2.324777000000000093e-02
1.878998999999999947e-02
