1.759602999999999862e-02
2.647810000000000094e-02
2.332578000000000082e-02
1.968345000000000164e-02
2.502466999999999886e-02
2.646667999999999937e-02
1.950419999999999932e-02
2.127888000000000002e-02
2.725783000000000025e-02
2.710156999999999844e-02
2.724559999999999829e-02
3.194157999999999720e-02
3.208377999999999924e-02
2.330406999999999965e-02
2.193097999999999922e-02
2.522494000000000125e-02
2.410096999999999934e-02
2.764588999999999935e-02
3.507094999999999657e-02
4.097859999999999697e-02
4.796596000000000193e-02
4.799972999999999740e-02
4.108975000000000127e-02
3.666326999999999781e-02
2.954441000000000012e-02
2.751479000000000077e-02
5.802517000000000091e-02
1.106611599999999945e-01
1.490999899999999878e-01
1.635330299999999959e-01
1.888528899999999955e-01
2.042690500000000076e-01
1.924912500000000026e-01
1.078609700000000005e-01
7.066595999999999989e-02
4.637358999999999926e-02
2.876619999999999872e-02
2.111715000000000120e-02
2.578553000000000095e-02
3.707088000000000050e-02
4.166899999999999771e-02
4.796820999999999724e-02
5.513244999999999951e-02
6.332925000000000360e-02
5.630729999999999763e-02
3.565139999999999976e-02
2.441352999999999926e-02
2.612004000000000062e-02
2.879881000000000107e-02
3.339179999999999926e-02
3.298854999999999843e-02
2.920000999999999847e-02
3.112229999999999858e-02
2.865256999999999873e-02
2.810767999999999947e-02
3.796087000000000072e-02
3.466154999999999931e-02
2.502346999999999905e-02
2.500919000000000059e-02
3.878434000000000048e-02
3.713433000000000012e-02
2.603965000000000099e-02
2.532266999999999851e-02
2.010425999999999880e-02
