2.145214999999999969e-02
2.633471999999999896e-02
2.037993000000000096e-02
1.874237999999999946e-02
1.967593999999999940e-02
2.008849000000000051e-02
2.070527999999999952e-02
2.222226999999999883e-02
2.644300000000000123e-02
2.751141000000000003e-02
2.992026999999999881e-02
3.177026000000000155e-02
3.130647999999999764e-02
2.911238000000000020e-02
2.398677999999999921e-02
1.909691999999999987e-02
1.945534000000000152e-02
2.538295999999999955e-02
4.483476000000000128e-02
6.175863000000000186e-02
7.685558000000000667e-02
7.652272000000000240e-02
7.020508000000000304e-02
5.905846000000000012e-02
4.161233000000000293e-02
3.451457000000000136e-02
2.483685999999999880e-02
2.032723000000000169e-02
2.055529000000000037e-02
2.053446000000000091e-02
2.277571000000000109e-02
2.806449999999999917e-02
3.021164000000000141e-02
3.598611000000000171e-02
3.489454000000000167e-02
2.775812999999999892e-02
2.529090000000000157e-02
2.335639999999999938e-02
2.081689999999999929e-02
2.124190999999999926e-02
2.202549000000000173e-02
2.225902000000000089e-02
2.179062000000000013e-02
1.907794999999999977e-02
1.834194999999999923e-02
1.897302000000000016e-02
1.893362999999999990e-02
1.811617999999999909e-02
1.926705000000000084e-02
1.910890000000000158e-02
2.017605999999999913e-02
2.058261999999999939e-02
1.881700999999999860e-02
1.888404999999999945e-02
1.902128999999999973e-02
2.060543999999999917e-02
1.997884000000000118e-02
2.006184999999999913e-02
2.097465999999999914e-02
1.928942000000000156e-02
1.858991999999999936e-02
1.963550000000000018e-02
1.949984000000000092e-02
1.648039000000000101e-02
