1.953811000000000089e-02
2.280611000000000096e-02
2.347588999999999926e-02
2.631042000000000103e-02
4.752460000000000018e-02
5.014065000000000188e-02
2.408586999999999881e-02
5.552250999999999714e-02
1.196131099999999947e-01
1.198738099999999973e-01
8.350878000000000467e-02
5.054669999999999996e-02
3.212389000000000217e-02
2.528729000000000046e-02
3.693944999999999868e-02
5.142004000000000019e-02
4.356923000000000046e-02
1.683808400000000038e-01
2.921568500000000235e-01
3.285917600000000105e-01
3.831421099999999802e-01
2.109204500000000093e-01
5.806327000000000016e-02
9.539983000000000490e-02
5.087882999999999989e-02
2.170624000000000164e-02
2.344260999999999914e-02
2.466611000000000151e-02
5.276821999999999763e-02
6.154248999999999831e-02
3.411713000000000245e-02
5.367566000000000004e-02
6.795144999999999658e-02
1.111717299999999964e-01
7.415686000000000500e-02
2.765331000000000039e-02
2.466983999999999844e-02
3.369885000000000241e-02
3.520033000000000190e-02
4.912106000000000111e-02
2.491205999999999976e-02
3.698980999999999797e-02
3.589441000000000159e-02
3.254023999999999806e-02
2.083095000000000085e-02
1.947134000000000018e-02
2.298156999999999978e-02
2.474318000000000004e-02
2.061065999999999940e-02
2.116631000000000068e-02
3.449699999999999989e-02
3.456900000000000250e-02
2.471136999999999986e-02
3.943586000000000313e-02
2.543186000000000058e-02
3.373281999999999670e-02
2.745581000000000063e-02
2.218621999999999955e-02
2.067043000000000005e-02
2.778111999999999943e-02
2.614703000000000166e-02
4.594228000000000200e-02
3.369836999999999833e-02
1.765030000000000071e-02
