1.805485000000000076e-02
2.002842000000000164e-02
2.132647999999999835e-02
2.122823999999999892e-02
2.326233999999999941e-02
2.285258999999999902e-02
1.958135000000000084e-02
1.890570000000000098e-02
2.035504999999999953e-02
2.407163999999999832e-02
2.560182999999999903e-02
2.389470999999999956e-02
2.475124000000000074e-02
2.267747999999999986e-02
2.520197999999999883e-02
3.077447000000000168e-02
2.688130000000000033e-02
1.978450000000000000e-02
2.062167999999999987e-02
2.147278999999999854e-02
2.212845999999999910e-02
2.662062999999999929e-02
2.519151000000000029e-02
2.343183999999999892e-02
2.565618999999999886e-02
2.839840000000000073e-02
3.084622999999999879e-02
2.767725000000000046e-02
2.960675000000000112e-02
2.788416999999999979e-02
2.214042999999999914e-02
1.991226999999999928e-02
2.247541000000000122e-02
2.557981999999999964e-02
3.102753999999999929e-02
3.258334999999999704e-02
3.447262000000000243e-02
3.904057999999999834e-02
4.011267000000000305e-02
3.535321000000000297e-02
2.639036999999999980e-02
2.734918000000000071e-02
3.687823999999999963e-02
5.382868999999999848e-02
8.304791999999999730e-02
1.062502300000000011e-01
1.316587600000000136e-01
1.376631100000000052e-01
1.200418199999999935e-01
8.198518999999999946e-02
7.625840999999999870e-02
4.908243999999999801e-02
3.726256000000000013e-02
2.992794000000000010e-02
2.000077999999999925e-02
2.192745999999999931e-02
2.329055999999999835e-02
2.526159999999999864e-02
3.401073000000000290e-02
3.827036000000000326e-02
3.770595000000000196e-02
3.068428000000000128e-02
2.363563000000000122e-02
1.943320000000000117e-02
