1.828540000000000026e-02
2.065501000000000142e-02
2.129812000000000025e-02
2.495409000000000169e-02
2.438347000000000084e-02
2.246685000000000001e-02
2.028925999999999993e-02
1.848464999999999830e-02
1.873698000000000030e-02
1.945540000000000116e-02
1.912149000000000140e-02
1.925139000000000017e-02
2.034651999999999988e-02
2.203756000000000118e-02
2.427993000000000165e-02
2.391487000000000127e-02
2.395272999999999847e-02
2.267442000000000069e-02
2.098422000000000134e-02
1.972184000000000090e-02
1.969160999999999828e-02
2.459112999999999924e-02
3.096199999999999994e-02
3.512815999999999855e-02
4.298139000000000126e-02
4.668699999999999933e-02
4.256995000000000223e-02
3.800832999999999989e-02
2.958917000000000144e-02
2.365781999999999954e-02
1.885057999999999873e-02
1.791651000000000007e-02
1.869275999999999924e-02
1.921480999999999884e-02
1.989768000000000092e-02
2.029094999999999857e-02
2.235235000000000000e-02
2.534464000000000161e-02
2.469081000000000053e-02
2.157943999999999835e-02
2.012647999999999868e-02
1.899535000000000112e-02
1.843090000000000006e-02
1.846010000000000012e-02
1.894275999999999946e-02
1.836787000000000142e-02
1.945333000000000132e-02
1.962231999999999865e-02
1.916649999999999951e-02
1.813305999999999946e-02
1.793584000000000150e-02
1.779423999999999936e-02
1.763048999999999866e-02
1.867788000000000087e-02
1.950607000000000035e-02
1.897683000000000009e-02
1.750811999999999855e-02
1.796783999999999881e-02
1.818240999999999954e-02
1.858150000000000079e-02
1.855245000000000158e-02
2.008601999999999957e-02
1.959332000000000087e-02
1.586129999999999832e-02
