1.944159000000000165e-02
2.091093999999999939e-02
2.060373999999999886e-02
2.693703000000000070e-02
3.786384999999999751e-02
3.577087000000000322e-02
3.350689999999999918e-02
4.395171999999999968e-02
6.251795999999999742e-02
8.110030000000000017e-02
7.435651999999999540e-02
5.291913000000000172e-02
3.559248999999999746e-02
2.156448000000000045e-02
2.364977000000000051e-02
4.571490999999999749e-02
7.165813999999999517e-02
1.070850299999999977e-01
1.525335499999999900e-01
1.840465199999999912e-01
1.922437300000000016e-01
1.589651900000000062e-01
1.207229600000000042e-01
7.093025999999999498e-02
3.615696999999999661e-02
2.440327999999999942e-02
2.167991999999999836e-02
2.241150000000000087e-02
3.561882000000000242e-02
4.760753000000000207e-02
4.826247000000000176e-02
6.074187999999999810e-02
6.390009000000000661e-02
6.232365000000000127e-02
4.613688999999999985e-02
2.486170999999999867e-02
2.243604000000000084e-02
2.419726000000000168e-02
2.783274000000000165e-02
2.986486000000000002e-02
2.650254999999999972e-02
2.752639000000000127e-02
2.840712999999999919e-02
2.369392999999999846e-02
2.030231999999999870e-02
2.019991999999999968e-02
2.158635999999999888e-02
2.219366999999999868e-02
2.134760999999999950e-02
2.086959000000000036e-02
2.279033000000000100e-02
2.593468000000000162e-02
2.805264999999999842e-02
2.780051000000000050e-02
2.673874999999999863e-02
2.530154999999999904e-02
2.334403999999999993e-02
2.070376999999999981e-02
1.892359999999999876e-02
2.099967999999999974e-02
2.588876999999999845e-02
2.983844999999999900e-02
2.737418999999999963e-02
1.779822000000000001e-02
