1.739204999999999918e-02
2.027477000000000099e-02
2.029001000000000068e-02
2.302463000000000079e-02
2.555247999999999894e-02
2.471198000000000145e-02
2.117138000000000006e-02
1.878919000000000075e-02
1.866848999999999939e-02
2.169017000000000167e-02
2.430527000000000035e-02
2.238348000000000074e-02
1.959576000000000026e-02
1.972006000000000106e-02
1.913718999999999837e-02
2.071452000000000016e-02
2.367806000000000077e-02
2.349742999999999971e-02
2.074499000000000135e-02
1.981979000000000032e-02
2.009164999999999909e-02
2.277231000000000047e-02
2.445637000000000158e-02
2.197670999999999999e-02
1.989921999999999871e-02
2.006853000000000109e-02
2.180777999999999883e-02
2.561354999999999882e-02
2.238802000000000153e-02
2.005726999999999857e-02
2.346128000000000102e-02
2.365567000000000017e-02
2.665292999999999829e-02
2.755921999999999886e-02
2.613234999999999864e-02
2.170350999999999878e-02
2.001112000000000030e-02
2.500327999999999926e-02
2.707568999999999948e-02
2.293575000000000128e-02
2.133130000000000095e-02
2.332439999999999861e-02
2.989881000000000136e-02
3.763336999999999932e-02
3.454398000000000191e-02
2.731441999999999898e-02
2.513595000000000065e-02
2.307118000000000016e-02
2.594101999999999866e-02
4.337513999999999953e-02
4.908491000000000243e-02
6.102666999999999814e-02
7.884723999999999899e-02
9.649148999999999921e-02
1.031316600000000000e-01
8.539230000000000431e-02
8.042090999999999823e-02
6.770877000000000145e-02
5.316710000000000186e-02
4.004416999999999699e-02
2.872455999999999968e-02
2.066526999999999947e-02
1.788547000000000053e-02
1.740521000000000082e-02
