1.783503999999999992e-02
1.994682000000000052e-02
2.173637999999999959e-02
2.332454999999999945e-02
2.375508999999999954e-02
2.359682999999999919e-02
2.061162999999999884e-02
1.853781999999999999e-02
2.069723000000000049e-02
2.452589000000000158e-02
2.503810000000000063e-02
2.218410999999999994e-02
1.985349000000000141e-02
1.893231999999999901e-02
1.954878999999999992e-02
2.231322999999999987e-02
2.614732999999999988e-02
2.540422999999999987e-02
2.172371000000000024e-02
1.964037999999999895e-02
2.189833999999999878e-02
2.606715999999999894e-02
2.641856999999999886e-02
2.059010999999999827e-02
1.977152999999999897e-02
2.174415000000000028e-02
2.459963000000000080e-02
2.592095000000000163e-02
2.293500999999999873e-02
2.037316999999999947e-02
2.441513000000000017e-02
2.714010999999999854e-02
2.980994000000000005e-02
2.465511000000000091e-02
2.234960000000000072e-02
2.309690999999999828e-02
2.759148999999999977e-02
2.925747000000000070e-02
3.091046999999999892e-02
2.329043999999999906e-02
2.536769999999999997e-02
2.985642000000000157e-02
3.954256999999999911e-02
4.154556999999999695e-02
3.606438000000000005e-02
2.562162000000000120e-02
2.627049999999999871e-02
3.835692000000000268e-02
7.261457000000000328e-02
1.203153099999999948e-01
1.298600299999999874e-01
1.309602900000000070e-01
1.260087799999999869e-01
1.132792499999999980e-01
1.061411200000000055e-01
7.721472999999999531e-02
5.343955999999999706e-02
4.800780999999999799e-02
2.751454999999999873e-02
2.109134999999999829e-02
2.216009999999999855e-02
2.221644000000000049e-02
2.102327000000000015e-02
1.807305999999999843e-02
