1.937530999999999975e-02
2.293780000000000124e-02
2.255582000000000073e-02
2.080548999999999940e-02
1.907479999999999939e-02
1.945948999999999943e-02
1.959815999999999989e-02
1.865846000000000171e-02
2.016292999999999905e-02
2.236174999999999968e-02
2.168973000000000081e-02
1.966918999999999959e-02
1.924665000000000056e-02
1.975715000000000110e-02
2.295532000000000128e-02
2.622601000000000099e-02
2.173688000000000009e-02
1.868331999999999979e-02
1.828743000000000035e-02
2.027189999999999895e-02
2.091551999999999994e-02
2.194573000000000010e-02
2.284220000000000000e-02
2.209693000000000074e-02
2.637598000000000026e-02
3.280948999999999671e-02
3.275266999999999762e-02
2.539216999999999863e-02
2.288953999999999989e-02
2.157635999999999929e-02
2.199981000000000159e-02
2.654727999999999949e-02
2.657976000000000089e-02
2.808725000000000110e-02
3.514389999999999875e-02
3.740365999999999830e-02
4.056537999999999811e-02
3.901352000000000292e-02
3.403036000000000255e-02
2.615231999999999973e-02
2.380979999999999902e-02
3.916292999999999858e-02
6.874201000000000616e-02
9.344706999999999320e-02
1.226246700000000051e-01
1.336370100000000005e-01
1.365749699999999900e-01
1.316937699999999878e-01
9.383788999999999325e-02
5.677179000000000253e-02
5.064914000000000222e-02
3.824055999999999983e-02
2.531844999999999929e-02
2.331567999999999835e-02
2.246857999999999841e-02
2.422921999999999923e-02
2.542898000000000033e-02
3.006415000000000129e-02
3.154024999999999884e-02
4.499265000000000209e-02
4.042836000000000346e-02
3.642449999999999855e-02
2.490509999999999946e-02
1.855292000000000052e-02
