2.589904999999999985e-02
2.850646999999999903e-02
2.535315999999999959e-02
2.626554999999999862e-02
2.387386999999999843e-02
2.030349999999999863e-02
1.900510999999999867e-02
1.905824999999999880e-02
2.260629000000000111e-02
2.796550999999999898e-02
2.641962000000000130e-02
2.265928000000000039e-02
2.077941999999999984e-02
2.410462000000000021e-02
2.438403999999999919e-02
2.543178999999999926e-02
2.751440999999999956e-02
2.449118000000000128e-02
2.132037000000000168e-02
1.901738000000000040e-02
2.123492000000000088e-02
2.680955999999999964e-02
2.612514000000000156e-02
2.068301000000000167e-02
2.002902999999999975e-02
2.061183000000000112e-02
2.510186999999999835e-02
2.705166000000000168e-02
2.601940999999999976e-02
2.664139999999999911e-02
2.830268000000000020e-02
3.001140999999999878e-02
3.120894999999999919e-02
2.559066000000000118e-02
2.080492999999999926e-02
2.771569000000000116e-02
2.921479999999999910e-02
2.980094999999999966e-02
2.627555000000000168e-02
2.369357000000000060e-02
3.352763000000000271e-02
4.327274999999999872e-02
4.840422999999999948e-02
4.912351000000000217e-02
3.380848999999999660e-02
2.306559000000000040e-02
2.824607999999999980e-02
5.110205000000000303e-02
7.919505000000000294e-02
1.314551399999999981e-01
1.449683800000000078e-01
1.403418800000000022e-01
1.550769100000000122e-01
1.489079100000000044e-01
1.129170599999999997e-01
6.884134000000000086e-02
4.229506999999999711e-02
3.282395999999999925e-02
3.286245000000000138e-02
2.097237999999999880e-02
1.941972000000000143e-02
2.083155000000000076e-02
2.235639999999999850e-02
1.963693999999999856e-02
