2.259353000000000056e-02
2.822043000000000121e-02
3.881364999999999815e-02
3.887271999999999950e-02
3.172283000000000047e-02
2.542749999999999871e-02
2.014196999999999863e-02
2.338656000000000068e-02
2.494721000000000091e-02
4.963565000000000338e-02
3.660058000000000061e-02
2.631856999999999946e-02
3.322523000000000143e-02
4.326329999999999759e-02
5.542820999999999859e-02
5.150823000000000207e-02
4.673569999999999808e-02
2.783706000000000028e-02
2.655249999999999971e-02
2.816402000000000141e-02
3.382352999999999749e-02
5.865764999999999868e-02
6.039119999999999905e-02
5.475029000000000007e-02
7.370735000000000481e-02
7.759671999999999403e-02
1.031456300000000020e-01
9.381243000000000221e-02
4.817417999999999700e-02
3.936031999999999725e-02
6.523426999999999698e-02
9.536447000000000673e-02
2.171096200000000032e-01
2.803859400000000002e-01
3.016606600000000249e-01
3.106679299999999810e-01
2.945897299999999941e-01
2.237002999999999908e-01
1.310893999999999948e-01
5.675637000000000043e-02
2.864991999999999886e-02
2.408048999999999953e-02
2.611261999999999958e-02
3.186289999999999956e-02
4.514916000000000068e-02
7.121181000000000039e-02
1.052561300000000033e-01
9.150455000000000394e-02
6.166129000000000054e-02
5.298640999999999768e-02
4.792815999999999743e-02
3.608664000000000316e-02
2.612677999999999875e-02
3.306657999999999820e-02
3.893891000000000019e-02
3.822732999999999687e-02
4.856134000000000145e-02
6.312700000000000256e-02
5.262381000000000003e-02
3.334357999999999767e-02
3.969630999999999854e-02
3.364200999999999997e-02
2.508521000000000015e-02
2.302322999999999870e-02
