2.092166999999999985e-02
2.086056999999999842e-02
1.999495999999999912e-02
2.143213000000000062e-02
2.152760000000000090e-02
1.928627999999999940e-02
1.797305999999999904e-02
1.799985999999999947e-02
2.176306999999999894e-02
2.324858999999999953e-02
2.695921000000000081e-02
2.642245999999999831e-02
2.325415000000000121e-02
2.003461999999999951e-02
2.225063000000000041e-02
2.598543999999999854e-02
2.282671000000000006e-02
2.352624999999999855e-02
2.215560999999999919e-02
2.311136000000000093e-02
2.774062000000000056e-02
3.565849000000000102e-02
3.482165999999999734e-02
2.263234999999999900e-02
2.115507999999999972e-02
2.430227000000000082e-02
2.176608999999999836e-02
2.492992000000000125e-02
2.461727999999999833e-02
2.288174999999999931e-02
1.914787000000000086e-02
2.096307000000000031e-02
2.428198999999999982e-02
2.253683000000000075e-02
2.464757000000000059e-02
2.297884999999999858e-02
3.078898999999999872e-02
3.659549000000000135e-02
3.286102999999999941e-02
2.775017999999999929e-02
2.349042999999999964e-02
2.148850000000000066e-02
2.388824999999999976e-02
2.964059000000000138e-02
4.108072000000000112e-02
4.164860000000000090e-02
4.345410999999999718e-02
3.297793999999999726e-02
4.170217999999999842e-02
4.681062999999999891e-02
5.543866000000000072e-02
4.052921000000000301e-02
3.020714000000000038e-02
4.687398999999999732e-02
5.095216999999999802e-02
8.683203999999999922e-02
1.185457099999999986e-01
1.523038300000000012e-01
1.846602999999999994e-01
1.827261900000000105e-01
2.083928700000000078e-01
1.963891399999999898e-01
1.142352100000000037e-01
1.964737999999999901e-02
