2.514562999999999868e-02
2.681272999999999990e-02
2.403838000000000155e-02
2.357882000000000033e-02
2.058368000000000003e-02
1.912579000000000015e-02
1.899897999999999865e-02
2.008661000000000127e-02
2.388726999999999864e-02
2.537265999999999827e-02
2.564978000000000050e-02
2.178350999999999899e-02
2.065757000000000010e-02
2.727606000000000128e-02
2.590649999999999897e-02
2.360307000000000030e-02
2.268070000000000155e-02
2.216792000000000068e-02
2.157683000000000170e-02
1.990924999999999986e-02
2.299903999999999837e-02
2.803303999999999865e-02
2.273878000000000010e-02
2.088326999999999892e-02
2.099840000000000040e-02
2.221771999999999983e-02
2.463854999999999865e-02
2.671530999999999906e-02
2.742717000000000072e-02
3.263300000000000228e-02
3.105445999999999901e-02
3.375017999999999768e-02
3.188827000000000328e-02
2.464757000000000059e-02
2.082339000000000065e-02
2.911576000000000095e-02
3.704007000000000133e-02
3.875494000000000161e-02
3.340777999999999803e-02
2.867516999999999983e-02
3.798815999999999998e-02
4.628793999999999964e-02
4.944780000000000009e-02
5.383908999999999917e-02
3.553612999999999911e-02
3.059860999999999831e-02
4.772846000000000033e-02
8.256903000000000159e-02
1.191130100000000053e-01
1.664809399999999939e-01
1.892423000000000022e-01
1.963744000000000045e-01
2.046671999999999936e-01
1.925933200000000123e-01
1.344228100000000037e-01
7.184000000000000108e-02
4.988324000000000230e-02
4.446205999999999769e-02
2.784446999999999964e-02
1.995059999999999889e-02
2.126236000000000098e-02
2.557919999999999985e-02
2.312171999999999839e-02
2.017785000000000065e-02
