1.761244000000000004e-02
2.108097000000000096e-02
2.440917000000000087e-02
2.900008000000000100e-02
3.312732000000000177e-02
3.497959999999999958e-02
3.078256000000000048e-02
2.285736000000000018e-02
2.214943999999999941e-02
2.522448000000000051e-02
2.868037000000000017e-02
2.791445999999999858e-02
2.288992000000000110e-02
2.196752999999999900e-02
2.075215000000000046e-02
2.664301000000000169e-02
3.140184000000000031e-02
3.327080000000000315e-02
2.909598000000000045e-02
2.542873000000000008e-02
2.446248000000000172e-02
2.845131999999999869e-02
3.528102000000000321e-02
2.551652000000000087e-02
2.719767000000000018e-02
2.444056000000000006e-02
3.342138000000000053e-02
3.917236000000000329e-02
2.899751999999999885e-02
2.383953000000000114e-02
2.690783000000000064e-02
3.388809999999999739e-02
3.680635000000000157e-02
4.703460999999999753e-02
4.810702000000000034e-02
2.879324000000000119e-02
2.878624000000000113e-02
3.559566000000000119e-02
4.335408999999999791e-02
3.530004999999999948e-02
2.789389000000000104e-02
3.947752000000000205e-02
5.567865999999999788e-02
8.145325000000000482e-02
7.514231999999999856e-02
4.032706999999999958e-02
3.410608999999999863e-02
3.086442000000000005e-02
5.114956999999999837e-02
1.127149800000000063e-01
1.590816800000000031e-01
1.819245200000000062e-01
2.290801299999999929e-01
2.533019499999999979e-01
2.509632399999999763e-01
1.903715099999999938e-01
1.375350100000000131e-01
9.940904999999999880e-02
6.235120000000000245e-02
4.178994999999999932e-02
2.754271000000000150e-02
2.185714000000000060e-02
2.310388999999999846e-02
2.181846999999999953e-02
