2.606912000000000118e-02
2.657640000000000002e-02
2.293682999999999833e-02
2.014768999999999935e-02
1.836091999999999932e-02
1.806912000000000101e-02
1.976079000000000030e-02
2.198721000000000009e-02
2.388128999999999946e-02
2.255466999999999889e-02
2.027017999999999875e-02
2.009504999999999972e-02
2.542480999999999908e-02
2.976354999999999973e-02
2.592438999999999855e-02
1.887286999999999992e-02
1.904228999999999991e-02
2.055482999999999963e-02
2.281499000000000027e-02
2.065379000000000173e-02
2.110804000000000152e-02
2.125277000000000069e-02
2.047861999999999946e-02
2.365365999999999996e-02
2.519348999999999894e-02
2.233305999999999833e-02
2.096490000000000159e-02
2.425719999999999960e-02
3.009190999999999949e-02
3.974997000000000252e-02
3.213184000000000179e-02
2.523881999999999862e-02
2.161296000000000050e-02
2.264354999999999840e-02
2.442447999999999841e-02
3.270783000000000024e-02
3.631207999999999658e-02
3.446401999999999799e-02
2.954033000000000006e-02
3.572894000000000070e-02
4.960304000000000102e-02
4.955376999999999699e-02
3.625561000000000061e-02
3.248100999999999766e-02
2.824211000000000082e-02
4.808570999999999679e-02
7.386188999999999949e-02
9.803526999999999381e-02
1.418684900000000138e-01
1.682731199999999983e-01
1.922810399999999864e-01
1.544156399999999929e-01
1.470475499999999991e-01
1.232489900000000027e-01
7.958426000000000389e-02
4.496569000000000260e-02
2.948359999999999870e-02
2.697404999999999942e-02
2.103951000000000085e-02
1.953801000000000149e-02
2.209443000000000171e-02
2.573589000000000085e-02
2.401011999999999938e-02
1.900935999999999945e-02
