2.856163000000000105e-02
3.896956000000000031e-02
2.919392999999999988e-02
2.407313000000000161e-02
2.776491000000000028e-02
3.339003000000000110e-02
3.179569000000000145e-02
3.240596999999999922e-02
3.966193999999999970e-02
4.615106000000000069e-02
5.901338999999999890e-02
6.499422000000000532e-02
6.465162000000000686e-02
5.267357000000000289e-02
3.773718999999999685e-02
2.466673000000000129e-02
2.453610999999999986e-02
4.572405000000000219e-02
1.063775599999999960e-01
1.780966099999999885e-01
2.245101800000000036e-01
2.317331599999999936e-01
1.931156400000000051e-01
1.420573099999999922e-01
1.033382600000000012e-01
7.107183000000000250e-02
4.511541000000000162e-02
3.085049000000000124e-02
2.812945999999999849e-02
2.893512000000000167e-02
3.539334999999999704e-02
4.496954000000000229e-02
5.394332000000000293e-02
7.501417000000000501e-02
6.623479999999999646e-02
4.671346999999999999e-02
4.452535999999999994e-02
3.417383999999999700e-02
2.877388000000000168e-02
2.956837999999999828e-02
3.227250999999999731e-02
3.190919999999999868e-02
2.779393999999999962e-02
2.213837000000000096e-02
2.009943999999999967e-02
2.285432000000000088e-02
2.220671999999999924e-02
1.986293999999999907e-02
2.168470999999999940e-02
2.422492999999999869e-02
2.792029999999999859e-02
2.598034999999999928e-02
2.291943000000000105e-02
2.185809000000000016e-02
2.374481000000000161e-02
2.620994000000000101e-02
2.514968000000000065e-02
2.486129000000000117e-02
2.826789999999999858e-02
2.469034000000000159e-02
2.071078000000000155e-02
2.341972000000000151e-02
2.330254000000000006e-02
1.879089999999999927e-02
