2.199502000000000054e-02
2.252478999999999940e-02
1.921217999999999884e-02
1.877641999999999853e-02
2.082428000000000057e-02
2.031381000000000159e-02
2.014555000000000165e-02
2.163576000000000041e-02
2.403871000000000133e-02
2.754817999999999850e-02
2.891815000000000010e-02
2.995760000000000089e-02
3.010757999999999837e-02
2.698682999999999985e-02
2.235735999999999973e-02
1.882711999999999927e-02
2.066114000000000145e-02
2.612236000000000072e-02
4.209820999999999702e-02
6.210112999999999744e-02
7.715117000000000502e-02
8.281130000000000435e-02
6.741123000000000254e-02
5.485581999999999958e-02
4.058827000000000268e-02
2.870893999999999877e-02
2.361359999999999848e-02
1.967425999999999897e-02
2.027610999999999997e-02
2.105341000000000157e-02
2.232873999999999970e-02
2.780965000000000173e-02
3.075456000000000023e-02
3.591831000000000190e-02
3.151053999999999661e-02
2.643500999999999837e-02
2.365491000000000121e-02
2.155839000000000019e-02
2.058952000000000004e-02
2.151522999999999977e-02
2.106629000000000140e-02
2.211907000000000109e-02
2.101567999999999839e-02
1.918680999999999859e-02
1.797812000000000021e-02
1.783384000000000011e-02
1.852173999999999834e-02
1.819323999999999941e-02
1.875104999999999827e-02
1.876925000000000121e-02
2.033986999999999948e-02
1.991402999999999923e-02
1.913122000000000086e-02
1.908949000000000062e-02
1.954954000000000067e-02
2.057331000000000090e-02
1.936826999999999993e-02
1.914284999999999945e-02
2.035452000000000095e-02
1.992779999999999899e-02
1.893562000000000023e-02
2.005441999999999989e-02
1.912109000000000031e-02
1.668091000000000018e-02
