1.834266000000000021e-02
2.236733000000000124e-02
2.311962000000000045e-02
2.237418999999999866e-02
2.362592000000000164e-02
2.210143999999999997e-02
1.970730999999999872e-02
1.895915999999999921e-02
2.133095999999999950e-02
2.320136999999999894e-02
2.340213999999999836e-02
2.303385000000000155e-02
2.316599999999999909e-02
2.098581000000000057e-02
2.383267000000000024e-02
2.642028000000000085e-02
2.278880000000000142e-02
1.952434999999999934e-02
1.965160999999999991e-02
2.076114999999999905e-02
2.012761999999999885e-02
2.300655000000000061e-02
2.295035000000000130e-02
2.400957999999999912e-02
2.842085000000000097e-02
2.966407999999999892e-02
3.114302000000000042e-02
2.897011999999999851e-02
2.749298000000000020e-02
2.429900000000000115e-02
2.112189999999999901e-02
2.190577000000000149e-02
2.382512000000000171e-02
2.420024999999999954e-02
3.117810999999999846e-02
3.733315999999999718e-02
4.401272999999999991e-02
4.378524000000000305e-02
3.732064000000000215e-02
3.321270999999999946e-02
2.639611000000000041e-02
3.390404000000000334e-02
5.211505999999999778e-02
5.657265999999999684e-02
6.899463000000000124e-02
9.017559999999999465e-02
1.251832099999999892e-01
1.388729099999999883e-01
1.191600899999999963e-01
8.323057000000000372e-02
6.650361000000000467e-02
4.735173000000000160e-02
3.402116000000000168e-02
2.902164000000000132e-02
2.027394999999999892e-02
2.190086000000000116e-02
2.423364000000000074e-02
2.562895999999999924e-02
3.014560000000000156e-02
3.622389000000000164e-02
4.054767000000000093e-02
3.621920000000000001e-02
2.710892999999999983e-02
1.885919000000000137e-02
