2.638737000000000027e-02
2.817079999999999931e-02
3.563534000000000146e-02
4.564337999999999729e-02
4.585310000000000080e-02
4.409387000000000029e-02
4.995066000000000089e-02
3.569574999999999831e-02
2.767777999999999905e-02
2.030995000000000023e-02
1.890537000000000120e-02
2.441733000000000098e-02
2.939405999999999963e-02
3.624299000000000270e-02
4.841757000000000005e-02
5.718585000000000335e-02
4.912475000000000175e-02
3.999902000000000318e-02
4.912731000000000042e-02
6.131658000000000247e-02
3.672738999999999865e-02
3.272179000000000060e-02
5.485683999999999699e-02
9.323407999999999696e-02
1.510593299999999917e-01
2.183855299999999944e-01
2.311397500000000049e-01
2.219126999999999905e-01
1.674192700000000089e-01
1.154614100000000004e-01
6.388235000000000441e-02
4.773762000000000144e-02
3.423390999999999934e-02
2.089357999999999840e-02
2.880548000000000136e-02
3.089499999999999885e-02
4.527408000000000127e-02
6.509826999999999975e-02
6.490943000000000407e-02
5.258853000000000139e-02
4.867144000000000331e-02
3.593898000000000231e-02
2.865124999999999963e-02
2.447985999999999912e-02
2.484996999999999900e-02
2.276345000000000104e-02
2.795423000000000005e-02
2.669782000000000058e-02
2.752051999999999971e-02
2.588044000000000108e-02
2.169211999999999876e-02
2.143083000000000141e-02
2.315454999999999944e-02
2.628822000000000103e-02
2.950492999999999866e-02
2.373561000000000074e-02
2.126586999999999922e-02
1.989449999999999899e-02
1.884071000000000010e-02
2.008829000000000170e-02
2.097475999999999854e-02
2.615187999999999888e-02
2.628259999999999971e-02
1.934177999999999939e-02
