2.240674999999999958e-02
2.276150000000000048e-02
2.052771000000000109e-02
1.891883999999999927e-02
1.824711999999999862e-02
2.011475999999999889e-02
2.078696000000000016e-02
1.984249999999999903e-02
1.929871000000000017e-02
1.998399000000000009e-02
2.221321999999999880e-02
2.740621000000000029e-02
3.224228999999999984e-02
3.583204999999999724e-02
3.289915000000000200e-02
2.434841999999999909e-02
1.895768000000000106e-02
2.014068999999999929e-02
2.360802999999999860e-02
2.422755000000000047e-02
2.301923999999999984e-02
2.749358999999999831e-02
3.062896999999999842e-02
3.464065999999999673e-02
3.378029999999999922e-02
3.373550000000000160e-02
2.607618000000000089e-02
2.322750999999999982e-02
3.463519999999999793e-02
5.413126000000000049e-02
8.289256999999999875e-02
1.011497100000000038e-01
1.367860899999999991e-01
1.238067600000000018e-01
1.066865300000000016e-01
9.512479999999999547e-02
7.307555999999999774e-02
4.059046999999999655e-02
2.366628999999999955e-02
2.081888000000000141e-02
2.311536999999999967e-02
3.160124999999999740e-02
4.078209000000000001e-02
4.383791000000000077e-02
4.864754000000000300e-02
4.948381000000000307e-02
5.397228999999999915e-02
4.747400000000000231e-02
3.013000000000000053e-02
2.084437000000000095e-02
1.963385000000000130e-02
2.240667000000000006e-02
2.298858999999999972e-02
2.671137000000000164e-02
3.049315999999999832e-02
3.077979999999999952e-02
3.094939999999999844e-02
3.093641999999999920e-02
2.891242999999999938e-02
2.367052999999999865e-02
2.240556999999999965e-02
2.376641999999999991e-02
2.101870000000000127e-02
1.786311999999999969e-02
