1.893885000000000013e-02
2.153195999999999929e-02
2.201457999999999887e-02
2.073273999999999950e-02
2.024516000000000163e-02
1.980946999999999916e-02
1.825465999999999894e-02
1.801584999999999992e-02
1.784445999999999949e-02
1.817124999999999990e-02
1.841776999999999997e-02
1.895457000000000045e-02
1.891856999999999914e-02
1.937354000000000159e-02
1.956010999999999861e-02
1.984614999999999990e-02
2.016336999999999990e-02
1.915149000000000018e-02
1.851322000000000037e-02
1.868213999999999986e-02
1.839284000000000058e-02
1.825341999999999937e-02
1.820219000000000004e-02
1.799887999999999835e-02
1.871114000000000110e-02
1.879807000000000006e-02
1.844294999999999962e-02
1.839580000000000035e-02
1.799053000000000110e-02
1.873431000000000055e-02
1.887321000000000137e-02
1.837296999999999889e-02
1.867318999999999923e-02
1.837518000000000137e-02
1.824929999999999955e-02
1.808707000000000023e-02
1.896685999999999858e-02
1.926695000000000144e-02
1.905847999999999917e-02
1.778503999999999849e-02
1.808461999999999917e-02
1.881253999999999912e-02
1.987123000000000014e-02
1.982545000000000140e-02
1.917338000000000028e-02
1.909285999999999969e-02
1.949344000000000077e-02
1.939694999999999961e-02
1.938944000000000084e-02
1.872213000000000002e-02
1.833152999999999866e-02
1.803418999999999855e-02
1.914717999999999976e-02
1.976054000000000005e-02
1.900699999999999959e-02
1.914659000000000152e-02
1.833794000000000049e-02
1.859420000000000170e-02
1.847282999999999911e-02
1.882112000000000021e-02
1.953285000000000091e-02
1.953459000000000098e-02
1.833672999999999900e-02
1.620790000000000078e-02
