1.785828000000000068e-02
2.233357999999999871e-02
2.075079000000000159e-02
1.810227999999999837e-02
2.139496000000000106e-02
2.576886999999999928e-02
3.110581000000000110e-02
3.433222999999999830e-02
3.238615999999999717e-02
2.388532999999999976e-02
1.986194999999999974e-02
1.938433000000000170e-02
2.489250000000000143e-02
2.423896999999999857e-02
2.812049999999999966e-02
2.501085000000000114e-02
2.259842000000000101e-02
1.946743000000000084e-02
2.716257999999999867e-02
2.721600000000000061e-02
2.694558000000000023e-02
2.860398999999999928e-02
2.989908000000000149e-02
2.410357999999999945e-02
3.256036000000000347e-02
3.476185999999999859e-02
2.706623999999999836e-02
2.325233000000000161e-02
1.931100999999999998e-02
2.106256000000000100e-02
2.475774999999999851e-02
2.376506000000000104e-02
2.443746999999999933e-02
2.928038999999999989e-02
3.675529000000000296e-02
3.083032999999999954e-02
2.644244999999999929e-02
2.602619000000000113e-02
2.465169000000000041e-02
2.551428000000000029e-02
2.522102000000000024e-02
2.857478999999999922e-02
3.344525000000000275e-02
4.075225999999999849e-02
4.370457999999999982e-02
4.948878999999999778e-02
6.990438000000000207e-02
6.868427000000000560e-02
4.725473000000000173e-02
3.221307000000000337e-02
2.921299999999999938e-02
4.321149999999999991e-02
7.078534000000000215e-02
1.182537800000000028e-01
1.781235200000000074e-01
1.797278200000000103e-01
1.887417299999999964e-01
1.762074499999999877e-01
1.610484299999999924e-01
1.350599700000000014e-01
8.817688999999999389e-02
5.679044999999999926e-02
3.312409999999999660e-02
1.965391999999999834e-02
