1.750258000000000022e-02
1.838325000000000028e-02
1.887404000000000165e-02
2.015371999999999997e-02
2.079703000000000107e-02
2.076998999999999859e-02
1.934206000000000120e-02
1.823827999999999908e-02
1.832078999999999999e-02
1.959291000000000157e-02
2.050292999999999907e-02
2.041890999999999845e-02
1.927196000000000117e-02
1.893202000000000079e-02
1.876413000000000039e-02
1.993380999999999972e-02
2.101294999999999899e-02
2.094209000000000001e-02
1.962778999999999913e-02
1.891835000000000044e-02
1.969045999999999991e-02
2.053556999999999952e-02
2.115977999999999956e-02
1.942125999999999922e-02
1.870343000000000006e-02
1.907879999999999993e-02
1.995622999999999841e-02
2.178510999999999989e-02
2.054894999999999985e-02
1.877797000000000147e-02
1.948379999999999904e-02
1.991000999999999882e-02
2.232390000000000069e-02
2.214742000000000099e-02
2.150685999999999917e-02
1.982004999999999878e-02
1.986160000000000009e-02
2.323789999999999883e-02
2.259964000000000070e-02
2.055743999999999974e-02
1.986399999999999971e-02
2.153410999999999867e-02
2.557051999999999936e-02
2.828753999999999991e-02
2.601126000000000132e-02
2.218420000000000114e-02
2.065453999999999901e-02
2.091457999999999859e-02
2.550091000000000163e-02
3.662561000000000289e-02
4.489727000000000301e-02
4.992230000000000278e-02
5.590048000000000239e-02
6.523866999999999861e-02
6.056614999999999915e-02
5.171855000000000202e-02
4.314431999999999989e-02
3.694433999999999912e-02
3.119995999999999881e-02
2.572268999999999944e-02
2.197261000000000006e-02
2.037564000000000042e-02
1.794603999999999991e-02
1.660241999999999968e-02
