2.352867999999999973e-02
3.175093999999999833e-02
2.654184000000000057e-02
2.253368999999999858e-02
2.163740999999999928e-02
2.374068000000000012e-02
2.217036000000000007e-02
2.055651999999999827e-02
2.257781999999999845e-02
2.526822000000000096e-02
2.767390999999999948e-02
3.601387999999999812e-02
3.891411000000000175e-02
3.902905999999999737e-02
3.438012000000000012e-02
2.402502999999999930e-02
2.091302999999999912e-02
2.551772000000000068e-02
4.917612999999999845e-02
7.331145999999999496e-02
1.039914900000000059e-01
1.235180099999999975e-01
1.151883199999999968e-01
9.346311999999999676e-02
7.070811000000000457e-02
5.492506999999999945e-02
3.583838000000000301e-02
2.256967000000000001e-02
2.203619999999999884e-02
2.343415000000000081e-02
2.957929000000000114e-02
4.006843000000000210e-02
4.382550999999999808e-02
5.805376000000000286e-02
5.065117000000000230e-02
3.761964999999999754e-02
3.586581999999999965e-02
3.165095999999999882e-02
2.570624999999999993e-02
2.528646999999999839e-02
2.779805999999999944e-02
2.707369000000000095e-02
2.506096000000000018e-02
2.162636999999999893e-02
2.199088999999999905e-02
2.218391999999999933e-02
1.990884000000000056e-02
1.855725000000000083e-02
1.900007000000000085e-02
2.084903999999999924e-02
2.455763999999999864e-02
2.570878000000000052e-02
2.030391999999999961e-02
1.881700000000000039e-02
1.956124000000000057e-02
2.058729000000000114e-02
2.262489000000000167e-02
2.693169999999999939e-02
3.166793999999999859e-02
2.696368999999999849e-02
2.097069999999999837e-02
1.943587999999999913e-02
1.887196000000000012e-02
1.731245000000000006e-02
