1.824815999999999938e-02
3.205253000000000269e-02
3.319232999999999906e-02
2.192177000000000014e-02
2.459578999999999932e-02
2.910518000000000133e-02
2.975043000000000132e-02
3.509120000000000295e-02
4.027818999999999844e-02
3.901368999999999670e-02
3.547070000000000084e-02
2.478262999999999994e-02
2.060257000000000061e-02
2.665263999999999828e-02
2.917555999999999969e-02
4.154544000000000292e-02
3.791510000000000019e-02
2.734032999999999949e-02
2.985911999999999941e-02
4.656881999999999688e-02
5.078103999999999951e-02
4.686227999999999921e-02
3.391675999999999719e-02
2.182635999999999951e-02
2.747462999999999989e-02
6.447355000000000447e-02
1.106540000000000024e-01
1.670441900000000091e-01
1.886966200000000093e-01
1.707802599999999893e-01
1.562921399999999961e-01
1.338845899999999978e-01
9.905732000000000426e-02
5.517650999999999806e-02
2.839279999999999929e-02
2.032203999999999955e-02
2.309539999999999857e-02
2.762113000000000068e-02
2.992494000000000057e-02
3.989041000000000115e-02
4.877216000000000190e-02
5.190862000000000254e-02
5.018554000000000070e-02
4.197085999999999872e-02
3.521843999999999669e-02
2.523150000000000046e-02
2.108058000000000154e-02
2.076013999999999984e-02
2.477909000000000014e-02
3.051668999999999909e-02
3.073205999999999855e-02
2.708315999999999849e-02
2.806797999999999932e-02
2.483782000000000004e-02
2.178108000000000127e-02
2.386865000000000167e-02
2.187168999999999919e-02
2.072130000000000152e-02
2.040323999999999957e-02
2.812349999999999919e-02
2.811792000000000111e-02
2.251157000000000158e-02
1.900968000000000102e-02
1.868409000000000042e-02
