3.463058000000000108e-02
3.639389999999999986e-02
3.463487999999999983e-02
2.265081999999999859e-02
1.970299000000000009e-02
2.544325999999999879e-02
4.430449000000000193e-02
7.305839999999999557e-02
1.021758299999999953e-01
1.257154299999999891e-01
1.332387200000000049e-01
1.252134299999999867e-01
1.295786899999999964e-01
9.657456999999999847e-02
6.258209000000000688e-02
4.476520999999999972e-02
3.280657000000000018e-02
2.195013000000000172e-02
2.296795999999999907e-02
2.417344000000000090e-02
2.283583999999999961e-02
2.724462000000000064e-02
3.175370000000000276e-02
4.048596000000000139e-02
4.614714999999999789e-02
4.265793999999999836e-02
2.837831999999999855e-02
2.163744000000000084e-02
2.177145999999999942e-02
2.199218000000000006e-02
2.205133999999999914e-02
2.193335000000000076e-02
2.398841000000000168e-02
2.464308999999999944e-02
2.533271999999999954e-02
2.406704999999999955e-02
2.164498000000000116e-02
2.177640000000000131e-02
2.278712999999999919e-02
2.206262000000000154e-02
2.099552999999999836e-02
2.041553999999999938e-02
2.151010999999999895e-02
2.215015999999999860e-02
2.274802000000000074e-02
2.297574000000000144e-02
2.150058999999999998e-02
1.988134999999999902e-02
1.989654000000000075e-02
2.440714000000000078e-02
2.748485999999999985e-02
2.554555000000000020e-02
2.110319000000000084e-02
1.884674999999999892e-02
2.049667000000000155e-02
2.131904000000000091e-02
2.154338000000000086e-02
2.115894000000000108e-02
2.373513999999999832e-02
2.083878999999999940e-02
1.961533999999999847e-02
2.181721999999999828e-02
2.052365999999999913e-02
1.763032999999999961e-02
