2.328979999999999939e-02
3.128100999999999798e-02
2.656638999999999876e-02
2.317639999999999978e-02
1.963499999999999968e-02
2.111957999999999891e-02
2.063115000000000088e-02
2.213638999999999885e-02
2.280253999999999961e-02
2.502928000000000097e-02
2.451004999999999850e-02
2.788237999999999828e-02
3.148349000000000286e-02
3.414765000000000161e-02
3.470812000000000203e-02
2.674568000000000084e-02
2.170064999999999841e-02
1.954086000000000017e-02
2.356839999999999977e-02
3.595881000000000077e-02
5.899295000000000233e-02
7.939044000000000656e-02
7.834096999999999589e-02
7.253990000000000438e-02
6.946629999999999472e-02
5.983987999999999807e-02
3.981838000000000044e-02
2.896502999999999925e-02
2.158648999999999984e-02
1.854859000000000022e-02
2.059897999999999937e-02
2.070423000000000055e-02
2.131332000000000018e-02
2.765311000000000158e-02
3.418837000000000265e-02
3.328529999999999683e-02
3.388769999999999977e-02
3.538871999999999851e-02
2.720380999999999841e-02
2.356971000000000066e-02
2.268610999999999892e-02
2.307199999999999876e-02
2.027947000000000083e-02
2.036237000000000116e-02
2.285585999999999868e-02
2.322924999999999990e-02
2.121175999999999964e-02
2.064126999999999976e-02
2.143615000000000104e-02
2.055668000000000079e-02
2.427889000000000089e-02
2.416534000000000043e-02
2.133871000000000032e-02
2.193503000000000119e-02
2.054283999999999971e-02
2.051448000000000160e-02
2.010767000000000110e-02
2.632686999999999874e-02
3.118173000000000125e-02
2.619985999999999843e-02
2.149289999999999881e-02
1.918852999999999878e-02
1.752396999999999982e-02
1.700449999999999878e-02
