1.799357999999999860e-02
1.903525000000000009e-02
1.953799000000000161e-02
2.026328000000000157e-02
1.962975999999999957e-02
1.848052000000000028e-02
1.975717999999999919e-02
1.978434000000000095e-02
1.879532000000000078e-02
1.927463999999999913e-02
2.096537999999999874e-02
2.054299999999999876e-02
1.974379999999999885e-02
1.986289999999999931e-02
1.938727999999999979e-02
2.042025999999999911e-02
2.017412999999999845e-02
1.892606000000000149e-02
1.916291999999999995e-02
2.016611000000000098e-02
2.148517999999999956e-02
2.309788000000000119e-02
2.230620999999999993e-02
1.982402999999999943e-02
1.900568999999999870e-02
1.883521000000000153e-02
1.989470000000000127e-02
2.374953999999999954e-02
2.648754000000000039e-02
2.908178000000000152e-02
2.889906000000000072e-02
2.812028000000000097e-02
2.584068000000000129e-02
2.226840000000000069e-02
1.963248000000000076e-02
2.060031999999999835e-02
2.048898999999999859e-02
2.021960999999999897e-02
1.947907999999999931e-02
1.834623000000000156e-02
1.863646000000000053e-02
1.985672000000000131e-02
2.177801000000000042e-02
2.102702000000000043e-02
1.944152000000000033e-02
1.890481000000000106e-02
1.827830999999999900e-02
1.881758000000000042e-02
1.850337999999999983e-02
1.855112999999999901e-02
1.852093000000000142e-02
1.805891999999999914e-02
1.804868999999999918e-02
1.861977000000000076e-02
1.902264999999999859e-02
1.890379000000000018e-02
1.818907999999999983e-02
1.831349999999999992e-02
1.884413000000000060e-02
1.868811000000000083e-02
1.852426000000000073e-02
1.873029999999999834e-02
1.701464000000000101e-02
1.578140000000000098e-02
