1.652299999999999949e-02
1.760315999999999964e-02
1.836037000000000086e-02
1.913217000000000043e-02
1.893585999999999880e-02
1.901633000000000143e-02
1.803990999999999928e-02
1.802571000000000034e-02
1.906965999999999870e-02
1.959560000000000121e-02
1.873645000000000171e-02
1.849243999999999888e-02
1.806264000000000133e-02
1.767374999999999849e-02
1.769864000000000159e-02
1.786360000000000031e-02
1.775813000000000044e-02
1.718681000000000028e-02
1.742381999999999959e-02
1.772318999999999978e-02
1.744731999999999880e-02
1.813945000000000141e-02
1.771336000000000091e-02
1.705626000000000017e-02
1.743919000000000025e-02
1.737230000000000024e-02
1.764951000000000020e-02
1.757422999999999971e-02
1.757405000000000078e-02
1.777221999999999830e-02
1.733571999999999891e-02
1.759857999999999909e-02
1.769307000000000171e-02
1.755369999999999847e-02
1.768830999999999876e-02
1.766618999999999828e-02
1.775217999999999935e-02
1.796568000000000123e-02
1.797036999999999940e-02
1.758712999999999943e-02
1.726605000000000154e-02
1.744116999999999890e-02
1.779808000000000084e-02
1.752592000000000039e-02
1.764264000000000110e-02
1.713562999999999892e-02
1.772287000000000168e-02
1.770298999999999831e-02
1.769613999999999909e-02
1.766184999999999977e-02
1.797976000000000088e-02
1.746322999999999973e-02
1.734397999999999843e-02
1.806576999999999836e-02
1.768395000000000036e-02
1.755837999999999843e-02
1.768975999999999882e-02
1.731001999999999888e-02
1.767091999999999968e-02
1.747978000000000032e-02
1.764684999999999865e-02
1.763494000000000173e-02
1.635806999999999886e-02
1.535680000000000031e-02
