2.072838999999999932e-02
2.536127999999999993e-02
2.358632999999999910e-02
3.058519999999999989e-02
3.088141999999999970e-02
2.982243000000000047e-02
2.391008000000000022e-02
2.192604000000000081e-02
2.471981999999999999e-02
3.210495000000000015e-02
3.357203999999999744e-02
2.576604000000000047e-02
2.106165000000000120e-02
2.521812999999999833e-02
2.287882999999999931e-02
3.035975000000000132e-02
3.672679000000000221e-02
3.454979999999999857e-02
2.727219000000000171e-02
2.074401999999999843e-02
2.617813000000000084e-02
3.042190000000000172e-02
3.331904000000000116e-02
2.675790999999999933e-02
2.186571000000000001e-02
2.481979000000000130e-02
3.478935999999999834e-02
4.623892999999999753e-02
3.457703000000000165e-02
2.552909000000000081e-02
3.202742000000000089e-02
3.638547000000000309e-02
3.761823999999999724e-02
4.021907999999999733e-02
3.115723000000000104e-02
2.875507999999999884e-02
3.432356999999999769e-02
4.163717000000000112e-02
4.545479999999999660e-02
3.513224000000000208e-02
3.478301999999999783e-02
4.611934000000000172e-02
5.947133999999999754e-02
8.378699000000000563e-02
6.512940000000000396e-02
3.608287999999999773e-02
3.118378000000000122e-02
5.284186999999999912e-02
9.964813000000000143e-02
1.758875299999999864e-01
2.296045999999999920e-01
2.474014599999999897e-01
2.640183899999999917e-01
2.456474800000000014e-01
1.931673899999999944e-01
1.332522800000000007e-01
9.084783000000000441e-02
6.199550000000000199e-02
3.576243999999999951e-02
2.718653999999999862e-02
2.227347999999999828e-02
2.414546999999999874e-02
2.372571999999999875e-02
2.192229999999999873e-02
