4.734003999999999990e-02
6.808514999999999706e-02
6.350324000000000246e-02
5.046497999999999956e-02
3.672316999999999942e-02
2.444261000000000003e-02
2.208616999999999872e-02
2.524732000000000018e-02
3.837658000000000041e-02
3.516099999999999781e-02
2.940807000000000143e-02
3.924491000000000090e-02
4.791626999999999692e-02
7.194290000000000407e-02
7.462054999999999383e-02
5.419514999999999749e-02
3.647627999999999981e-02
2.651308999999999957e-02
3.561131000000000019e-02
6.300870000000000082e-02
1.291382199999999980e-01
1.742129600000000000e-01
1.769182400000000044e-01
1.681780700000000128e-01
1.522635699999999870e-01
1.334204800000000080e-01
7.311800000000000244e-02
4.154854999999999660e-02
2.287867999999999846e-02
2.155345999999999998e-02
3.262053000000000175e-02
3.335417000000000243e-02
3.618794000000000177e-02
5.541547000000000139e-02
6.559481999999999813e-02
6.205548999999999787e-02
7.153086000000000166e-02
7.069535999999999876e-02
5.048717999999999956e-02
3.540764999999999885e-02
3.248461999999999877e-02
3.061971000000000137e-02
2.496871999999999980e-02
2.587824000000000027e-02
3.275779000000000191e-02
3.239163999999999932e-02
2.566304999999999975e-02
2.480898000000000131e-02
2.529558999999999974e-02
2.714398999999999978e-02
3.410571999999999909e-02
3.313429999999999848e-02
2.538835999999999871e-02
2.509464000000000139e-02
2.699350999999999834e-02
2.663035000000000055e-02
2.685117999999999880e-02
4.362705000000000055e-02
5.275959000000000204e-02
4.302422000000000191e-02
2.926882999999999915e-02
2.242902000000000090e-02
1.940089000000000050e-02
1.824046000000000001e-02
