2.424710999999999880e-02
2.482407999999999837e-02
2.752343999999999971e-02
2.682388999999999954e-02
2.540175999999999892e-02
2.245468000000000117e-02
1.997335000000000083e-02
2.014940000000000134e-02
2.192563000000000151e-02
2.736867000000000119e-02
2.814482999999999915e-02
2.209395999999999929e-02
2.223108000000000029e-02
2.633148999999999906e-02
2.491089999999999971e-02
2.687248000000000067e-02
3.026844999999999883e-02
2.837049000000000168e-02
2.320919999999999928e-02
1.965137999999999954e-02
2.532991000000000062e-02
3.376206999999999819e-02
2.791371999999999950e-02
2.520475999999999966e-02
2.136505000000000001e-02
2.340760000000000063e-02
3.090330999999999981e-02
3.223937000000000330e-02
3.255489000000000299e-02
3.142001999999999989e-02
4.586926000000000198e-02
3.759621999999999964e-02
4.401784000000000252e-02
2.953899999999999929e-02
2.997452000000000102e-02
3.159193999999999891e-02
4.045075000000000059e-02
4.671118999999999966e-02
4.113342999999999861e-02
3.541185000000000166e-02
5.359392999999999796e-02
6.708327999999999514e-02
5.859053000000000178e-02
6.659453999999999374e-02
4.161747999999999836e-02
3.443493999999999722e-02
4.647642999999999913e-02
8.443254000000000037e-02
1.504351499999999897e-01
2.118216800000000122e-01
2.413641400000000048e-01
2.512872500000000175e-01
2.539035700000000229e-01
2.562074100000000243e-01
1.973197800000000002e-01
1.010397199999999995e-01
6.770586000000000659e-02
4.168286000000000213e-02
2.617163999999999949e-02
2.095493000000000008e-02
2.015998999999999916e-02
2.915463000000000082e-02
2.734181999999999932e-02
2.185578000000000173e-02
