1.693667999999999910e-02
1.975253000000000078e-02
2.041892999999999833e-02
1.950336000000000083e-02
1.916185999999999931e-02
1.850098000000000020e-02
1.810165999999999858e-02
1.836669000000000149e-02
1.837625999999999843e-02
2.054927000000000142e-02
1.998079999999999995e-02
1.883688000000000029e-02
2.073414000000000160e-02
2.157098000000000002e-02
2.503106000000000081e-02
2.388511000000000106e-02
2.160625000000000046e-02
2.005148000000000000e-02
1.806142999999999985e-02
1.951794999999999919e-02
1.943682999999999869e-02
2.135574999999999973e-02
2.174649999999999847e-02
2.243374999999999883e-02
2.305750999999999981e-02
2.696683999999999887e-02
2.871359000000000064e-02
2.981976000000000071e-02
2.191974000000000006e-02
1.940723999999999921e-02
2.199080000000000132e-02
2.512498000000000162e-02
4.132340999999999792e-02
5.255694999999999811e-02
6.260950999999999322e-02
6.436432000000000264e-02
6.889576000000000033e-02
5.145440999999999904e-02
3.747571999999999709e-02
2.278113000000000013e-02
1.843730000000000022e-02
1.790210999999999886e-02
1.792733999999999994e-02
1.873174000000000020e-02
2.142608999999999833e-02
2.439436000000000035e-02
2.949094999999999842e-02
2.871249000000000023e-02
2.527377999999999916e-02
2.616395999999999999e-02
2.541560000000000000e-02
2.080177999999999888e-02
1.883695000000000161e-02
2.137802999999999926e-02
2.201333999999999930e-02
2.219470000000000123e-02
2.156328999999999885e-02
2.359276999999999902e-02
2.326991999999999949e-02
2.222870000000000054e-02
2.402699999999999975e-02
2.393694000000000030e-02
2.021016000000000132e-02
1.656643000000000004e-02
