2.642668999999999921e-02
2.857934000000000169e-02
2.197398999999999880e-02
2.346822000000000144e-02
3.215644000000000141e-02
3.024229000000000153e-02
2.529597000000000095e-02
2.799327000000000065e-02
4.351309999999999900e-02
5.574277999999999872e-02
6.944039999999999935e-02
5.952849000000000335e-02
4.828919999999999740e-02
2.887435000000000002e-02
2.255106999999999945e-02
3.014976999999999935e-02
4.001704999999999846e-02
6.532329000000000607e-02
1.192908800000000019e-01
1.793094899999999881e-01
1.965940999999999939e-01
1.880342200000000019e-01
1.446744899999999889e-01
1.039578800000000025e-01
6.092145000000000199e-02
3.857457999999999720e-02
2.610882999999999954e-02
2.279420000000000057e-02
2.887135000000000049e-02
3.168092000000000130e-02
3.487810000000000216e-02
4.919819000000000275e-02
5.952401999999999693e-02
6.314836000000000060e-02
5.272099999999999703e-02
3.627781000000000061e-02
3.030035000000000020e-02
2.749841999999999911e-02
2.688977000000000034e-02
3.023527000000000159e-02
2.894499000000000030e-02
2.819158000000000081e-02
2.935973000000000055e-02
2.312907999999999978e-02
1.955967999999999943e-02
2.034474000000000005e-02
2.091751000000000027e-02
2.000648000000000010e-02
2.283013999999999877e-02
2.273290000000000033e-02
2.501449000000000034e-02
2.475507999999999875e-02
2.312497999999999984e-02
2.285865999999999940e-02
2.453359000000000095e-02
2.605880000000000002e-02
2.493315999999999935e-02
2.143410000000000107e-02
2.280373000000000122e-02
2.267950999999999995e-02
2.434421999999999975e-02
2.997587999999999989e-02
2.607614000000000112e-02
1.968523000000000148e-02
