2.346830999999999917e-02
3.508759999999999657e-02
3.321353999999999973e-02
2.775994999999999852e-02
2.344542000000000154e-02
1.983777000000000110e-02
1.822363000000000108e-02
1.901633000000000143e-02
2.152172999999999933e-02
2.276535999999999837e-02
2.122788999999999926e-02
2.228455000000000019e-02
2.489322000000000062e-02
3.123572000000000154e-02
3.407919999999999700e-02
3.098456999999999947e-02
2.618105999999999906e-02
1.868043999999999955e-02
1.964609999999999967e-02
2.479123000000000090e-02
3.894103000000000148e-02
5.837616000000000333e-02
6.600636999999999477e-02
6.494147999999999588e-02
5.928764000000000256e-02
5.844146000000000063e-02
4.264640000000000097e-02
3.159261000000000014e-02
2.466323000000000126e-02
1.945459999999999898e-02
1.962619999999999990e-02
1.992276000000000116e-02
2.048592999999999942e-02
2.413505999999999985e-02
2.763039000000000120e-02
2.813198999999999908e-02
3.211376999999999982e-02
3.136756000000000266e-02
2.600335999999999967e-02
2.163891000000000078e-02
2.036800000000000069e-02
1.989635999999999835e-02
1.909421000000000035e-02
1.959046000000000051e-02
2.221934000000000062e-02
2.177172999999999956e-02
1.981855000000000075e-02
1.992141000000000051e-02
1.883678000000000088e-02
1.881605000000000083e-02
2.029761000000000065e-02
1.987179999999999849e-02
1.895405000000000006e-02
1.955807999999999852e-02
1.969403000000000126e-02
1.880396999999999971e-02
1.847760999999999848e-02
2.282466999999999829e-02
2.623438000000000159e-02
2.489556000000000061e-02
2.135006999999999877e-02
1.931864999999999971e-02
1.753882000000000010e-02
1.637411999999999895e-02
