2.732261999999999885e-02
5.399508000000000085e-02
4.941653000000000018e-02
4.875963999999999993e-02
8.411456999999999962e-02
1.037795600000000068e-01
4.930294999999999817e-02
4.109362999999999905e-02
3.111125000000000002e-02
2.351817000000000144e-02
4.508087000000000205e-02
9.427757999999999972e-02
1.838803699999999874e-01
2.297391900000000098e-01
2.182239400000000051e-01
2.625812299999999988e-01
2.486408400000000019e-01
1.645996899999999930e-01
8.425025999999999349e-02
5.896956999999999893e-02
3.479298000000000113e-02
2.546498000000000164e-02
2.396784999999999888e-02
2.875638999999999973e-02
3.454895000000000188e-02
5.003322000000000325e-02
7.276829999999999410e-02
6.832135999999999765e-02
5.926349000000000200e-02
7.519707000000000474e-02
4.511240999999999862e-02
3.014462000000000044e-02
3.551453000000000249e-02
3.906327999999999884e-02
3.638239000000000056e-02
3.949529999999999708e-02
3.341492000000000073e-02
2.188365000000000102e-02
2.394086999999999951e-02
2.511251999999999929e-02
2.819897999999999849e-02
2.221021000000000106e-02
2.250616999999999895e-02
2.401328999999999964e-02
2.281543000000000113e-02
2.013563999999999979e-02
2.546359000000000122e-02
3.055406999999999915e-02
3.264591000000000021e-02
3.521959000000000201e-02
3.036582999999999991e-02
2.483395999999999867e-02
2.104055000000000161e-02
2.475120999999999918e-02
2.658107999999999999e-02
2.866426999999999864e-02
2.923848000000000072e-02
2.285467000000000054e-02
2.382265999999999898e-02
2.481252000000000110e-02
2.121547000000000016e-02
2.602155000000000093e-02
2.439064999999999983e-02
2.063212000000000032e-02
