1.742095999999999922e-02
2.262433999999999973e-02
2.325003999999999960e-02
2.158600999999999923e-02
2.055562000000000014e-02
2.026133999999999921e-02
2.085290999999999881e-02
2.293699999999999906e-02
2.796633000000000105e-02
2.724924000000000096e-02
2.756909000000000096e-02
2.805356999999999990e-02
2.262513999999999845e-02
2.190771000000000038e-02
2.343336000000000030e-02
2.544951000000000157e-02
2.285939000000000026e-02
2.163247000000000086e-02
2.176524999999999987e-02
2.968263000000000151e-02
3.706095999999999696e-02
4.068614999999999732e-02
4.316438999999999693e-02
3.024935999999999944e-02
2.468332000000000165e-02
2.550153000000000142e-02
4.541976000000000346e-02
8.378198000000000589e-02
1.081389199999999995e-01
1.316476299999999877e-01
1.441164900000000137e-01
1.614723100000000078e-01
1.407019800000000043e-01
9.342633000000000187e-02
5.354451999999999823e-02
3.300303999999999738e-02
2.448289000000000021e-02
2.264402000000000081e-02
2.579943999999999987e-02
3.654792999999999931e-02
3.569594000000000239e-02
4.392767999999999673e-02
4.862386999999999959e-02
5.202016999999999752e-02
4.765612999999999794e-02
3.241874000000000144e-02
2.318411000000000083e-02
2.284571999999999992e-02
2.363244999999999929e-02
2.555912999999999935e-02
2.724899999999999892e-02
2.391911000000000037e-02
2.335339999999999985e-02
2.284581999999999932e-02
2.385931999999999983e-02
2.640278000000000069e-02
2.555514999999999870e-02
2.315292000000000044e-02
2.250049999999999967e-02
2.694902000000000061e-02
2.567072000000000104e-02
2.202807000000000029e-02
1.990659999999999999e-02
1.775648000000000157e-02
