2.533799999999999941e-02
2.594470999999999930e-02
1.994239999999999902e-02
2.078146999999999980e-02
3.615693999999999853e-02
3.950855000000000339e-02
3.555495999999999657e-02
3.558588000000000029e-02
4.120067000000000174e-02
5.772303000000000156e-02
6.894819000000000642e-02
5.926581000000000210e-02
5.018783999999999745e-02
2.943482000000000043e-02
2.501661000000000162e-02
4.071042999999999884e-02
5.408058000000000309e-02
1.067932500000000062e-01
1.842375499999999999e-01
2.299812599999999929e-01
2.557551599999999814e-01
2.274071699999999918e-01
1.613661600000000085e-01
9.212101000000000317e-02
5.424294999999999811e-02
3.066568000000000072e-02
2.326247999999999858e-02
2.580686000000000091e-02
3.993769999999999959e-02
4.497890000000000221e-02
4.862413000000000152e-02
6.834415000000000628e-02
7.370181000000000648e-02
7.456664000000000347e-02
5.737053000000000291e-02
3.110945000000000030e-02
2.598873999999999976e-02
2.594567000000000054e-02
2.779163999999999940e-02
3.162403999999999910e-02
2.853108999999999854e-02
3.059635000000000132e-02
3.121478000000000100e-02
2.532917999999999975e-02
1.938199000000000172e-02
2.022670999999999844e-02
2.266790999999999945e-02
2.268486999999999934e-02
2.251051000000000094e-02
2.323880000000000043e-02
2.515490000000000087e-02
2.760311999999999835e-02
2.753546000000000119e-02
2.737486999999999907e-02
2.583119999999999861e-02
2.462831999999999869e-02
2.480566000000000021e-02
2.171402999999999875e-02
2.048983999999999875e-02
2.164958999999999981e-02
2.565297000000000063e-02
3.183442000000000216e-02
2.620499000000000092e-02
1.962647000000000003e-02
