1.999758999999999912e-02
2.773764000000000091e-02
2.798288999999999985e-02
2.420486999999999986e-02
2.919097999999999832e-02
3.949882999999999866e-02
3.520878000000000202e-02
2.948544999999999985e-02
2.589997000000000132e-02
3.316252000000000089e-02
2.540382000000000057e-02
2.211650999999999895e-02
3.789148999999999989e-02
4.402235000000000176e-02
6.254492999999999858e-02
7.293099999999999583e-02
8.586526999999999354e-02
8.407559000000000560e-02
6.925148999999999888e-02
5.158896999999999788e-02
4.125655000000000294e-02
3.056205999999999853e-02
2.231916999999999929e-02
1.912165000000000045e-02
2.013291000000000039e-02
2.330344000000000165e-02
2.460268999999999998e-02
2.327279000000000153e-02
3.375004999999999672e-02
5.062855000000000133e-02
4.470940000000000331e-02
3.458900000000000169e-02
3.090810999999999906e-02
2.543213999999999891e-02
2.708061999999999969e-02
2.706454000000000151e-02
2.466076000000000032e-02
2.187545000000000114e-02
2.136781999999999918e-02
2.053473999999999924e-02
2.048936000000000160e-02
1.956035999999999886e-02
1.899146999999999988e-02
1.860148000000000010e-02
1.907065999999999970e-02
1.959071000000000076e-02
1.956687000000000010e-02
2.015969000000000094e-02
2.002444000000000099e-02
2.310171999999999920e-02
2.371612999999999846e-02
2.255882000000000026e-02
2.197817000000000173e-02
1.989880000000000121e-02
1.902939999999999840e-02
2.014260999999999829e-02
2.104991999999999974e-02
2.210116000000000164e-02
2.292502000000000081e-02
2.008858000000000171e-02
1.920962000000000017e-02
1.956335999999999839e-02
1.803126000000000034e-02
1.674743999999999886e-02
