1.743383000000000085e-02
2.145760000000000028e-02
3.265292999999999668e-02
4.090233000000000063e-02
4.461898999999999726e-02
3.204865999999999965e-02
2.792839999999999906e-02
3.406105999999999717e-02
4.770782999999999968e-02
5.220116000000000339e-02
4.900637000000000049e-02
2.830946999999999977e-02
1.975388000000000144e-02
2.939471999999999918e-02
5.262019999999999892e-02
6.268229999999999635e-02
7.066543999999999603e-02
9.311434999999999851e-02
1.043682999999999972e-01
9.693725999999999732e-02
1.022060300000000033e-01
7.663594999999999435e-02
5.197871999999999909e-02
3.042484999999999981e-02
2.032573000000000019e-02
1.921629999999999866e-02
2.021552999999999892e-02
2.074687000000000059e-02
2.835752999999999885e-02
3.592900999999999734e-02
4.007771999999999724e-02
4.170661999999999980e-02
3.851919000000000176e-02
3.071429000000000173e-02
2.740528999999999882e-02
2.241608000000000142e-02
2.006170999999999996e-02
2.134339999999999848e-02
2.357350999999999891e-02
2.430695999999999898e-02
2.253816000000000153e-02
2.257332000000000088e-02
2.192821000000000006e-02
1.959678999999999935e-02
2.033512000000000167e-02
2.132171999999999887e-02
2.066283999999999829e-02
1.993046999999999874e-02
1.986949000000000007e-02
2.153539000000000148e-02
2.296799999999999883e-02
2.365667999999999938e-02
2.393181000000000128e-02
2.348862999999999993e-02
2.263333999999999832e-02
1.992263999999999841e-02
1.995080999999999938e-02
1.939706999999999890e-02
2.167569000000000093e-02
2.064929999999999891e-02
2.227211999999999942e-02
2.256367000000000095e-02
2.064463000000000062e-02
1.829249999999999973e-02
