2.394645000000000107e-02
3.362538000000000332e-02
3.682589000000000001e-02
3.792112000000000260e-02
3.778528999999999916e-02
3.899232999999999866e-02
3.219559000000000309e-02
2.618267000000000164e-02
2.373963999999999935e-02
2.235343999999999873e-02
2.055857999999999991e-02
1.926514000000000004e-02
1.948646000000000059e-02
2.010620000000000115e-02
2.109368999999999827e-02
2.155001999999999959e-02
2.461301000000000114e-02
2.681035000000000015e-02
2.343046999999999838e-02
2.224388999999999880e-02
2.239034000000000163e-02
2.134687999999999863e-02
1.982485999999999970e-02
1.905745999999999829e-02
1.978208000000000050e-02
1.916560000000000138e-02
1.906708999999999835e-02
1.922607000000000135e-02
1.989644999999999955e-02
1.904546000000000017e-02
1.861418000000000100e-02
1.882450000000000095e-02
1.848759000000000166e-02
1.829768000000000019e-02
1.815736000000000086e-02
1.841902999999999943e-02
1.850045000000000162e-02
1.925144000000000161e-02
1.976388000000000103e-02
1.922039999999999860e-02
1.898083000000000062e-02
1.860896000000000078e-02
1.891471000000000124e-02
1.988509999999999930e-02
2.019013999999999878e-02
2.000334999999999960e-02
1.868635000000000088e-02
1.855294999999999861e-02
1.838267000000000026e-02
1.824415999999999885e-02
1.907634000000000066e-02
1.887722999999999832e-02
1.911300999999999972e-02
1.935881999999999881e-02
1.917502000000000095e-02
1.900429999999999828e-02
1.892115999999999937e-02
2.010761000000000145e-02
2.006598999999999883e-02
1.900287000000000157e-02
1.831978999999999899e-02
1.826991999999999852e-02
1.686009000000000119e-02
1.609934999999999838e-02
