2.566786000000000068e-02
2.613265999999999853e-02
2.193348000000000173e-02
2.099107999999999877e-02
2.186491000000000129e-02
2.232972999999999902e-02
2.084609000000000115e-02
2.183732000000000034e-02
2.262192000000000022e-02
3.008320000000000091e-02
2.482699000000000017e-02
2.658968999999999916e-02
3.118231999999999948e-02
3.562606000000000106e-02
5.254173000000000177e-02
3.450019000000000002e-02
2.066704000000000110e-02
2.504268999999999940e-02
2.203733000000000081e-02
2.731963000000000100e-02
3.157110999999999945e-02
3.945810000000000289e-02
4.680656999999999873e-02
4.598147000000000345e-02
4.445290999999999826e-02
4.449923000000000073e-02
5.086236000000000229e-02
4.097665000000000335e-02
2.937868999999999897e-02
6.174298999999999760e-02
1.112003000000000019e-01
1.610512900000000136e-01
2.141950699999999874e-01
2.419508499999999951e-01
2.178503999999999996e-01
2.224075000000000080e-01
1.681532099999999974e-01
9.784555000000000335e-02
4.573189999999999894e-02
2.487769999999999912e-02
2.348240999999999870e-02
3.267251999999999656e-02
3.769830999999999877e-02
3.596756000000000258e-02
4.719150999999999901e-02
5.442119000000000123e-02
7.131890999999999925e-02
6.377096999999999627e-02
3.716259000000000229e-02
2.838917999999999997e-02
2.531705000000000066e-02
2.435986000000000054e-02
2.277587999999999835e-02
2.636443000000000120e-02
3.244907000000000347e-02
3.218110999999999888e-02
3.451575999999999950e-02
4.224230999999999819e-02
4.052975999999999801e-02
2.605920000000000111e-02
2.482198000000000043e-02
2.515803000000000136e-02
1.974990000000000079e-02
1.919701999999999867e-02
