2.002744999999999873e-02
2.441834999999999839e-02
2.479164000000000020e-02
2.395237999999999881e-02
2.291257999999999836e-02
2.239914999999999962e-02
2.090880999999999990e-02
1.931625999999999829e-02
1.857193999999999859e-02
1.950394000000000086e-02
1.985829999999999887e-02
1.930058999999999941e-02
2.053150000000000114e-02
2.080217999999999998e-02
2.185816000000000148e-02
2.227621000000000115e-02
2.201650000000000135e-02
2.199363999999999833e-02
2.041874000000000119e-02
1.939777000000000168e-02
1.899910999999999961e-02
1.875390000000000043e-02
1.835256999999999861e-02
1.834981999999999933e-02
1.899928000000000033e-02
1.867635000000000128e-02
1.834449000000000149e-02
1.852863999999999900e-02
1.827758999999999981e-02
1.831493000000000010e-02
1.827666000000000013e-02
1.806069999999999898e-02
1.834794000000000008e-02
1.790334000000000023e-02
1.853965000000000127e-02
1.783527999999999850e-02
1.804969000000000018e-02
1.875983000000000164e-02
1.837884999999999866e-02
1.792401000000000064e-02
1.794526999999999928e-02
1.850138999999999950e-02
1.877888000000000127e-02
1.880990999999999913e-02
1.859546000000000116e-02
1.823709999999999914e-02
1.832280000000000020e-02
1.826784000000000047e-02
1.834445000000000173e-02
1.802462999999999982e-02
1.857171999999999989e-02
1.810140999999999833e-02
1.820613000000000092e-02
1.832738999999999896e-02
1.852097000000000118e-02
1.868382000000000029e-02
1.852965999999999988e-02
1.850807000000000146e-02
1.821806999999999940e-02
1.792534000000000141e-02
1.827031000000000141e-02
1.852985999999999869e-02
1.740231999999999890e-02
1.585962000000000136e-02
