2.411537999999999876e-02
3.627148000000000178e-02
3.892380000000000145e-02
3.794729000000000158e-02
3.845363999999999727e-02
4.301681999999999728e-02
3.421604999999999785e-02
2.886586000000000013e-02
2.347789999999999946e-02
2.181765000000000093e-02
2.110586000000000059e-02
2.108401000000000025e-02
2.104767000000000096e-02
1.946857999999999922e-02
2.265647000000000147e-02
2.547409999999999952e-02
2.730497000000000132e-02
2.880958999999999950e-02
2.481326000000000018e-02
2.390184000000000059e-02
2.368336999999999873e-02
2.175886000000000139e-02
2.005111999999999867e-02
2.076396000000000144e-02
2.054852000000000067e-02
2.082915000000000114e-02
1.945250000000000104e-02
1.911382000000000012e-02
2.149823999999999832e-02
2.086396999999999904e-02
2.007901999999999951e-02
1.947004000000000096e-02
1.911008000000000151e-02
1.865728999999999999e-02
1.921014000000000055e-02
1.865098999999999924e-02
1.864719000000000099e-02
1.980289000000000008e-02
2.203861999999999835e-02
2.175987999999999881e-02
2.101162000000000168e-02
2.094421999999999950e-02
2.177070999999999867e-02
2.389793000000000125e-02
2.404053000000000093e-02
2.184753000000000042e-02
1.953268000000000018e-02
1.932174999999999865e-02
1.927480999999999986e-02
1.978854000000000030e-02
2.141391999999999948e-02
2.135215999999999850e-02
2.131573999999999969e-02
1.972778999999999852e-02
1.977361000000000049e-02
2.041360000000000050e-02
2.218082999999999860e-02
2.301964999999999914e-02
2.208972999999999839e-02
1.946948000000000081e-02
1.893859000000000167e-02
1.877997000000000000e-02
1.793905000000000152e-02
1.729108000000000034e-02
