7.084108999999999545e-02
1.422458900000000137e-01
1.810998799999999909e-01
1.946960500000000094e-01
1.832044399999999962e-01
1.960341300000000009e-01
1.816350999999999938e-01
1.166571400000000064e-01
6.816524000000000194e-02
4.978300000000000086e-02
3.745555999999999885e-02
2.808363999999999999e-02
2.319370000000000112e-02
2.302034999999999845e-02
3.143910999999999928e-02
3.760891999999999707e-02
5.437397000000000064e-02
5.402756000000000225e-02
4.309829999999999911e-02
4.082140000000000074e-02
4.260110999999999759e-02
3.327436000000000282e-02
2.758891000000000121e-02
2.558753999999999890e-02
2.713294000000000122e-02
2.581369999999999845e-02
2.145524999999999863e-02
2.222562999999999969e-02
2.746505000000000127e-02
2.819804999999999881e-02
2.220988000000000129e-02
2.283680000000000085e-02
2.108296999999999949e-02
2.103628999999999916e-02
2.202242000000000088e-02
2.111893999999999924e-02
2.119653000000000162e-02
2.371438000000000018e-02
3.118533999999999889e-02
2.857260000000000008e-02
2.655284000000000116e-02
2.562029999999999863e-02
2.588744000000000114e-02
3.006585999999999981e-02
3.288474000000000258e-02
2.693473000000000048e-02
2.162827000000000152e-02
1.995502000000000040e-02
2.133913000000000129e-02
2.208627000000000160e-02
2.257570999999999883e-02
2.335486999999999980e-02
2.166654999999999970e-02
2.010079000000000032e-02
2.008402000000000104e-02
2.179007999999999987e-02
2.465859000000000106e-02
2.806584000000000162e-02
2.455734999999999862e-02
2.012086000000000083e-02
1.914567000000000005e-02
1.836675000000000113e-02
1.830058999999999853e-02
1.817273000000000152e-02
