2.778109000000000134e-02
4.000197999999999948e-02
3.969804999999999862e-02
3.379995999999999695e-02
2.796542999999999946e-02
2.308668999999999999e-02
2.238472999999999852e-02
3.389280000000000070e-02
4.718705000000000122e-02
7.710751000000000410e-02
8.164080999999999422e-02
1.101709800000000017e-01
1.228928600000000065e-01
1.067091500000000026e-01
7.939319999999999711e-02
7.329694999999999960e-02
5.098300000000000054e-02
3.291451000000000099e-02
2.278994000000000159e-02
1.946687000000000070e-02
1.977473999999999899e-02
2.108909999999999951e-02
2.497061999999999893e-02
3.021126999999999840e-02
4.124984999999999763e-02
4.069986999999999910e-02
3.416273000000000226e-02
2.837773999999999852e-02
2.443783999999999887e-02
2.059352999999999878e-02
2.156587000000000087e-02
2.407894000000000007e-02
2.732189999999999966e-02
2.539314999999999975e-02
2.679097999999999896e-02
2.569988000000000133e-02
2.127696000000000101e-02
2.015043999999999863e-02
2.187110000000000096e-02
1.952140999999999946e-02
2.057571999999999873e-02
1.908831000000000069e-02
1.882576999999999862e-02
1.806947999999999888e-02
2.339085999999999943e-02
2.282121000000000149e-02
2.476568000000000172e-02
2.717042000000000068e-02
2.511771000000000142e-02
2.290500999999999995e-02
2.088571999999999998e-02
2.156674999999999912e-02
2.494578000000000073e-02
2.128669999999999868e-02
2.033391000000000018e-02
1.837830000000000019e-02
1.800250999999999935e-02
1.891891000000000059e-02
2.018290000000000015e-02
2.531065999999999871e-02
2.571649000000000157e-02
2.311463000000000059e-02
1.892595000000000041e-02
1.700992000000000129e-02
