1.908986999999999837e-02
2.351782999999999998e-02
2.585766000000000106e-02
2.656584000000000029e-02
3.197719000000000256e-02
2.961460999999999955e-02
2.601072000000000106e-02
3.640838999999999881e-02
5.371805999999999803e-02
5.808815999999999979e-02
4.089653000000000038e-02
3.331384999999999902e-02
2.344032999999999881e-02
2.174372000000000110e-02
3.489050999999999958e-02
5.949220999999999676e-02
6.695043999999999995e-02
7.640220000000000344e-02
1.076587499999999975e-01
1.056506299999999954e-01
8.847808999999999535e-02
8.094168000000000196e-02
5.905640999999999669e-02
3.531320000000000292e-02
2.018951000000000079e-02
1.914155000000000023e-02
2.020718999999999987e-02
2.009096999999999966e-02
2.689750999999999947e-02
3.393154999999999782e-02
3.107659999999999936e-02
3.783382999999999885e-02
3.879037999999999931e-02
3.927691999999999989e-02
3.318387999999999893e-02
2.575289000000000050e-02
2.164842999999999976e-02
2.193318000000000004e-02
2.422476999999999964e-02
2.314027000000000098e-02
2.201973999999999945e-02
2.215786000000000144e-02
2.260202000000000044e-02
2.164316000000000156e-02
1.996983000000000091e-02
2.004695000000000088e-02
2.040101000000000067e-02
2.057244999999999907e-02
1.891794000000000114e-02
2.135366000000000000e-02
2.431405999999999845e-02
2.516465999999999842e-02
2.676803000000000168e-02
2.533351000000000006e-02
2.192124999999999976e-02
2.150913000000000130e-02
2.153802000000000147e-02
2.036893999999999857e-02
1.924071000000000115e-02
2.045080999999999982e-02
2.437695000000000140e-02
2.480158000000000015e-02
2.121939000000000117e-02
1.835494000000000014e-02
