3.577480000000000243e-02
6.432337000000000471e-02
6.230133000000000199e-02
5.247336999999999835e-02
3.879118000000000149e-02
2.778778000000000151e-02
2.095883000000000121e-02
2.244045999999999888e-02
3.329986000000000057e-02
3.228211999999999748e-02
2.709094999999999906e-02
3.054716999999999849e-02
3.409146999999999872e-02
5.802548999999999901e-02
7.593714000000000020e-02
5.865047999999999789e-02
4.346378000000000047e-02
3.126136000000000192e-02
2.519982000000000125e-02
3.893826999999999705e-02
9.594413999999999720e-02
1.425310200000000083e-01
1.529456100000000096e-01
1.451276200000000127e-01
1.455882000000000009e-01
1.401982499999999965e-01
9.219645999999999397e-02
6.786010000000000653e-02
4.077805999999999792e-02
2.772012000000000087e-02
2.956005000000000091e-02
2.813055999999999890e-02
2.996156000000000166e-02
3.811374000000000012e-02
4.730175999999999825e-02
5.139368999999999882e-02
5.384950000000000153e-02
5.542687000000000308e-02
3.953004999999999713e-02
2.897987000000000132e-02
2.528988999999999890e-02
2.395103000000000162e-02
2.113548000000000163e-02
2.151462000000000166e-02
2.488388000000000058e-02
2.621340999999999949e-02
2.101346000000000117e-02
2.077820999999999835e-02
1.986854999999999871e-02
2.117054999999999979e-02
2.474207999999999963e-02
2.295938000000000145e-02
2.086760000000000004e-02
2.176973000000000102e-02
2.185368000000000033e-02
2.011104999999999837e-02
1.993367000000000056e-02
2.898625999999999980e-02
3.297160999999999842e-02
3.057291999999999996e-02
2.431565000000000115e-02
2.066387000000000085e-02
1.931913000000000033e-02
1.707225000000000062e-02
