2.055997999999999853e-02
2.137897999999999882e-02
1.882191999999999893e-02
1.868546999999999916e-02
2.013182999999999986e-02
1.987231000000000067e-02
1.925092999999999943e-02
2.094918999999999948e-02
1.924504999999999966e-02
1.913333999999999868e-02
1.968860999999999875e-02
2.134985000000000008e-02
2.496330000000000077e-02
2.528899000000000077e-02
2.059785999999999909e-02
1.980372000000000035e-02
1.898624000000000145e-02
1.947354999999999919e-02
2.202271000000000090e-02
2.253588000000000119e-02
1.882083000000000020e-02
2.006416000000000102e-02
2.142387000000000111e-02
2.319225000000000106e-02
2.730420999999999890e-02
2.240862999999999883e-02
2.200283000000000100e-02
2.266931999999999975e-02
2.845226000000000005e-02
3.097004999999999897e-02
2.213265000000000024e-02
1.882990000000000011e-02
1.995117999999999892e-02
2.143460999999999977e-02
2.419951000000000046e-02
2.618134000000000086e-02
2.519185999999999995e-02
2.683444999999999928e-02
3.357753000000000126e-02
3.835985000000000089e-02
3.579890000000000155e-02
2.718519999999999964e-02
2.324092000000000172e-02
3.006479000000000096e-02
4.965202999999999978e-02
7.158510999999999347e-02
9.519739000000000673e-02
1.118800300000000053e-01
1.097634700000000019e-01
9.139297000000000393e-02
9.248182000000000624e-02
7.226196000000000008e-02
5.849478000000000316e-02
3.775975000000000165e-02
2.382033000000000067e-02
2.254366000000000009e-02
2.197338000000000069e-02
2.265524000000000010e-02
2.501669000000000115e-02
3.084562000000000068e-02
3.263337000000000182e-02
3.277486999999999762e-02
2.629570000000000171e-02
1.921714000000000061e-02
