2.745362000000000149e-02
3.778178000000000092e-02
2.746244000000000116e-02
2.725173999999999999e-02
2.175619000000000164e-02
1.877573000000000089e-02
1.988499999999999990e-02
2.507331999999999964e-02
3.056354999999999836e-02
3.033813999999999955e-02
2.600488000000000105e-02
2.315077999999999928e-02
2.708767000000000119e-02
3.758906000000000053e-02
2.807613000000000122e-02
2.473627000000000117e-02
2.521645999999999957e-02
2.634886999999999993e-02
2.462987999999999983e-02
2.232185000000000072e-02
2.471007999999999885e-02
2.976523000000000016e-02
2.391450000000000173e-02
2.966047000000000128e-02
2.995451999999999837e-02
2.600492000000000081e-02
2.815551000000000165e-02
2.890732999999999844e-02
3.707272999999999818e-02
4.882965999999999696e-02
5.027965999999999686e-02
3.335413999999999740e-02
2.839026999999999870e-02
2.403502999999999890e-02
2.574801999999999993e-02
3.559459000000000234e-02
4.962336999999999998e-02
4.339061000000000307e-02
3.355807000000000234e-02
4.065703999999999846e-02
5.552077999999999874e-02
6.252388000000000390e-02
4.992701000000000083e-02
4.545049999999999785e-02
3.468186999999999659e-02
4.499572000000000294e-02
7.734241000000000033e-02
1.365407700000000057e-01
1.833674299999999979e-01
2.079273799999999950e-01
2.342104499999999867e-01
2.134572600000000098e-01
1.872988899999999957e-01
1.554539500000000074e-01
9.949263999999999331e-02
5.164673999999999654e-02
3.216597999999999680e-02
2.698626000000000150e-02
2.115567000000000142e-02
1.942999000000000115e-02
2.254416999999999879e-02
2.904071000000000083e-02
2.712540000000000090e-02
2.118002999999999900e-02
