1.712388000000000104e-02
2.323253000000000124e-02
3.148697999999999775e-02
4.379095000000000210e-02
4.721555000000000196e-02
5.102890999999999677e-02
4.819202000000000208e-02
4.480590999999999741e-02
4.189724000000000226e-02
4.092003000000000307e-02
3.539426999999999851e-02
2.740543999999999966e-02
2.286078000000000068e-02
2.145820000000000019e-02
1.957100999999999980e-02
1.951937999999999937e-02
2.003817000000000098e-02
2.005726999999999857e-02
2.000603999999999924e-02
1.961040000000000005e-02
2.220091999999999899e-02
2.300684999999999883e-02
2.158803999999999931e-02
2.077893999999999922e-02
1.877233000000000027e-02
1.926771000000000039e-02
1.968982000000000024e-02
1.917361000000000065e-02
1.976164999999999866e-02
1.920457000000000067e-02
1.831170999999999841e-02
1.813205000000000025e-02
1.816144999999999912e-02
1.767362000000000100e-02
1.771429999999999880e-02
1.794106999999999993e-02
1.859529000000000043e-02
1.880860999999999991e-02
1.876181000000000029e-02
1.825453999999999966e-02
1.757451000000000152e-02
1.859778999999999946e-02
1.988451999999999928e-02
1.810443000000000122e-02
1.796369000000000091e-02
1.848355000000000137e-02
1.959527000000000144e-02
1.908135000000000039e-02
1.926452999999999846e-02
1.914406000000000094e-02
1.820445999999999870e-02
1.766904999999999865e-02
1.883651000000000075e-02
1.995672999999999891e-02
2.084518999999999955e-02
1.975458000000000075e-02
1.945881000000000000e-02
1.812764999999999863e-02
1.790320999999999926e-02
1.893919000000000158e-02
1.891154999999999919e-02
1.933554999999999996e-02
2.050992999999999913e-02
1.643330999999999958e-02
