1.758528999999999995e-02
2.032654000000000058e-02
1.992574999999999902e-02
2.130769999999999886e-02
2.259059000000000067e-02
2.507459999999999897e-02
2.641015000000000029e-02
2.619832000000000063e-02
2.308937999999999963e-02
2.007437000000000110e-02
1.887551999999999980e-02
1.826826999999999965e-02
1.915835000000000107e-02
2.319295999999999858e-02
2.455627999999999977e-02
2.757358999999999852e-02
2.295279999999999890e-02
2.313928999999999986e-02
3.048555999999999835e-02
3.794862000000000235e-02
3.199309000000000180e-02
2.172554000000000152e-02
1.890050999999999884e-02
2.541289000000000048e-02
4.032979999999999898e-02
7.251095000000000457e-02
8.897884000000000349e-02
1.079510600000000015e-01
1.056064800000000026e-01
7.373042999999999958e-02
5.615126000000000145e-02
4.566238999999999715e-02
3.302342999999999945e-02
2.079436999999999952e-02
1.934067999999999898e-02
1.938532999999999923e-02
2.290976999999999944e-02
2.695091999999999974e-02
2.786657000000000023e-02
3.153659000000000323e-02
3.437690999999999664e-02
3.240616999999999803e-02
2.809423999999999949e-02
2.224113999999999952e-02
1.954037999999999956e-02
1.855124000000000009e-02
2.017394999999999952e-02
2.004784999999999900e-02
1.927233999999999892e-02
2.035210000000000144e-02
2.035968000000000153e-02
1.926392999999999855e-02
1.969434999999999936e-02
2.009259000000000045e-02
1.902778000000000108e-02
1.801221999999999893e-02
1.866256999999999985e-02
1.833455000000000154e-02
1.934355999999999923e-02
2.020802999999999836e-02
2.004840000000000094e-02
1.878861999999999893e-02
1.788253000000000065e-02
1.659276999999999974e-02
