1.885964999999999864e-02
1.953888000000000152e-02
1.842964999999999881e-02
1.805974999999999941e-02
1.828634000000000162e-02
1.942558999999999952e-02
1.986720999999999973e-02
1.948081000000000118e-02
1.833711999999999842e-02
1.854282999999999973e-02
1.824492999999999948e-02
1.879091999999999915e-02
2.038519000000000095e-02
2.129125000000000115e-02
2.043986000000000067e-02
1.894583000000000031e-02
2.080163000000000151e-02
2.058832999999999844e-02
2.255570000000000144e-02
2.522063000000000083e-02
2.257835000000000050e-02
1.963803999999999897e-02
1.938083000000000167e-02
1.980919000000000083e-02
2.544611999999999916e-02
2.327442000000000052e-02
2.471680000000000058e-02
2.681607999999999908e-02
2.944141999999999940e-02
2.986321999999999935e-02
2.760608999999999980e-02
2.645712000000000064e-02
2.149948999999999957e-02
2.182593000000000033e-02
2.601735000000000159e-02
4.010160000000000113e-02
4.830981000000000164e-02
7.354099999999999526e-02
7.711255000000000193e-02
6.401898000000000311e-02
4.851156000000000218e-02
3.719017000000000156e-02
3.120231000000000046e-02
2.136597999999999969e-02
1.854685000000000014e-02
1.821365999999999957e-02
1.915383000000000016e-02
2.068189000000000138e-02
2.373308000000000015e-02
2.538527000000000144e-02
3.132825999999999667e-02
3.024755999999999972e-02
3.424814000000000330e-02
2.734021999999999841e-02
2.452731999999999829e-02
2.118340000000000153e-02
2.059443999999999858e-02
1.988055999999999851e-02
2.029446000000000028e-02
2.028630000000000017e-02
2.051421000000000147e-02
2.206328999999999929e-02
2.223210999999999937e-02
1.652908000000000155e-02
