2.692833000000000032e-02
2.791186999999999835e-02
2.687671000000000157e-02
2.392599000000000115e-02
2.093710999999999836e-02
2.037370000000000153e-02
2.077990000000000045e-02
2.196582999999999869e-02
2.127261999999999903e-02
2.632469000000000128e-02
2.410881999999999956e-02
2.384324000000000165e-02
3.230245000000000338e-02
3.955050999999999706e-02
4.527227999999999808e-02
3.019308000000000061e-02
2.220362000000000030e-02
2.199426999999999979e-02
2.669619999999999979e-02
3.098818999999999879e-02
2.833420000000000036e-02
3.798776999999999709e-02
4.554075999999999957e-02
4.218618999999999841e-02
5.241918999999999745e-02
4.704164000000000262e-02
5.007158999999999915e-02
3.677886999999999823e-02
3.038706999999999867e-02
4.665886000000000339e-02
7.641995999999999511e-02
1.063315999999999983e-01
1.695947499999999886e-01
1.859759800000000129e-01
1.611532900000000046e-01
1.585495299999999941e-01
1.290974799999999867e-01
7.811975999999999642e-02
3.624560000000000282e-02
2.417151000000000022e-02
2.298050999999999913e-02
2.966339000000000128e-02
3.572522999999999671e-02
3.779617999999999867e-02
4.377824999999999772e-02
5.498109000000000329e-02
6.795627999999999391e-02
5.493503000000000275e-02
3.562869999999999926e-02
2.625908000000000062e-02
2.253035000000000107e-02
2.260867000000000085e-02
2.119609000000000076e-02
2.867410000000000098e-02
3.123189000000000173e-02
3.307664999999999911e-02
3.414112999999999870e-02
4.011726000000000181e-02
3.474311000000000066e-02
2.458942999999999893e-02
2.295927000000000037e-02
2.288273000000000043e-02
1.953428000000000109e-02
1.855332999999999982e-02
