1.889282000000000114e-02
2.233295999999999892e-02
2.773660000000000014e-02
2.875381999999999938e-02
3.364571999999999702e-02
2.480802000000000007e-02
2.096719999999999834e-02
2.274369999999999864e-02
2.044069000000000094e-02
2.122778000000000165e-02
2.258365000000000025e-02
2.235706000000000152e-02
1.981281000000000014e-02
1.915458000000000091e-02
2.224469000000000099e-02
2.197972999999999941e-02
2.048987999999999851e-02
2.029353999999999880e-02
2.167041999999999927e-02
3.263669000000000292e-02
3.831330000000000152e-02
4.149251999999999801e-02
2.904293999999999973e-02
2.297541999999999987e-02
2.311022000000000076e-02
2.798917999999999892e-02
3.585652999999999757e-02
3.197099999999999942e-02
2.892894000000000021e-02
3.029157000000000030e-02
3.539990999999999971e-02
4.614251999999999937e-02
3.738716000000000261e-02
2.542447999999999930e-02
2.222272999999999957e-02
2.635838000000000070e-02
3.809099999999999986e-02
8.158194000000000556e-02
1.094081199999999976e-01
1.198998700000000056e-01
1.228413700000000053e-01
1.146320400000000045e-01
1.014595900000000023e-01
6.950128999999999335e-02
4.455035000000000245e-02
3.260720000000000285e-02
2.506270000000000026e-02
2.061228000000000019e-02
1.863325999999999871e-02
2.262836999999999835e-02
2.650918000000000024e-02
3.477845999999999715e-02
4.857162999999999758e-02
5.464614000000000277e-02
6.321198000000000095e-02
5.605049000000000142e-02
4.344798999999999883e-02
3.348773000000000027e-02
2.701454999999999829e-02
2.216001000000000082e-02
2.133786000000000016e-02
2.149126999999999982e-02
2.038047000000000122e-02
1.729852000000000126e-02
