1.949943999999999983e-02
2.035510999999999918e-02
1.816606999999999944e-02
1.913377999999999954e-02
2.150101000000000095e-02
2.177412000000000097e-02
2.021604000000000109e-02
2.072486999999999940e-02
2.528549000000000074e-02
3.068796000000000024e-02
3.456909999999999844e-02
3.170060999999999712e-02
2.831656000000000104e-02
2.433487000000000150e-02
1.987521000000000079e-02
2.065240000000000131e-02
2.316498000000000168e-02
3.417263999999999718e-02
5.581360999999999961e-02
6.899482999999999311e-02
7.552296999999999483e-02
7.180744000000000016e-02
5.728140000000000315e-02
4.393423999999999940e-02
3.110548000000000132e-02
2.518532000000000062e-02
2.096353000000000105e-02
1.940771000000000163e-02
2.087200000000000166e-02
2.173254999999999978e-02
2.231427999999999884e-02
2.902516999999999944e-02
3.194311999999999846e-02
3.526175000000000143e-02
2.912711000000000119e-02
2.378745000000000165e-02
2.129854000000000122e-02
1.998876999999999945e-02
1.995643000000000070e-02
2.075224999999999986e-02
2.084864000000000162e-02
2.074449999999999905e-02
2.219215999999999897e-02
2.005385000000000154e-02
1.778013999999999983e-02
1.865220000000000072e-02
1.853909999999999933e-02
1.860026999999999861e-02
1.864980999999999930e-02
1.889089999999999867e-02
1.967597999999999916e-02
1.995426999999999965e-02
1.943912999999999891e-02
1.958874999999999852e-02
2.022954000000000072e-02
2.006236000000000130e-02
1.941972000000000143e-02
1.854942999999999870e-02
1.904824000000000100e-02
1.911768999999999968e-02
1.925315999999999833e-02
2.114983000000000141e-02
1.943635999999999975e-02
1.647440999999999836e-02
