1.702301000000000161e-02
1.969680999999999862e-02
2.113736999999999908e-02
2.144526999999999892e-02
2.099316000000000029e-02
1.905797000000000047e-02
1.780083000000000013e-02
1.807107999999999978e-02
1.856506000000000128e-02
2.244635000000000033e-02
2.114179999999999879e-02
1.891806000000000043e-02
2.054740000000000039e-02
2.210432999999999842e-02
2.526105999999999838e-02
2.375762000000000013e-02
2.238982999999999945e-02
1.991141000000000091e-02
1.856218999999999925e-02
1.888240000000000057e-02
1.980205000000000159e-02
2.328200000000000061e-02
2.638425999999999966e-02
2.432896000000000017e-02
2.380735999999999963e-02
2.714371999999999965e-02
3.360845999999999972e-02
3.227486999999999717e-02
2.331636000000000125e-02
1.999387999999999860e-02
2.599483000000000002e-02
3.335384999999999739e-02
6.272474999999999579e-02
7.682600000000000540e-02
7.488279999999999936e-02
8.540456999999999910e-02
8.110655999999999421e-02
6.240114000000000077e-02
4.069356999999999835e-02
2.491867000000000040e-02
1.962977999999999945e-02
1.914675000000000057e-02
1.927577999999999930e-02
2.009007999999999974e-02
2.371687999999999921e-02
2.884470000000000089e-02
3.369798999999999711e-02
3.178862999999999828e-02
2.770407999999999898e-02
2.544006999999999866e-02
2.521709999999999924e-02
2.212866999999999959e-02
1.898895999999999917e-02
2.136064000000000018e-02
2.368957000000000007e-02
2.425383999999999873e-02
2.620617000000000085e-02
3.134663000000000033e-02
2.598446000000000089e-02
2.279921000000000031e-02
2.323965999999999879e-02
2.278741000000000100e-02
1.955153000000000099e-02
1.704494999999999968e-02
