1.655436999999999881e-02
2.019796000000000091e-02
2.812521000000000118e-02
3.545144000000000073e-02
4.273107999999999768e-02
5.050845000000000334e-02
5.182732999999999784e-02
4.709084000000000186e-02
4.580727999999999883e-02
4.437242999999999743e-02
3.962111000000000105e-02
3.020151000000000086e-02
2.470309999999999867e-02
2.109605999999999981e-02
1.960121000000000085e-02
1.923414999999999847e-02
1.924002000000000004e-02
2.036933000000000146e-02
2.023538000000000073e-02
2.111257000000000064e-02
2.389528999999999959e-02
2.506426000000000140e-02
2.297607000000000121e-02
1.985761000000000123e-02
1.942073999999999884e-02
1.980718000000000062e-02
1.916156000000000109e-02
1.914443999999999868e-02
1.941199000000000049e-02
1.821294000000000038e-02
1.832285999999999984e-02
1.851654999999999968e-02
1.829812000000000105e-02
1.797922999999999882e-02
1.777422999999999850e-02
1.792931000000000039e-02
1.875475000000000059e-02
1.886383999999999977e-02
1.877706000000000167e-02
1.830398999999999915e-02
1.808801000000000159e-02
1.855522999999999895e-02
1.876869000000000107e-02
1.828116999999999936e-02
1.767333000000000098e-02
1.841454000000000008e-02
1.781171000000000143e-02
1.873951999999999909e-02
1.828188999999999856e-02
1.826689000000000090e-02
1.791411999999999866e-02
1.762881000000000170e-02
1.855769000000000168e-02
1.947578999999999977e-02
1.954002000000000169e-02
1.949580999999999883e-02
1.814759000000000164e-02
1.814804999999999890e-02
1.803505999999999859e-02
1.815753000000000159e-02
1.822512999999999911e-02
1.849545000000000008e-02
1.768441999999999931e-02
1.593007000000000103e-02
