3.016790999999999917e-02
3.213751000000000108e-02
2.298286000000000079e-02
2.175227999999999884e-02
3.308856000000000297e-02
3.920397999999999938e-02
3.462219999999999881e-02
3.345002999999999865e-02
4.062038999999999928e-02
4.737667999999999741e-02
5.664654000000000217e-02
6.878098000000000545e-02
6.800133999999999346e-02
6.052322999999999731e-02
4.432380999999999821e-02
2.564900999999999986e-02
2.658229000000000147e-02
6.760413999999999313e-02
1.253409099999999998e-01
1.880439200000000033e-01
2.323470099999999927e-01
2.616332199999999997e-01
2.172834100000000102e-01
1.614230399999999899e-01
1.133748599999999940e-01
7.067115999999999676e-02
4.323242000000000057e-02
2.529560999999999962e-02
2.967600999999999919e-02
3.522572999999999677e-02
4.570070999999999856e-02
6.480505000000000293e-02
7.060028000000000137e-02
9.038047000000000442e-02
8.461478999999999528e-02
5.613446999999999881e-02
4.507502000000000036e-02
3.412917000000000034e-02
2.980214000000000127e-02
3.443975999999999982e-02
3.639690999999999760e-02
3.909978000000000065e-02
3.574825000000000225e-02
2.314056000000000099e-02
1.980786000000000005e-02
2.318960000000000118e-02
2.322638000000000133e-02
2.141971999999999973e-02
2.389025999999999997e-02
2.513833999999999860e-02
2.891151999999999958e-02
2.965575000000000155e-02
2.410278000000000073e-02
2.336863000000000135e-02
2.586344999999999963e-02
2.907687999999999939e-02
2.828028000000000139e-02
2.779084999999999889e-02
3.110838999999999965e-02
2.692133000000000026e-02
2.196381000000000028e-02
2.624527000000000110e-02
2.568466999999999972e-02
1.978670000000000082e-02
