3.947060000000000152e-02
4.980054999999999898e-02
4.668247999999999842e-02
3.833741000000000232e-02
2.898927000000000101e-02
2.535263000000000100e-02
2.718858000000000039e-02
3.004582000000000086e-02
3.662441999999999781e-02
3.489086999999999744e-02
3.213947999999999805e-02
4.833451999999999887e-02
6.299372000000000305e-02
8.369306999999999441e-02
7.854484999999999939e-02
5.382022999999999668e-02
3.211875000000000147e-02
2.736444000000000029e-02
5.278619999999999840e-02
8.791277999999999593e-02
1.615326400000000051e-01
2.238547700000000085e-01
2.246995999999999993e-01
1.957985899999999946e-01
1.808320700000000114e-01
1.495096999999999954e-01
8.913147999999999904e-02
4.666456000000000076e-02
2.878926000000000054e-02
2.087947000000000067e-02
2.882128999999999941e-02
3.419848999999999806e-02
3.536195999999999784e-02
5.475177999999999989e-02
6.385264999999999691e-02
5.934943000000000163e-02
6.196465000000000306e-02
5.441409999999999997e-02
3.721717000000000081e-02
3.331172000000000299e-02
3.284884999999999888e-02
3.481713000000000169e-02
2.638195999999999944e-02
2.501487000000000155e-02
3.029886999999999858e-02
2.973450999999999872e-02
2.466932000000000152e-02
2.209121000000000001e-02
2.218973999999999946e-02
2.480763999999999886e-02
3.112805000000000086e-02
3.216601000000000182e-02
2.448499000000000161e-02
2.292719000000000007e-02
2.321822999999999942e-02
2.408273000000000011e-02
2.606964999999999977e-02
3.567400999999999905e-02
4.706273999999999874e-02
4.013884999999999675e-02
2.646070999999999840e-02
2.099948000000000092e-02
1.895704000000000139e-02
1.884028000000000092e-02
