2.240195000000000033e-02
2.385875999999999969e-02
2.374483999999999970e-02
2.339410000000000101e-02
2.354604000000000072e-02
2.063372000000000123e-02
1.878455999999999876e-02
1.859272000000000008e-02
2.156007000000000062e-02
2.532962999999999881e-02
2.496262000000000134e-02
2.303391000000000119e-02
2.015565000000000065e-02
2.116662999999999878e-02
2.126959999999999962e-02
2.377042999999999864e-02
2.531738999999999865e-02
2.438877999999999879e-02
2.119439000000000045e-02
1.896348999999999951e-02
2.277184000000000152e-02
2.743726000000000151e-02
2.490269000000000163e-02
2.139579000000000134e-02
1.954772000000000107e-02
2.097467999999999902e-02
2.589589999999999947e-02
3.097563000000000052e-02
2.587450000000000166e-02
2.251482999999999957e-02
2.398178999999999936e-02
2.534331999999999904e-02
2.635737999999999970e-02
2.629079999999999959e-02
2.312033000000000144e-02
2.291452999999999893e-02
2.499652999999999944e-02
2.909499000000000113e-02
2.897633000000000153e-02
2.324524000000000035e-02
2.343906999999999935e-02
3.089180000000000051e-02
3.996902000000000094e-02
4.284409000000000134e-02
3.702365999999999990e-02
2.589452000000000073e-02
2.293119999999999881e-02
2.610248999999999903e-02
3.624169000000000002e-02
6.287813000000000430e-02
7.585411999999999710e-02
8.707088999999999801e-02
1.007364899999999980e-01
1.060324299999999970e-01
9.711920999999999748e-02
7.359812999999999772e-02
5.724119999999999903e-02
4.178015000000000201e-02
3.305583000000000132e-02
2.471740000000000048e-02
2.362608999999999890e-02
2.074116000000000154e-02
1.883458000000000007e-02
1.773320000000000105e-02
