1.922950000000000007e-02
3.825631000000000170e-02
2.982028000000000109e-02
2.444280999999999884e-02
3.427146999999999832e-02
3.952979000000000215e-02
3.277655000000000152e-02
4.772831999999999769e-02
4.211390999999999746e-02
4.184302000000000160e-02
4.541938000000000225e-02
2.273464000000000040e-02
2.378306999999999991e-02
4.097546999999999995e-02
7.515223000000000042e-02
9.148647999999999503e-02
9.977719999999999645e-02
1.094150099999999931e-01
9.492668999999999413e-02
9.409072000000000269e-02
6.821803999999999368e-02
3.888885999999999732e-02
2.704000999999999974e-02
2.129247000000000084e-02
1.936958000000000082e-02
2.029513999999999971e-02
2.206483000000000055e-02
2.198314999999999991e-02
2.866513000000000047e-02
4.100613000000000175e-02
4.096777000000000057e-02
3.749521000000000104e-02
3.441215000000000246e-02
2.889407000000000086e-02
2.615879999999999941e-02
2.480235000000000078e-02
2.294832000000000122e-02
2.096227999999999980e-02
2.283392999999999881e-02
2.239986000000000060e-02
2.122258000000000130e-02
1.987179999999999849e-02
1.937685999999999922e-02
1.851995000000000030e-02
1.983901999999999888e-02
2.128632999999999914e-02
2.092944000000000054e-02
2.000044000000000127e-02
2.008271999999999835e-02
2.375344000000000066e-02
2.519868000000000108e-02
2.415741999999999889e-02
2.313047999999999840e-02
2.106360999999999997e-02
1.951678999999999914e-02
1.912851000000000135e-02
1.971320000000000017e-02
1.965599000000000166e-02
2.218878000000000170e-02
2.068232000000000056e-02
2.107453999999999925e-02
2.050592999999999860e-02
1.868629999999999944e-02
1.713490000000000152e-02
