1.966433999999999890e-02
2.276463000000000098e-02
2.154667000000000041e-02
1.980495999999999993e-02
1.876923999999999954e-02
1.914002999999999885e-02
1.998567999999999872e-02
1.965155999999999847e-02
2.001963999999999827e-02
2.172067000000000095e-02
2.061421999999999907e-02
1.918813000000000116e-02
1.856934000000000015e-02
2.040977999999999890e-02
2.291827999999999921e-02
2.402146999999999963e-02
2.110889999999999989e-02
1.870074999999999862e-02
1.773459000000000146e-02
2.030933999999999864e-02
2.045641999999999947e-02
1.998807000000000014e-02
2.035264999999999991e-02
2.056900999999999868e-02
2.487142999999999993e-02
3.009643000000000040e-02
2.966490999999999920e-02
2.489786000000000082e-02
2.110222999999999960e-02
2.112506000000000106e-02
2.093371000000000121e-02
2.626380999999999855e-02
2.725369000000000055e-02
2.863539000000000015e-02
3.283144000000000340e-02
3.974305000000000199e-02
4.075125000000000275e-02
4.436375000000000041e-02
3.040719000000000061e-02
2.354556000000000010e-02
2.184730000000000005e-02
3.553354999999999708e-02
6.956687999999999761e-02
8.224318999999999380e-02
1.063597099999999962e-01
1.242921699999999935e-01
1.138583600000000057e-01
1.181466399999999972e-01
7.956741999999999981e-02
5.444314000000000098e-02
4.792670999999999737e-02
3.379715999999999970e-02
2.396028999999999867e-02
2.373273000000000049e-02
2.407269999999999896e-02
2.470823000000000116e-02
2.705878999999999923e-02
2.692560999999999913e-02
3.412889000000000200e-02
4.181900000000000200e-02
4.275911999999999769e-02
3.583193999999999962e-02
2.945882999999999835e-02
1.852086999999999831e-02
