1.781376999999999960e-02
2.005349999999999841e-02
1.970411000000000037e-02
1.903167000000000053e-02
1.840877999999999959e-02
1.858956000000000150e-02
1.824778000000000164e-02
1.808277999999999969e-02
1.802076999999999846e-02
1.950379000000000002e-02
1.976407000000000164e-02
1.851001000000000035e-02
1.807301999999999867e-02
1.884158999999999834e-02
2.037475000000000050e-02
2.119709999999999997e-02
2.011374999999999968e-02
1.784414000000000139e-02
1.791227999999999917e-02
1.882179000000000144e-02
1.901421999999999835e-02
1.917394000000000043e-02
1.894658000000000106e-02
1.964267000000000096e-02
2.151708999999999913e-02
2.279404000000000152e-02
2.281986999999999904e-02
2.122860000000000025e-02
1.975317000000000045e-02
1.936734999999999846e-02
1.968672999999999951e-02
2.105069000000000037e-02
2.127634000000000122e-02
2.212168999999999941e-02
2.518814999999999943e-02
2.633336999999999831e-02
2.685279999999999959e-02
2.605557000000000012e-02
2.194818999999999937e-02
1.997122999999999954e-02
1.990806999999999993e-02
2.738296999999999953e-02
4.175220999999999794e-02
5.211473999999999968e-02
5.834241999999999900e-02
6.391798999999999398e-02
6.382171999999999845e-02
6.104993000000000225e-02
4.477002000000000065e-02
3.153683000000000181e-02
2.849660999999999861e-02
2.512947999999999918e-02
2.033928999999999945e-02
2.097484000000000154e-02
2.084862000000000173e-02
2.113371000000000000e-02
2.179487000000000091e-02
2.287838999999999845e-02
2.557598000000000163e-02
2.828036000000000091e-02
2.946580000000000032e-02
2.656044999999999934e-02
2.004297000000000023e-02
1.657633000000000023e-02
