1.983278000000000124e-02
2.033652999999999850e-02
1.917048999999999837e-02
2.124797999999999965e-02
2.082362999999999922e-02
1.970989999999999895e-02
1.893647000000000039e-02
1.821969999999999840e-02
1.885409000000000043e-02
2.012682999999999833e-02
2.512350000000000000e-02
2.824658000000000030e-02
2.429738999999999857e-02
2.228631999999999835e-02
2.167654000000000108e-02
2.187634000000000106e-02
2.010899000000000020e-02
2.151669000000000151e-02
2.438368999999999953e-02
2.410781000000000035e-02
2.528446000000000166e-02
2.926207999999999934e-02
2.607283000000000170e-02
2.304985000000000020e-02
2.450955000000000147e-02
2.476108000000000128e-02
2.134522999999999976e-02
2.322542999999999830e-02
2.705474999999999894e-02
2.352210000000000065e-02
1.986693999999999960e-02
2.064999000000000001e-02
2.289984999999999937e-02
2.070332999999999896e-02
2.307754999999999876e-02
2.495421999999999918e-02
3.245052999999999827e-02
3.940782999999999786e-02
3.418555000000000205e-02
2.771449000000000135e-02
2.433644000000000085e-02
2.160994000000000109e-02
2.116072000000000092e-02
2.738176000000000151e-02
3.526177999999999951e-02
4.073037999999999659e-02
4.345688999999999802e-02
3.205874999999999697e-02
3.147921000000000052e-02
3.729990999999999862e-02
4.332045999999999814e-02
3.602952999999999711e-02
2.655547999999999936e-02
2.577520000000000158e-02
2.434947999999999974e-02
3.490738000000000174e-02
5.878433999999999743e-02
9.087314000000000502e-02
1.076446100000000017e-01
1.151798700000000036e-01
1.361526999999999876e-01
1.558995699999999873e-01
1.029256699999999969e-01
1.884158999999999834e-02
