1.955377000000000157e-02
2.893919000000000005e-02
2.975908000000000025e-02
2.082886999999999933e-02
2.772934000000000163e-02
3.223316999999999849e-02
2.804654999999999995e-02
4.586152000000000284e-02
4.085379000000000094e-02
3.800796000000000036e-02
3.105443999999999913e-02
2.501406999999999936e-02
1.867169999999999941e-02
2.510652000000000023e-02
2.712020000000000056e-02
5.179699000000000109e-02
4.384053000000000255e-02
2.913752999999999829e-02
2.922107999999999997e-02
4.666238999999999804e-02
6.366460999999999648e-02
3.893876999999999755e-02
2.363757999999999831e-02
2.203520999999999952e-02
2.837351999999999930e-02
6.445689000000000279e-02
1.376997699999999991e-01
2.419742000000000004e-01
2.281188100000000052e-01
1.968999100000000113e-01
1.644666800000000040e-01
1.465068900000000007e-01
1.065612699999999996e-01
4.817686000000000190e-02
3.276927000000000312e-02
2.120309000000000083e-02
2.348422000000000009e-02
3.313159000000000243e-02
3.484088999999999936e-02
4.572450000000000125e-02
4.829069999999999890e-02
4.803003000000000133e-02
4.184468000000000215e-02
3.724701999999999874e-02
2.997326999999999977e-02
2.282564000000000121e-02
2.068963000000000052e-02
2.096736999999999906e-02
2.466913000000000092e-02
3.126418999999999726e-02
3.024479999999999877e-02
2.342322999999999975e-02
2.616798000000000041e-02
2.720132000000000105e-02
2.095705000000000137e-02
2.040805000000000050e-02
2.068460999999999911e-02
1.989700999999999970e-02
2.166581999999999883e-02
2.706926000000000124e-02
2.712909999999999974e-02
2.246112999999999929e-02
1.907166000000000070e-02
1.900767000000000082e-02
