3.693397000000000346e-02
4.771128000000000174e-02
3.672198000000000129e-02
2.849751999999999841e-02
2.414310000000000067e-02
2.749474999999999836e-02
2.846929999999999947e-02
2.619766999999999929e-02
3.247756999999999727e-02
3.804923000000000333e-02
4.032642000000000171e-02
5.031686999999999965e-02
6.409879000000000271e-02
7.402250999999999970e-02
5.214926999999999757e-02
3.170956999999999942e-02
2.100199999999999984e-02
2.763333000000000109e-02
6.006518000000000274e-02
1.134166900000000006e-01
1.786315400000000053e-01
2.182012600000000080e-01
2.020397899999999969e-01
1.597397899999999926e-01
1.354810300000000023e-01
9.707697999999999328e-02
5.262266000000000166e-02
3.421420000000000017e-02
2.566057000000000060e-02
2.613934000000000049e-02
3.386328000000000255e-02
4.323832999999999843e-02
4.909608000000000028e-02
6.900824999999999321e-02
7.520132999999999679e-02
6.019494999999999707e-02
5.562792999999999904e-02
4.477794999999999692e-02
3.277095000000000008e-02
3.399674999999999919e-02
3.799608000000000152e-02
3.517822999999999783e-02
2.948368999999999990e-02
2.203068999999999861e-02
2.131658000000000164e-02
2.299906000000000172e-02
2.170808999999999933e-02
2.017671999999999868e-02
2.336432999999999913e-02
2.536445999999999840e-02
2.924780000000000088e-02
2.815782999999999828e-02
2.065339000000000064e-02
1.988252000000000075e-02
2.099397000000000069e-02
2.470371000000000025e-02
2.765433999999999948e-02
3.238861999999999991e-02
3.851712000000000191e-02
2.949896999999999936e-02
2.113301999999999889e-02
2.138456000000000037e-02
2.254364000000000021e-02
1.946095000000000116e-02
