5.091952000000000284e-02
8.842590999999999646e-02
1.089970799999999962e-01
1.088464400000000026e-01
1.004701199999999961e-01
9.555811000000000166e-02
7.422328999999999732e-02
5.403112000000000192e-02
3.452513000000000110e-02
3.234697000000000267e-02
2.711320000000000049e-02
2.325616000000000141e-02
2.473627999999999938e-02
2.792400000000000090e-02
3.235359000000000151e-02
3.039313000000000084e-02
3.723846000000000100e-02
4.050219000000000041e-02
3.407411999999999941e-02
2.877827000000000163e-02
2.594325999999999924e-02
2.242281999999999956e-02
2.169665000000000135e-02
2.171804999999999916e-02
2.324802000000000118e-02
2.118161000000000002e-02
1.893972999999999837e-02
2.001645999999999981e-02
2.212816999999999909e-02
2.097152999999999864e-02
1.950137999999999872e-02
2.078193000000000054e-02
2.059636999999999926e-02
1.909057000000000115e-02
1.872038999999999995e-02
1.920573999999999892e-02
1.955352000000000132e-02
2.070870000000000002e-02
2.218387000000000137e-02
2.053282000000000024e-02
1.911741000000000135e-02
2.038059999999999872e-02
2.212141000000000107e-02
2.371822000000000166e-02
2.372153000000000109e-02
2.083012999999999879e-02
1.908266999999999949e-02
1.956234999999999918e-02
1.964122000000000090e-02
2.077738000000000154e-02
2.063295000000000060e-02
1.987115999999999882e-02
1.945322000000000023e-02
1.924272000000000135e-02
2.042427000000000131e-02
2.157885000000000011e-02
2.140709000000000015e-02
2.184871999999999856e-02
2.022927999999999879e-02
1.880940000000000042e-02
1.971923000000000079e-02
1.990182000000000062e-02
1.829841999999999927e-02
1.704048000000000021e-02
