5.064696999999999949e-02
7.935628999999999600e-02
8.985171999999999604e-02
8.500599000000000349e-02
8.836017000000000177e-02
8.305255000000000276e-02
6.889138000000000206e-02
4.649228999999999862e-02
3.334713000000000260e-02
2.968590000000000118e-02
2.466430999999999832e-02
2.091559999999999947e-02
2.212752000000000122e-02
2.265050999999999870e-02
2.641924000000000008e-02
2.653049999999999853e-02
3.236023999999999845e-02
3.533030000000000198e-02
2.876371000000000136e-02
2.327658999999999978e-02
2.164759999999999948e-02
2.140678000000000025e-02
1.927817999999999893e-02
1.917705999999999925e-02
1.963973999999999928e-02
1.944902999999999910e-02
1.834852000000000011e-02
1.883316000000000157e-02
1.943784999999999957e-02
1.935769000000000031e-02
1.865173999999999999e-02
1.871870999999999952e-02
1.851198000000000080e-02
1.848369000000000054e-02
1.815461999999999979e-02
1.789583000000000146e-02
1.826917000000000124e-02
1.859320999999999890e-02
1.893908999999999870e-02
1.808451000000000156e-02
1.808902999999999900e-02
1.839073999999999917e-02
1.835217999999999919e-02
1.902082999999999899e-02
1.873400999999999886e-02
1.858446000000000056e-02
1.837940999999999880e-02
1.840131000000000058e-02
1.855793000000000026e-02
1.805790000000000173e-02
1.862526000000000112e-02
1.834627999999999953e-02
1.799181999999999865e-02
1.882003000000000148e-02
1.839798000000000128e-02
1.870356000000000102e-02
1.894558000000000006e-02
1.870994000000000129e-02
1.863971999999999851e-02
1.803946000000000022e-02
1.820743000000000014e-02
1.818107999999999877e-02
1.700128999999999876e-02
1.628543000000000004e-02
