1.660139000000000059e-02
2.072291000000000064e-02
3.050204999999999930e-02
4.427309000000000105e-02
5.327989999999999809e-02
6.291062999999999517e-02
6.671269000000000504e-02
6.871220000000000105e-02
5.715514000000000011e-02
6.250268000000000490e-02
5.711965000000000098e-02
3.895769000000000315e-02
3.126480000000000231e-02
2.586000000000000104e-02
2.052937999999999985e-02
2.016731999999999900e-02
1.873816000000000023e-02
1.976046999999999873e-02
2.075257999999999964e-02
2.184391999999999931e-02
2.730343999999999827e-02
2.797060999999999992e-02
2.290589999999999987e-02
2.164962999999999957e-02
2.112817999999999988e-02
2.148829000000000017e-02
2.056024999999999867e-02
2.021925000000000111e-02
2.045419000000000057e-02
1.965603999999999962e-02
1.976707000000000117e-02
1.840972000000000094e-02
1.850794000000000050e-02
1.831611000000000003e-02
1.832454999999999848e-02
1.798585000000000114e-02
1.895267999999999953e-02
1.983804999999999943e-02
1.867964999999999903e-02
1.734209999999999918e-02
1.789974999999999900e-02
1.909283999999999981e-02
1.982255999999999949e-02
1.955675999999999942e-02
1.843440999999999830e-02
1.783759999999999860e-02
1.845101000000000033e-02
1.872205999999999870e-02
1.939992000000000105e-02
1.954205999999999999e-02
1.836907999999999944e-02
1.791770000000000168e-02
1.763084999999999999e-02
1.861886000000000096e-02
1.925616000000000133e-02
1.995832000000000161e-02
1.935117999999999908e-02
1.747548999999999977e-02
1.757929999999999909e-02
1.819312000000000012e-02
1.829555000000000070e-02
1.866736000000000090e-02
1.808728000000000072e-02
1.603042999999999829e-02
