2.152070000000000025e-02
2.715659999999999949e-02
2.644443999999999961e-02
2.449569999999999872e-02
2.430832000000000132e-02
2.203574000000000158e-02
2.018945000000000115e-02
1.923891000000000143e-02
1.840850999999999946e-02
1.852637000000000034e-02
1.831328999999999943e-02
1.827635999999999844e-02
1.902097000000000163e-02
1.914375000000000104e-02
1.945039000000000143e-02
1.935026999999999928e-02
1.982509999999999828e-02
2.014476999999999934e-02
1.937958999999999862e-02
1.893304000000000167e-02
1.795561999999999853e-02
1.814056000000000002e-02
1.826842999999999870e-02
1.800010000000000152e-02
1.848537999999999917e-02
1.849351000000000120e-02
1.757972000000000007e-02
1.785457999999999837e-02
1.835722999999999869e-02
1.760665999999999967e-02
1.808956999999999926e-02
1.822978999999999919e-02
1.823647999999999936e-02
1.781125999999999890e-02
1.768766999999999909e-02
1.787824999999999831e-02
1.812661999999999954e-02
1.832842999999999972e-02
1.837495999999999921e-02
1.802580999999999975e-02
1.754290999999999837e-02
1.820081000000000129e-02
1.905321999999999918e-02
1.913089000000000109e-02
1.854569999999999830e-02
1.781438000000000119e-02
1.802602999999999844e-02
1.859111999999999917e-02
1.873854999999999965e-02
1.837971999999999870e-02
1.855992999999999879e-02
1.838630999999999946e-02
1.780162000000000064e-02
1.810155000000000097e-02
1.818434999999999843e-02
1.857344999999999829e-02
1.813939999999999997e-02
1.793985000000000024e-02
1.817397000000000110e-02
1.791272000000000003e-02
1.849895000000000012e-02
1.830205999999999847e-02
1.696777000000000007e-02
1.564323999999999923e-02
