2.010156999999999916e-02
2.588160999999999934e-02
2.563423000000000090e-02
2.115736000000000006e-02
1.905298999999999882e-02
2.036081000000000002e-02
2.038018000000000121e-02
2.065488999999999867e-02
2.203236000000000083e-02
2.420951000000000006e-02
2.258916999999999869e-02
2.094212999999999977e-02
1.977790000000000104e-02
2.315381999999999857e-02
2.933045999999999917e-02
3.135828000000000226e-02
2.595953000000000149e-02
1.998768000000000072e-02
1.938567999999999888e-02
2.400462999999999902e-02
2.433054000000000119e-02
2.304517000000000024e-02
2.381517999999999829e-02
2.772921999999999887e-02
3.344434999999999769e-02
4.647687000000000346e-02
3.776378999999999847e-02
3.105284000000000169e-02
2.325680000000000108e-02
2.530171999999999977e-02
2.984979000000000104e-02
3.706653000000000031e-02
3.712201999999999863e-02
4.368729999999999836e-02
4.899973999999999996e-02
5.195198000000000177e-02
5.560427999999999898e-02
5.020601000000000230e-02
3.786934000000000133e-02
2.328991999999999868e-02
2.903997999999999996e-02
6.686517999999999629e-02
1.070045500000000038e-01
1.407093299999999936e-01
1.596934200000000026e-01
1.618115199999999865e-01
1.531998800000000105e-01
1.412470600000000076e-01
9.898640999999999690e-02
6.087983000000000283e-02
4.833025999999999989e-02
3.821059000000000261e-02
2.972404000000000018e-02
2.562058999999999864e-02
2.771782000000000065e-02
2.395755999999999927e-02
2.754395000000000107e-02
2.840675999999999965e-02
3.434692999999999774e-02
4.355214999999999781e-02
4.288887999999999728e-02
3.717059000000000335e-02
2.706481000000000164e-02
1.844294999999999962e-02
