1.512607000000000014e-02
4.180392000000000136e-02
2.674446999999999935e-02
2.542223999999999873e-02
2.230943000000000162e-02
1.948218000000000172e-02
2.037956999999999963e-02
2.670778999999999861e-02
2.849325999999999942e-02
2.760429999999999828e-02
2.390839999999999979e-02
2.320488999999999885e-02
3.111819000000000043e-02
3.794903000000000165e-02
2.963661000000000073e-02
2.389780000000000029e-02
2.150082999999999855e-02
2.162236999999999840e-02
2.915749000000000118e-02
2.349775000000000127e-02
2.418257000000000045e-02
2.572643999999999972e-02
2.317357999999999918e-02
3.093285000000000132e-02
3.346952999999999734e-02
2.765454999999999997e-02
2.553565000000000002e-02
2.878322999999999993e-02
3.139945999999999710e-02
4.080886000000000235e-02
3.402399999999999869e-02
2.902849000000000054e-02
2.731089000000000086e-02
2.333164999999999892e-02
1.994415999999999897e-02
2.474256000000000025e-02
3.088752999999999985e-02
3.024212999999999901e-02
3.253509000000000262e-02
3.723387000000000224e-02
5.059692999999999830e-02
5.743257000000000223e-02
4.742600000000000288e-02
3.772911000000000320e-02
2.667645999999999906e-02
3.387421000000000182e-02
4.454214000000000090e-02
7.206772000000000178e-02
1.160329900000000025e-01
1.581620099999999918e-01
1.841837600000000019e-01
1.768671400000000060e-01
1.696857999999999977e-01
1.549254999999999938e-01
1.016923200000000027e-01
5.066765000000000158e-02
3.106068999999999844e-02
2.388844999999999857e-02
2.009239999999999984e-02
2.023370000000000030e-02
2.102098000000000161e-02
2.883942000000000103e-02
2.731035000000000060e-02
1.896480999999999861e-02
