4.773792999999999787e-02
5.551715000000000122e-02
4.813127999999999851e-02
3.430849999999999872e-02
2.694877000000000036e-02
2.471218000000000026e-02
4.260858000000000007e-02
6.405154999999999876e-02
1.237067699999999937e-01
1.712469000000000074e-01
1.660444100000000034e-01
1.824236399999999980e-01
1.895076900000000064e-01
1.650758499999999962e-01
1.017713299999999932e-01
7.470849999999999713e-02
4.912655999999999967e-02
2.900979000000000058e-02
2.298787999999999873e-02
2.454918999999999851e-02
2.385048000000000029e-02
2.715276000000000148e-02
3.632914999999999756e-02
4.441406999999999994e-02
5.951093999999999828e-02
6.465136000000000494e-02
4.286183999999999827e-02
2.932397000000000128e-02
2.624624000000000054e-02
2.399369000000000154e-02
2.796627000000000141e-02
2.647860999999999965e-02
2.879525000000000140e-02
3.233433000000000140e-02
3.040421999999999916e-02
2.848024000000000042e-02
2.565829000000000026e-02
2.380994000000000166e-02
2.557022000000000114e-02
2.228093999999999908e-02
2.214684999999999918e-02
2.219348000000000154e-02
2.034450000000000147e-02
2.201277999999999915e-02
2.491822999999999955e-02
2.856937000000000018e-02
2.760326000000000099e-02
2.444860000000000089e-02
2.327960000000000099e-02
2.373273999999999870e-02
2.822772000000000128e-02
3.051438000000000067e-02
2.866182999999999925e-02
2.411755999999999969e-02
2.259262000000000076e-02
2.083751999999999827e-02
1.948464999999999919e-02
2.447985999999999912e-02
2.702908999999999867e-02
2.550070999999999935e-02
2.737091999999999997e-02
2.555100000000000079e-02
2.008342999999999934e-02
1.841780999999999974e-02
