2.108758000000000160e-02
2.785108000000000028e-02
3.370113999999999749e-02
3.264589999999999853e-02
2.370519999999999919e-02
1.934127999999999889e-02
1.853673000000000126e-02
1.895965000000000150e-02
2.382350000000000093e-02
2.589783000000000016e-02
2.241403999999999966e-02
2.398346000000000158e-02
2.850952000000000000e-02
3.650404000000000149e-02
4.260989999999999917e-02
3.760365000000000235e-02
3.503019000000000271e-02
2.445742999999999875e-02
2.014670000000000002e-02
2.441137000000000168e-02
5.186542000000000235e-02
8.106001000000000178e-02
9.984117000000000686e-02
1.022884899999999958e-01
1.130320400000000003e-01
1.009896500000000003e-01
8.112126000000000059e-02
5.668543000000000193e-02
3.619647000000000142e-02
2.336892000000000136e-02
2.213729000000000044e-02
2.096873000000000140e-02
2.240330000000000099e-02
2.995934999999999918e-02
4.048279999999999934e-02
4.198438000000000170e-02
5.387677999999999912e-02
5.912123999999999852e-02
4.806682999999999789e-02
3.084380999999999928e-02
2.594023999999999983e-02
2.237162999999999999e-02
1.960138000000000158e-02
2.289723000000000105e-02
2.760906000000000124e-02
2.480705999999999883e-02
2.173171999999999951e-02
2.219778000000000029e-02
2.179965999999999848e-02
2.108374999999999833e-02
2.273044999999999927e-02
2.210134000000000057e-02
2.063303999999999833e-02
2.234130999999999964e-02
2.291048999999999863e-02
2.072751999999999928e-02
1.891860999999999890e-02
2.523461999999999927e-02
3.087526000000000159e-02
2.851313999999999932e-02
2.309216999999999867e-02
2.140339000000000130e-02
1.888598000000000013e-02
1.718412000000000064e-02
