1.766937000000000021e-02
1.892821000000000087e-02
1.867616000000000068e-02
1.829913999999999846e-02
1.850566000000000016e-02
1.903724000000000041e-02
1.922164999999999985e-02
1.957278999999999963e-02
2.050261000000000097e-02
2.023996000000000128e-02
1.958514000000000088e-02
1.849663000000000002e-02
1.823388999999999913e-02
1.845996000000000095e-02
1.956895000000000162e-02
2.043936000000000017e-02
1.934734999999999927e-02
1.840235000000000135e-02
1.804191000000000128e-02
1.884204000000000087e-02
2.004993999999999874e-02
2.182047000000000153e-02
2.106809999999999933e-02
1.917061999999999933e-02
1.899303000000000102e-02
2.059510000000000160e-02
2.028115999999999947e-02
2.031147999999999981e-02
1.922362000000000029e-02
1.874320999999999973e-02
1.875444999999999890e-02
1.988917000000000115e-02
1.996229999999999880e-02
1.985603000000000021e-02
1.990495999999999932e-02
1.977877999999999928e-02
2.155852999999999936e-02
2.300046000000000035e-02
2.058441000000000090e-02
1.937840999999999869e-02
1.877018000000000089e-02
2.044212000000000112e-02
2.246242000000000030e-02
2.382545999999999969e-02
2.378142000000000103e-02
2.403330000000000050e-02
2.777401999999999996e-02
2.881099000000000160e-02
2.675991999999999954e-02
2.319672999999999874e-02
2.182759999999999909e-02
2.185751000000000013e-02
2.224208000000000088e-02
3.318038999999999711e-02
4.410059000000000201e-02
5.228714999999999752e-02
6.050834000000000074e-02
6.656038999999999706e-02
6.757140999999999842e-02
6.005713000000000024e-02
5.918840000000000212e-02
4.540302000000000227e-02
2.797486000000000070e-02
1.714598000000000164e-02
