1.664020000000000082e-02
1.811031000000000099e-02
1.811816999999999941e-02
1.762301000000000145e-02
1.766554999999999861e-02
1.786451000000000011e-02
1.760159999999999850e-02
1.774877000000000052e-02
1.808776999999999954e-02
1.935065000000000049e-02
1.802876999999999952e-02
1.895159000000000080e-02
1.839651000000000133e-02
1.825722999999999929e-02
1.792809999999999890e-02
1.821822000000000025e-02
1.869670999999999833e-02
1.877828000000000136e-02
1.831185999999999925e-02
1.920809999999999879e-02
2.192066000000000153e-02
2.122591999999999882e-02
1.942330999999999919e-02
1.944811000000000109e-02
1.986966999999999900e-02
1.981590000000000087e-02
2.096034000000000092e-02
2.999355000000000077e-02
3.422850000000000198e-02
3.785834999999999895e-02
4.420173000000000157e-02
4.152522000000000157e-02
4.241862999999999884e-02
3.341994999999999688e-02
2.618432000000000051e-02
2.237712999999999855e-02
1.952146999999999910e-02
1.852824999999999958e-02
1.978001999999999885e-02
2.114225999999999953e-02
2.126242000000000062e-02
2.203588999999999895e-02
2.373495000000000119e-02
2.491758000000000167e-02
2.530324000000000115e-02
2.132649000000000003e-02
1.856234000000000009e-02
1.883641000000000135e-02
1.917405999999999971e-02
1.979289999999999869e-02
2.038701999999999875e-02
1.927620999999999848e-02
1.912041999999999908e-02
1.924371999999999888e-02
1.924183999999999964e-02
1.970003999999999852e-02
1.891931000000000168e-02
1.886211999999999958e-02
1.957410999999999873e-02
2.050209999999999880e-02
1.954817999999999834e-02
1.881520999999999888e-02
1.786886000000000030e-02
1.585247999999999866e-02
