2.026007999999999976e-02
2.285991000000000065e-02
1.989136999999999850e-02
2.681027999999999883e-02
3.492283000000000193e-02
2.824439999999999937e-02
2.364598999999999868e-02
2.672025999999999915e-02
3.780856999999999968e-02
5.628089000000000008e-02
5.955549000000000259e-02
4.346913000000000166e-02
3.147098999999999730e-02
2.325067000000000106e-02
2.606806999999999874e-02
4.203935999999999784e-02
5.331091000000000302e-02
8.338602999999999987e-02
1.187509100000000012e-01
1.488031400000000004e-01
1.497097000000000011e-01
1.416017999999999999e-01
1.104005299999999967e-01
7.070777999999999786e-02
3.832696000000000019e-02
2.484485000000000166e-02
2.151141000000000164e-02
2.114908999999999886e-02
3.057860999999999913e-02
3.518961000000000311e-02
3.628717000000000054e-02
4.571246999999999810e-02
4.908488999999999908e-02
5.096061000000000341e-02
3.619139999999999857e-02
2.584610999999999853e-02
2.210606999999999850e-02
2.157614000000000060e-02
2.345401000000000083e-02
2.496438999999999950e-02
2.345701000000000036e-02
2.605862999999999929e-02
2.669358999999999968e-02
2.270704000000000125e-02
1.951156999999999891e-02
2.014942000000000122e-02
2.080658000000000160e-02
2.079895999999999828e-02
2.089658999999999961e-02
2.119911000000000018e-02
2.251302999999999985e-02
2.557784999999999920e-02
2.519597000000000156e-02
2.508416000000000118e-02
2.508994999999999975e-02
2.301939000000000068e-02
2.144489000000000117e-02
1.970366999999999952e-02
1.918637000000000120e-02
2.105958999999999956e-02
2.565544999999999978e-02
2.952499999999999916e-02
2.301600999999999994e-02
1.781895999999999827e-02
