1.693056000000000075e-02
1.864259000000000055e-02
1.861474000000000115e-02
2.011338000000000015e-02
2.015704000000000107e-02
2.111075000000000104e-02
2.001243000000000119e-02
1.848344000000000029e-02
1.827878000000000142e-02
1.918341000000000143e-02
2.033418000000000031e-02
2.038453000000000140e-02
1.985773999999999873e-02
1.931640999999999914e-02
1.871748000000000162e-02
1.961678000000000033e-02
2.090648000000000159e-02
2.103673000000000001e-02
1.989511000000000057e-02
1.962169999999999886e-02
1.899957000000000035e-02
1.996836000000000097e-02
2.154847999999999833e-02
1.983522000000000063e-02
1.939133999999999997e-02
1.951804000000000039e-02
2.072823000000000027e-02
2.276900000000000104e-02
2.022250000000000089e-02
1.969575000000000145e-02
1.964909000000000100e-02
2.006418999999999911e-02
2.201824000000000142e-02
2.358653999999999959e-02
2.479688000000000031e-02
2.158155999999999963e-02
1.927807999999999952e-02
2.164264000000000118e-02
2.279752999999999988e-02
2.100430000000000005e-02
1.945182000000000161e-02
2.173297999999999897e-02
2.509569999999999856e-02
2.992076000000000111e-02
2.977973999999999899e-02
2.536945999999999993e-02
2.430428999999999923e-02
2.238089000000000051e-02
2.338863999999999874e-02
3.003039000000000056e-02
4.093858999999999693e-02
5.088813999999999838e-02
5.790937000000000168e-02
7.507073000000000218e-02
7.158554000000000306e-02
6.281544000000000016e-02
5.581426999999999916e-02
5.006464000000000053e-02
3.955965000000000176e-02
3.126699000000000145e-02
2.401819999999999997e-02
2.082430999999999865e-02
1.811783000000000143e-02
1.696022999999999975e-02
