1.707271999999999956e-02
1.861762999999999960e-02
1.901382999999999893e-02
2.062254000000000170e-02
2.215856999999999896e-02
2.711786000000000058e-02
2.817238999999999854e-02
2.618414999999999979e-02
2.310670999999999906e-02
1.936521999999999896e-02
1.950816999999999829e-02
2.082231999999999833e-02
2.407690999999999998e-02
2.352531000000000067e-02
2.237027000000000113e-02
2.060785000000000047e-02
2.002021000000000009e-02
2.233591000000000049e-02
2.351750000000000021e-02
2.466677999999999926e-02
2.017856999999999984e-02
1.975709999999999966e-02
2.517681999999999906e-02
2.611621999999999902e-02
2.844263000000000000e-02
2.631479000000000110e-02
2.284160000000000010e-02
2.195400999999999950e-02
2.073101999999999931e-02
2.139119000000000090e-02
2.175200000000000050e-02
2.023229000000000000e-02
2.218830999999999928e-02
2.801350999999999841e-02
3.352923000000000014e-02
2.709481000000000042e-02
2.246394999999999989e-02
2.120804000000000092e-02
2.360751999999999989e-02
2.430614000000000038e-02
2.299787000000000012e-02
2.204356000000000024e-02
2.884031000000000095e-02
4.121850999999999987e-02
4.467597999999999708e-02
4.596564000000000205e-02
5.491454999999999947e-02
4.553307000000000188e-02
2.519139000000000100e-02
2.631019999999999887e-02
2.681267000000000025e-02
4.543048000000000225e-02
7.295445999999999875e-02
9.618844000000000005e-02
1.247429300000000019e-01
1.337885600000000008e-01
1.325578699999999943e-01
1.253975499999999965e-01
1.102701600000000060e-01
8.428468999999999545e-02
5.047451000000000021e-02
3.502382999999999885e-02
2.287188999999999889e-02
1.827631000000000047e-02
