2.334268000000000107e-02
2.457327000000000122e-02
2.356609999999999955e-02
2.301119999999999902e-02
2.187810000000000102e-02
2.335527999999999910e-02
2.618014999999999926e-02
2.737370999999999902e-02
3.196751999999999927e-02
3.310077000000000158e-02
2.984861999999999932e-02
2.268391999999999978e-02
2.014811999999999853e-02
2.086110000000000048e-02
2.766988999999999907e-02
3.002784999999999829e-02
2.428653000000000062e-02
2.137025000000000036e-02
2.155674000000000132e-02
2.332524999999999876e-02
3.740373000000000309e-02
4.243178000000000227e-02
3.995416999999999719e-02
2.950658999999999921e-02
2.556670999999999944e-02
3.684529000000000276e-02
3.207088000000000300e-02
3.032150000000000123e-02
2.652436000000000030e-02
2.194400000000000170e-02
2.382249999999999993e-02
2.748396999999999993e-02
2.652592000000000144e-02
2.965227999999999961e-02
2.676190000000000166e-02
2.787289000000000086e-02
4.086216000000000154e-02
3.881053999999999754e-02
2.807219999999999854e-02
2.274717000000000058e-02
2.183306999999999956e-02
2.564761000000000124e-02
3.043475000000000000e-02
3.763941999999999982e-02
3.716830000000000134e-02
3.706306999999999657e-02
4.783505999999999869e-02
4.946634999999999921e-02
4.752705000000000124e-02
3.780726999999999699e-02
3.359095000000000136e-02
3.614689000000000096e-02
4.008139000000000146e-02
7.998292999999999375e-02
1.085071799999999947e-01
1.439297499999999952e-01
1.869820199999999988e-01
1.940165600000000046e-01
1.892667700000000008e-01
1.824686399999999875e-01
1.484320500000000098e-01
1.124302100000000026e-01
5.356833999999999901e-02
2.017365999999999951e-02
