1.804967999999999850e-02
2.075648000000000076e-02
2.373052000000000147e-02
4.404555000000000275e-02
5.958654000000000034e-02
8.729323999999999417e-02
1.184068499999999940e-01
1.314131199999999944e-01
1.304891300000000087e-01
1.365124600000000021e-01
1.205590099999999942e-01
8.959327999999999737e-02
6.653154999999999486e-02
4.180558999999999664e-02
2.643409000000000036e-02
2.400514000000000120e-02
2.119988999999999901e-02
2.174221999999999960e-02
2.445858000000000060e-02
2.781805999999999862e-02
3.584202000000000221e-02
4.167007999999999823e-02
3.509589999999999932e-02
3.771833000000000130e-02
3.870726000000000028e-02
3.551065999999999945e-02
2.719937000000000049e-02
2.569182000000000063e-02
2.719024999999999914e-02
2.426822999999999828e-02
2.311326000000000006e-02
2.252542000000000086e-02
2.121819999999999956e-02
2.163742000000000096e-02
2.068180999999999839e-02
2.097879000000000063e-02
2.571294000000000010e-02
2.655775000000000149e-02
2.154802000000000106e-02
1.924371000000000068e-02
1.851418999999999981e-02
2.346842000000000025e-02
2.836877000000000149e-02
2.618681999999999954e-02
2.186764999999999889e-02
2.024257000000000140e-02
2.054341999999999974e-02
2.115484999999999935e-02
2.504282000000000036e-02
2.763368000000000074e-02
2.467569999999999833e-02
2.120690000000000075e-02
1.903627999999999917e-02
2.158088999999999841e-02
2.404312000000000116e-02
2.811386999999999914e-02
2.424083999999999961e-02
1.928933999999999857e-02
1.943169999999999967e-02
2.008961000000000080e-02
1.943212000000000064e-02
2.293146000000000073e-02
2.149772000000000141e-02
1.809254000000000071e-02
