1.751234999999999944e-02
1.880311999999999956e-02
1.803300000000000042e-02
1.809401000000000065e-02
2.260850999999999833e-02
2.130450999999999873e-02
1.901059000000000082e-02
1.787089000000000039e-02
1.883595999999999882e-02
1.820789000000000088e-02
2.114684999999999829e-02
2.384485000000000077e-02
2.218335999999999919e-02
1.967852999999999963e-02
1.905197999999999961e-02
2.120011000000000118e-02
2.058478000000000044e-02
1.895720999999999865e-02
2.197359000000000118e-02
2.029513000000000150e-02
1.804056000000000062e-02
1.809931000000000040e-02
1.998658000000000032e-02
2.448378999999999833e-02
2.929487999999999884e-02
2.275080999999999978e-02
2.371556000000000011e-02
2.659287000000000109e-02
3.463734000000000257e-02
3.171953999999999746e-02
2.173730000000000107e-02
1.797835999999999879e-02
1.945971000000000159e-02
2.232061999999999935e-02
2.567886000000000127e-02
2.398141000000000161e-02
2.508232999999999990e-02
3.081476000000000007e-02
3.089965999999999893e-02
3.833146999999999943e-02
2.659962999999999911e-02
3.030729999999999882e-02
2.057136000000000034e-02
2.492909999999999918e-02
2.941442000000000015e-02
6.838803000000000243e-02
9.063598999999999961e-02
1.007962200000000058e-01
9.330931000000000641e-02
8.263872999999999358e-02
8.336652999999999425e-02
6.370280999999999860e-02
5.342580000000000245e-02
4.847412000000000248e-02
2.696961000000000150e-02
2.137323000000000001e-02
2.064231000000000052e-02
2.284038999999999861e-02
2.297418999999999850e-02
2.490940000000000168e-02
2.656787999999999858e-02
3.127842000000000122e-02
2.643356999999999998e-02
1.802484999999999851e-02
