1.835070000000000104e-02
2.415449000000000068e-02
2.722429000000000168e-02
2.325986000000000026e-02
2.753072999999999979e-02
3.117390999999999912e-02
3.227847999999999828e-02
2.964763000000000120e-02
2.919739999999999835e-02
2.778254999999999961e-02
2.190900999999999960e-02
2.179023999999999892e-02
3.375472999999999668e-02
4.259158999999999862e-02
6.681362999999999885e-02
8.796988999999999503e-02
8.644741000000000231e-02
7.958160000000000234e-02
6.710541000000000422e-02
5.969525999999999999e-02
4.400359999999999688e-02
2.803131999999999846e-02
2.546669000000000016e-02
1.930739000000000066e-02
1.982493999999999923e-02
2.173386000000000068e-02
2.306008000000000016e-02
2.561770000000000019e-02
2.915459999999999927e-02
3.331097000000000224e-02
3.108355999999999966e-02
2.957546000000000133e-02
2.194002000000000105e-02
2.052108999999999878e-02
2.178605000000000125e-02
2.129858999999999919e-02
2.057215999999999906e-02
1.963544000000000053e-02
2.103011000000000116e-02
2.021865999999999941e-02
2.090685999999999933e-02
1.945873000000000047e-02
1.896911999999999904e-02
1.835608000000000031e-02
1.903273999999999938e-02
2.022418000000000132e-02
1.904565000000000077e-02
1.947882999999999906e-02
1.928250999999999923e-02
2.089277000000000148e-02
2.386749999999999983e-02
2.184960000000000027e-02
2.248645000000000158e-02
2.057524999999999979e-02
1.972876999999999964e-02
1.924634999999999888e-02
1.919088999999999864e-02
2.109785000000000132e-02
2.132772999999999960e-02
2.018785999999999844e-02
2.152750999999999970e-02
2.070044000000000051e-02
1.877260000000000040e-02
1.739341999999999971e-02
