1.758788999999999839e-02
1.864644999999999844e-02
1.788137000000000060e-02
1.813083999999999876e-02
1.852865999999999888e-02
1.906365000000000143e-02
2.049799999999999886e-02
2.193644000000000149e-02
2.081799999999999970e-02
1.947478000000000056e-02
1.868225000000000094e-02
1.816794000000000048e-02
1.887598000000000054e-02
1.983698999999999879e-02
2.286082999999999865e-02
2.140564999999999829e-02
1.902592999999999993e-02
1.816266999999999882e-02
1.992676999999999990e-02
2.139419999999999863e-02
2.071403000000000133e-02
2.384197999999999873e-02
2.232711000000000071e-02
2.202892999999999865e-02
2.354177000000000006e-02
2.710465999999999917e-02
2.436487999999999848e-02
1.918092999999999881e-02
2.032642999999999950e-02
2.161626999999999993e-02
2.096622000000000069e-02
2.282166999999999876e-02
2.332646000000000025e-02
2.621541999999999970e-02
2.897185000000000038e-02
2.933648999999999979e-02
2.501892000000000005e-02
2.604443999999999856e-02
2.268084000000000072e-02
1.933580000000000021e-02
1.967553999999999831e-02
2.088351999999999917e-02
2.435090000000000171e-02
2.867097999999999869e-02
2.746074000000000084e-02
2.915440999999999866e-02
3.571735000000000188e-02
3.640920999999999741e-02
3.438664999999999777e-02
2.796743999999999966e-02
1.995910000000000045e-02
2.527830999999999828e-02
3.672567000000000192e-02
5.850396000000000069e-02
8.085588000000000497e-02
8.698946000000000456e-02
9.250646999999999343e-02
8.643610999999999656e-02
7.488611000000000573e-02
8.045207999999999526e-02
7.073875999999999775e-02
6.790893000000000623e-02
3.440284999999999871e-02
1.795215000000000005e-02
