1.801144999999999829e-02
2.098596000000000142e-02
2.083526000000000128e-02
2.070856999999999906e-02
2.108300000000000105e-02
1.953581000000000067e-02
1.922536000000000037e-02
2.367891000000000093e-02
2.756745000000000029e-02
2.637221000000000010e-02
2.677188000000000137e-02
2.515999000000000013e-02
2.115890999999999952e-02
1.924166000000000071e-02
2.384812999999999863e-02
2.993043999999999913e-02
2.748118000000000088e-02
2.234803000000000137e-02
1.988726000000000035e-02
1.877809999999999896e-02
2.555748999999999868e-02
3.634939000000000225e-02
3.561745999999999662e-02
2.321161999999999878e-02
1.980437999999999990e-02
2.240966000000000138e-02
2.753436999999999898e-02
2.946491999999999861e-02
2.843760999999999858e-02
2.165535999999999850e-02
2.087879000000000124e-02
2.328855999999999982e-02
2.475909999999999916e-02
2.404496000000000064e-02
2.106121000000000035e-02
2.133323999999999984e-02
2.507360000000000144e-02
2.846372999999999959e-02
2.643509999999999957e-02
2.080262999999999904e-02
1.920186000000000115e-02
1.996109000000000078e-02
2.242796999999999846e-02
2.508376000000000008e-02
2.653969000000000120e-02
2.543238999999999916e-02
2.748774000000000009e-02
2.779097000000000164e-02
2.726102000000000039e-02
2.733920999999999921e-02
2.386465000000000114e-02
2.361316000000000109e-02
2.443073000000000120e-02
3.171509000000000134e-02
4.955522999999999872e-02
7.286546000000000689e-02
9.348781999999999925e-02
1.069941499999999962e-01
1.086755900000000025e-01
1.068156400000000034e-01
8.750955000000000539e-02
7.285228000000000537e-02
4.370923000000000169e-02
1.706666999999999906e-02
