2.485143000000000074e-02
2.824244000000000060e-02
2.182796000000000042e-02
2.966055000000000080e-02
3.848752999999999896e-02
2.800255000000000105e-02
2.466559000000000113e-02
2.912220999999999907e-02
4.350302000000000335e-02
6.695357999999999865e-02
6.994235999999999509e-02
4.887381999999999838e-02
4.046649000000000079e-02
3.525480999999999754e-02
2.502677000000000027e-02
2.874107999999999871e-02
3.960099999999999731e-02
7.068583000000000505e-02
1.292959999999999943e-01
1.649918300000000060e-01
1.780410600000000010e-01
1.627883499999999983e-01
1.261245500000000019e-01
8.188765000000000627e-02
4.995983999999999842e-02
3.206781000000000215e-02
2.322199000000000138e-02
2.280913999999999858e-02
3.175784999999999719e-02
3.436937000000000325e-02
3.960211999999999760e-02
5.280387000000000275e-02
5.585350000000000037e-02
6.168388000000000343e-02
4.877208999999999711e-02
2.962445999999999829e-02
2.619056000000000162e-02
2.613199000000000077e-02
2.716690999999999898e-02
2.725498000000000157e-02
2.672491000000000103e-02
2.606431000000000026e-02
2.766327000000000022e-02
2.375518000000000074e-02
1.934461000000000166e-02
1.977384000000000086e-02
2.130177999999999933e-02
2.141080999999999887e-02
2.267175999999999914e-02
2.076855999999999841e-02
2.276277999999999982e-02
2.408300000000000024e-02
2.338650000000000104e-02
2.377477000000000062e-02
2.573792999999999914e-02
2.676850999999999883e-02
2.420076000000000171e-02
2.101853999999999875e-02
2.148966999999999891e-02
2.152166999999999969e-02
2.428976000000000052e-02
2.880535999999999860e-02
2.664419999999999983e-02
1.865085000000000007e-02
