2.433106000000000158e-02
3.005446999999999980e-02
2.806300999999999934e-02
2.273591999999999974e-02
2.070991999999999972e-02
1.924957000000000057e-02
2.132457000000000102e-02
2.747990999999999975e-02
4.100884999999999947e-02
5.036757000000000040e-02
5.603459000000000217e-02
5.917126999999999803e-02
6.189519999999999744e-02
5.162317000000000294e-02
3.884467999999999949e-02
3.146042999999999756e-02
2.630311000000000107e-02
2.020285000000000136e-02
1.940431000000000100e-02
1.876146999999999884e-02
1.866102999999999859e-02
1.929004000000000135e-02
2.047904000000000044e-02
2.322439999999999921e-02
2.446960000000000107e-02
2.754913000000000153e-02
2.311012000000000136e-02
2.356176999999999924e-02
2.067832000000000003e-02
1.882098999999999925e-02
1.991951000000000138e-02
1.972565999999999903e-02
2.096487000000000003e-02
2.166964000000000043e-02
2.196970000000000173e-02
2.053373000000000004e-02
2.009301999999999963e-02
1.841889000000000026e-02
1.847021999999999900e-02
1.857270999999999922e-02
1.833484000000000155e-02
1.902753999999999904e-02
1.791562999999999836e-02
1.809685999999999934e-02
1.912851000000000135e-02
1.975491000000000053e-02
2.072442999999999855e-02
2.157821000000000045e-02
1.966928000000000079e-02
1.842525999999999886e-02
1.870783000000000168e-02
1.964041999999999871e-02
2.043601999999999919e-02
1.992386000000000157e-02
1.991404999999999911e-02
1.842314000000000104e-02
1.778735999999999859e-02
1.832713999999999871e-02
1.915508000000000141e-02
2.044344999999999843e-02
2.038109999999999922e-02
2.049406000000000144e-02
1.782569000000000167e-02
1.637351000000000084e-02
