1.721347999999999975e-02
2.251538000000000150e-02
2.342831000000000080e-02
3.168800000000000089e-02
4.084953000000000195e-02
3.567727999999999872e-02
2.173372000000000151e-02
2.118613000000000093e-02
2.082086000000000006e-02
2.116366000000000080e-02
2.856558000000000014e-02
2.626985000000000084e-02
2.615639000000000158e-02
1.949207999999999844e-02
2.218399999999999886e-02
2.433741000000000029e-02
2.497355000000000061e-02
2.620857999999999868e-02
2.235851000000000158e-02
2.923018000000000144e-02
4.236535999999999774e-02
4.893866999999999662e-02
4.081132999999999983e-02
3.033554999999999932e-02
2.534004999999999938e-02
2.320511000000000101e-02
3.831769000000000147e-02
3.676626000000000200e-02
3.149369999999999947e-02
3.391008000000000217e-02
3.791736999999999885e-02
5.751193999999999751e-02
5.982185999999999754e-02
3.291837999999999709e-02
2.548674000000000078e-02
2.649032999999999943e-02
3.369827999999999713e-02
1.069908900000000052e-01
1.591941099999999998e-01
2.027637700000000098e-01
2.245458800000000033e-01
2.198915200000000070e-01
1.886934799999999968e-01
1.216920199999999980e-01
8.176413000000000431e-02
4.966241999999999879e-02
3.117788999999999977e-02
2.302749000000000115e-02
1.958845999999999851e-02
2.333599000000000090e-02
2.610213000000000116e-02
3.732334000000000346e-02
4.956287000000000192e-02
5.467013999999999901e-02
6.801852999999999372e-02
6.586000000000000187e-02
4.483609000000000205e-02
3.372696000000000027e-02
2.549304000000000153e-02
2.075652000000000053e-02
2.004999000000000017e-02
2.008311000000000124e-02
1.956400000000000153e-02
1.693276000000000156e-02
