1.817695999999999895e-02
2.337283000000000069e-02
2.410560999999999954e-02
2.359570999999999891e-02
2.549239000000000019e-02
2.549681999999999990e-02
2.048766999999999949e-02
1.809316000000000049e-02
1.955677999999999930e-02
2.423789000000000152e-02
2.860971000000000000e-02
3.862389000000000100e-02
4.757291000000000297e-02
5.224845999999999657e-02
4.585403999999999869e-02
4.970395999999999842e-02
4.328002000000000238e-02
3.137283999999999906e-02
2.650100999999999846e-02
2.025315000000000101e-02
1.846257000000000106e-02
1.859473000000000029e-02
1.864278999999999936e-02
1.970225999999999922e-02
2.033006999999999870e-02
2.184971999999999956e-02
2.569163000000000002e-02
2.582438000000000095e-02
2.450837000000000154e-02
2.208448000000000008e-02
2.088610999999999940e-02
1.911111000000000060e-02
2.043806999999999915e-02
2.034319000000000058e-02
2.063509999999999997e-02
2.037589000000000067e-02
1.897723999999999939e-02
1.879203999999999944e-02
1.886070000000000108e-02
1.846994000000000066e-02
1.847533999999999982e-02
1.826153999999999972e-02
1.822829000000000116e-02
1.823017999999999861e-02
1.810203000000000159e-02
1.792358000000000146e-02
1.862043000000000031e-02
1.920807000000000070e-02
1.992332000000000131e-02
2.044715000000000074e-02
1.988177000000000000e-02
1.796870999999999885e-02
1.789736999999999925e-02
1.872474000000000013e-02
1.952852999999999881e-02
1.965153999999999859e-02
1.979262000000000035e-02
1.890943000000000138e-02
1.839611000000000024e-02
1.783583000000000043e-02
1.834293999999999855e-02
1.916469000000000159e-02
1.743395000000000014e-02
1.626129000000000116e-02
