1.945455999999999921e-02
2.045158999999999866e-02
2.014254000000000044e-02
2.236153999999999920e-02
2.595369000000000148e-02
2.418647499999999895e-02
2.241925999999999988e-02
2.021173999999999887e-02
1.930211999999999900e-02
2.083611999999999964e-02
2.346165000000000056e-02
2.276318000000000091e-02
2.035831999999999919e-02
1.949158000000000140e-02
1.934697000000000153e-02
2.073128000000000123e-02
2.312513999999999889e-02
2.386871000000000131e-02
2.249282999999999838e-02
2.074196000000000026e-02
2.035864000000000076e-02
2.254503000000000063e-02
2.433895999999999976e-02
2.235532999999999965e-02
2.288789999999999922e-02
2.203650000000000053e-02
2.438622999999999832e-02
2.880479999999999846e-02
2.570621000000000017e-02
2.097486000000000142e-02
2.246000999999999900e-02
2.404144999999999893e-02
2.830055999999999891e-02
3.143789999999999779e-02
2.994549000000000169e-02
2.447571999999999942e-02
2.182016999999999984e-02
2.583664000000000099e-02
3.080151000000000069e-02
2.676450000000000010e-02
2.362946000000000144e-02
2.632860000000000061e-02
3.158318999999999710e-02
4.129101999999999772e-02
4.055987999999999954e-02
2.957850999999999883e-02
2.831571000000000088e-02
2.635834000000000094e-02
3.733217999999999953e-02
6.535559000000000507e-02
8.873335000000000250e-02
1.031557599999999991e-01
1.169854599999999994e-01
1.397767199999999932e-01
1.375186399999999975e-01
1.118309299999999951e-01
1.018176999999999971e-01
8.414568000000000048e-02
6.196886000000000061e-02
3.980045000000000111e-02
3.024044000000000038e-02
2.366994000000000042e-02
2.015896999999999828e-02
1.811760000000000106e-02
