1.977575999999999987e-02
2.029312000000000130e-02
1.975547000000000067e-02
1.925897999999999846e-02
1.936113000000000070e-02
1.894998000000000168e-02
2.080355999999999872e-02
1.893904999999999894e-02
1.919341000000000103e-02
2.075255999999999976e-02
2.070937000000000125e-02
2.264785999999999883e-02
2.456146000000000024e-02
2.575838000000000086e-02
3.090992000000000045e-02
2.252354000000000162e-02
1.985711000000000073e-02
2.078868999999999856e-02
2.281381999999999854e-02
2.069054999999999853e-02
2.328393000000000129e-02
2.805115999999999860e-02
3.927297999999999900e-02
2.990049999999999999e-02
2.918988000000000138e-02
2.867511999999999839e-02
2.164485000000000020e-02
3.324156999999999806e-02
6.518788000000000360e-02
7.306007000000000473e-02
6.819126000000000354e-02
9.847712999999999606e-02
1.371991300000000025e-01
1.388381099999999868e-01
8.369788999999999701e-02
7.735910000000000009e-02
5.813880999999999910e-02
3.057382000000000155e-02
2.165444999999999870e-02
2.017276999999999959e-02
2.359684999999999908e-02
2.564850000000000116e-02
3.248125999999999791e-02
3.159585000000000171e-02
3.357542000000000165e-02
3.801823000000000008e-02
3.163557000000000174e-02
2.674346000000000015e-02
2.677068000000000156e-02
1.932015999999999942e-02
1.973157999999999856e-02
1.992545999999999901e-02
2.069464999999999846e-02
2.317842000000000166e-02
2.754302999999999960e-02
2.264437999999999868e-02
2.872842000000000104e-02
2.649960999999999983e-02
2.855819000000000066e-02
2.083542999999999853e-02
2.166977000000000139e-02
2.166072000000000136e-02
2.098082999999999892e-02
1.674739999999999909e-02
