1.745881999999999989e-02
2.568078999999999848e-02
2.850942000000000059e-02
2.887688000000000060e-02
2.599266999999999897e-02
2.642368999999999968e-02
2.285757000000000067e-02
2.578870999999999941e-02
2.863332999999999851e-02
2.948040000000000035e-02
2.979232000000000061e-02
3.133857000000000309e-02
2.307692000000000077e-02
2.411162999999999848e-02
2.255590000000000026e-02
3.144858999999999849e-02
3.085832999999999979e-02
2.693185000000000023e-02
2.741887999999999964e-02
3.227698999999999846e-02
3.824744000000000060e-02
3.405885000000000162e-02
3.035801000000000124e-02
2.643153999999999990e-02
1.993578000000000017e-02
2.814033000000000159e-02
3.949938000000000060e-02
6.241439000000000015e-02
8.543865000000000487e-02
8.822573000000000221e-02
9.438971999999999640e-02
9.725623999999999381e-02
8.377065000000000206e-02
5.548336000000000240e-02
3.096606000000000011e-02
2.592647000000000007e-02
2.067501000000000061e-02
2.017841000000000079e-02
2.203141999999999948e-02
2.325007000000000115e-02
2.245824999999999905e-02
2.175855000000000150e-02
2.362095999999999987e-02
2.627045000000000075e-02
2.390027000000000124e-02
2.060379000000000030e-02
1.912389000000000103e-02
1.877851999999999993e-02
1.968757000000000146e-02
1.921130999999999880e-02
1.932222000000000106e-02
1.978881999999999863e-02
2.018114000000000019e-02
2.036140000000000172e-02
2.003852000000000064e-02
2.109886999999999874e-02
2.082372999999999863e-02
1.944016000000000147e-02
1.917895000000000016e-02
1.945279000000000105e-02
1.928625000000000131e-02
1.998749999999999832e-02
1.770388999999999990e-02
1.653918999999999875e-02
