1.866220999999999852e-02
2.207954000000000166e-02
1.983197000000000085e-02
2.267061000000000076e-02
2.363515000000000060e-02
2.362163999999999930e-02
1.972522000000000164e-02
1.882547000000000040e-02
1.951361000000000068e-02
2.103814000000000031e-02
2.309301999999999883e-02
2.420252000000000167e-02
2.450826999999999867e-02
2.297153999999999863e-02
2.100667000000000159e-02
2.194874000000000130e-02
2.201381999999999992e-02
2.020285999999999957e-02
2.422314000000000064e-02
2.048468999999999984e-02
1.907661000000000079e-02
2.356101999999999849e-02
2.489165000000000127e-02
3.041121000000000102e-02
3.276898999999999784e-02
3.006758000000000000e-02
3.343034999999999757e-02
3.545533000000000018e-02
4.085045000000000343e-02
3.789759000000000183e-02
2.446749999999999967e-02
2.039828999999999948e-02
2.355128000000000082e-02
2.621543999999999958e-02
2.892188999999999871e-02
2.812573999999999977e-02
2.765006999999999882e-02
3.137597000000000302e-02
4.127954000000000345e-02
5.115969000000000072e-02
4.852549999999999919e-02
3.283886999999999917e-02
2.791551999999999922e-02
3.784519000000000077e-02
7.203851999999999478e-02
1.000564599999999998e-01
1.135850300000000035e-01
1.080644099999999996e-01
9.370158000000000653e-02
8.531500000000000195e-02
1.015366800000000042e-01
8.944958999999999549e-02
7.176243999999999679e-02
4.933786999999999895e-02
2.814797999999999953e-02
2.445477000000000067e-02
2.355695999999999832e-02
2.138351000000000141e-02
2.503750999999999893e-02
2.810187000000000102e-02
3.501400999999999819e-02
3.372761999999999982e-02
3.055012000000000005e-02
1.879849999999999924e-02
