2.192703000000000013e-02
3.699502999999999819e-02
5.417878000000000277e-02
9.875847999999999571e-02
1.253869099999999903e-01
1.418868799999999930e-01
1.453743700000000028e-01
1.292276400000000047e-01
9.694719000000000253e-02
1.001692899999999942e-01
9.369226999999999417e-02
5.082033999999999857e-02
3.470408999999999994e-02
2.467777000000000165e-02
2.368854999999999919e-02
2.220772000000000024e-02
2.597023000000000040e-02
3.037737000000000076e-02
3.436641000000000001e-02
3.635718000000000283e-02
4.456424999999999970e-02
4.167469000000000035e-02
3.242052000000000128e-02
2.337101000000000109e-02
2.244360999999999925e-02
2.400653000000000162e-02
2.571361000000000133e-02
2.481105999999999936e-02
2.788020000000000082e-02
2.415457999999999841e-02
2.122908000000000087e-02
2.050112000000000115e-02
2.097132000000000163e-02
1.951442999999999928e-02
2.034176000000000040e-02
2.184033000000000155e-02
2.392885999999999971e-02
2.352136999999999978e-02
2.323039000000000007e-02
2.146545999999999871e-02
2.170207999999999859e-02
2.324845999999999857e-02
2.294618000000000005e-02
2.188477999999999951e-02
2.145394999999999941e-02
2.309546999999999989e-02
2.306133000000000141e-02
2.238040999999999989e-02
2.077665000000000067e-02
2.237172999999999939e-02
1.950841999999999854e-02
2.017630000000000118e-02
2.244246999999999909e-02
2.504102999999999885e-02
2.583604000000000109e-02
2.349599000000000132e-02
2.181831999999999869e-02
2.425021000000000121e-02
2.259705000000000047e-02
2.091540000000000066e-02
2.187398999999999941e-02
2.163752000000000036e-02
2.154137999999999886e-02
1.826022999999999882e-02
