2.225357000000000030e-02
2.118153000000000050e-02
1.900272999999999893e-02
2.038664999999999922e-02
2.112150000000000138e-02
2.204406000000000074e-02
2.123763000000000040e-02
2.189852000000000118e-02
2.768324000000000132e-02
3.700227999999999851e-02
3.737047999999999759e-02
3.596819999999999878e-02
3.274967000000000156e-02
2.565453999999999998e-02
2.096485999999999836e-02
2.155146999999999965e-02
2.465530999999999973e-02
3.516980000000000106e-02
5.409614000000000089e-02
7.333823000000000425e-02
8.657989000000000657e-02
8.330527999999999544e-02
7.114270000000000316e-02
5.010926000000000269e-02
3.601497000000000032e-02
2.693662999999999960e-02
2.264023000000000077e-02
2.073722999999999886e-02
2.223005999999999940e-02
2.233716999999999994e-02
2.397811999999999860e-02
2.960493999999999973e-02
3.094293999999999864e-02
3.445900999999999825e-02
3.089425000000000157e-02
2.766048999999999938e-02
2.717620000000000105e-02
2.293357000000000034e-02
2.264495000000000050e-02
2.366568999999999964e-02
2.317763999999999935e-02
2.433677999999999883e-02
2.286660000000000081e-02
1.971480999999999928e-02
1.825629999999999961e-02
1.981089000000000114e-02
1.992063999999999988e-02
1.924568999999999933e-02
2.020602000000000162e-02
2.087100000000000066e-02
2.253892999999999869e-02
2.204429000000000111e-02
2.035997000000000154e-02
2.013037999999999980e-02
2.147340999999999833e-02
2.251001000000000044e-02
2.264564000000000160e-02
2.384978999999999918e-02
2.793701999999999991e-02
2.369591999999999879e-02
1.965592000000000034e-02
2.058776000000000009e-02
2.052158000000000107e-02
1.769551000000000110e-02
