1.826287000000000049e-02
1.828232000000000121e-02
2.327482999999999982e-02
3.279283000000000198e-02
3.076196000000000139e-02
2.287490999999999830e-02
1.990491000000000135e-02
1.918782000000000126e-02
2.071266000000000079e-02
2.073252000000000081e-02
2.069580000000000031e-02
2.449915000000000079e-02
1.798993000000000120e-02
1.888472000000000067e-02
1.940011999999999986e-02
2.506908999999999874e-02
2.265212999999999949e-02
2.085570999999999953e-02
2.175612999999999853e-02
1.991346999999999909e-02
4.905550999999999662e-02
3.612345000000000139e-02
2.736020999999999939e-02
1.956027999999999933e-02
2.171524999999999844e-02
2.350941999999999962e-02
3.259316000000000296e-02
3.007906999999999942e-02
2.262967000000000103e-02
3.524998000000000020e-02
4.622554000000000246e-02
4.020412999999999765e-02
2.705333999999999864e-02
2.554263000000000020e-02
2.166227999999999904e-02
2.623891999999999891e-02
4.792104999999999976e-02
1.690544900000000017e-01
1.072851300000000063e-01
1.476647299999999940e-01
1.157828000000000052e-01
1.222253699999999998e-01
1.090866600000000020e-01
4.589139999999999886e-02
2.877315000000000081e-02
2.304553000000000157e-02
1.983553999999999873e-02
1.921064999999999925e-02
2.035301999999999945e-02
2.429879000000000067e-02
2.790994000000000114e-02
4.680448000000000247e-02
3.548786000000000301e-02
6.886130000000000029e-02
5.192309999999999981e-02
2.835733000000000004e-02
3.193084999999999674e-02
2.096140999999999976e-02
2.418295000000000167e-02
1.927960999999999911e-02
2.171156999999999948e-02
2.392245999999999956e-02
3.225792999999999716e-02
1.596440999999999832e-02
