1.980039000000000105e-02
2.218975999999999935e-02
2.970218999999999984e-02
3.270147999999999805e-02
3.496341000000000032e-02
3.401401999999999898e-02
2.504286999999999833e-02
2.644788000000000000e-02
2.270890000000000061e-02
2.169998000000000066e-02
2.051205999999999863e-02
2.353355000000000030e-02
2.388393000000000113e-02
2.921467999999999982e-02
3.081945999999999991e-02
3.429734999999999728e-02
2.924881000000000009e-02
3.678514000000000089e-02
4.494857000000000019e-02
3.664316000000000101e-02
2.542619999999999950e-02
3.275681999999999899e-02
3.736526999999999904e-02
6.151115000000000055e-02
8.907884000000000635e-02
1.009178500000000034e-01
1.076036199999999970e-01
9.121492999999999962e-02
7.134930000000000438e-02
4.787655999999999856e-02
2.924001999999999851e-02
2.396233000000000044e-02
2.085783000000000081e-02
1.961121000000000045e-02
2.402736000000000108e-02
2.405838000000000074e-02
3.362297000000000202e-02
4.779813000000000117e-02
4.325666999999999707e-02
3.272061999999999887e-02
2.892124999999999904e-02
2.493727999999999917e-02
2.236317999999999986e-02
2.231701999999999991e-02
2.428647999999999918e-02
2.069301000000000126e-02
2.232562999999999909e-02
2.253836000000000034e-02
2.331644000000000078e-02
2.024159999999999848e-02
1.975355999999999987e-02
1.909007999999999886e-02
1.882100000000000092e-02
2.262337999999999849e-02
2.268221000000000126e-02
2.120560000000000153e-02
1.929878999999999969e-02
1.863926000000000124e-02
1.880528999999999881e-02
1.940002999999999866e-02
2.120574999999999891e-02
2.481973000000000165e-02
1.793671999999999975e-02
1.725702999999999959e-02
