1.660659999999999914e-02
1.925005000000000119e-02
2.145897999999999903e-02
2.073996000000000173e-02
2.036392999999999884e-02
1.929163999999999879e-02
1.848044999999999896e-02
1.782772999999999997e-02
1.911596000000000128e-02
2.104703999999999950e-02
2.127116999999999897e-02
2.031668000000000016e-02
2.010351000000000152e-02
1.925040999999999905e-02
2.127483999999999972e-02
2.365246999999999836e-02
2.190479999999999858e-02
1.844932000000000169e-02
1.846128000000000005e-02
1.904459999999999834e-02
1.911993000000000026e-02
2.064581999999999876e-02
2.046202000000000090e-02
2.011599000000000026e-02
2.217465000000000061e-02
2.357048999999999950e-02
2.527862999999999985e-02
2.390161999999999842e-02
2.216320000000000096e-02
2.086690999999999893e-02
1.982222000000000151e-02
2.037131999999999832e-02
2.205104000000000092e-02
2.226250999999999924e-02
2.476661000000000140e-02
2.601126000000000132e-02
2.832524999999999973e-02
3.070789000000000157e-02
2.813821999999999851e-02
2.605874999999999858e-02
2.157372999999999930e-02
2.403883000000000061e-02
3.210811000000000220e-02
4.426911000000000040e-02
5.620537999999999923e-02
6.468395999999999868e-02
7.075362999999999791e-02
6.989310999999999441e-02
5.840327000000000018e-02
4.458957000000000198e-02
4.142229000000000050e-02
3.132420000000000343e-02
2.572172000000000000e-02
2.181050000000000003e-02
1.924210000000000156e-02
2.109919999999999851e-02
2.187520000000000089e-02
2.219785999999999981e-02
2.556809999999999986e-02
3.000995999999999872e-02
3.013601999999999947e-02
2.800922999999999954e-02
2.231090000000000156e-02
1.744218000000000157e-02
