1.705094999999999875e-02
1.810780999999999849e-02
1.850722999999999951e-02
1.905139000000000138e-02
1.983158000000000143e-02
2.065194000000000057e-02
1.975957000000000061e-02
1.871474999999999875e-02
1.890872999999999859e-02
1.909920000000000020e-02
1.938468000000000135e-02
1.970652999999999988e-02
1.954848000000000002e-02
1.928254999999999900e-02
1.885368999999999934e-02
1.923700000000000063e-02
1.998178000000000107e-02
2.003726999999999939e-02
1.930793000000000093e-02
2.058708000000000066e-02
1.908767999999999923e-02
1.960065000000000071e-02
2.022486999999999896e-02
1.969488999999999962e-02
1.982628000000000168e-02
1.962103999999999931e-02
2.003954999999999972e-02
2.103419999999999943e-02
1.946124000000000118e-02
1.876798999999999829e-02
1.912463999999999831e-02
1.910488000000000117e-02
2.052274999999999933e-02
2.245778999999999831e-02
2.243380000000000027e-02
2.055353000000000041e-02
1.945958000000000063e-02
2.101002999999999898e-02
2.213696999999999887e-02
2.118783999999999945e-02
1.980600000000000069e-02
2.044899999999999843e-02
2.389134000000000049e-02
2.680714000000000014e-02
2.714456000000000160e-02
2.397153000000000131e-02
2.342906000000000155e-02
2.078270000000000117e-02
2.148173000000000096e-02
3.096586000000000130e-02
3.418008000000000157e-02
4.033500000000000280e-02
4.939293000000000156e-02
5.768687000000000120e-02
5.853010000000000157e-02
5.477629999999999999e-02
4.851343000000000322e-02
4.323653000000000218e-02
3.784430999999999906e-02
3.017585999999999880e-02
2.401268999999999973e-02
2.067104999999999984e-02
1.816422999999999996e-02
1.642087999999999881e-02
