2.543410000000000115e-02
2.661443999999999963e-02
2.127412000000000053e-02
1.960989999999999955e-02
2.023930000000000173e-02
2.134095000000000089e-02
2.212551999999999922e-02
2.444493000000000013e-02
2.289037999999999837e-02
2.006374000000000005e-02
1.816610999999999920e-02
2.278805999999999887e-02
2.887771000000000088e-02
3.658837000000000200e-02
2.980599000000000096e-02
2.164355999999999919e-02
1.787363000000000146e-02
1.963126000000000107e-02
2.656265999999999836e-02
2.442679999999999851e-02
2.074867000000000031e-02
2.185826000000000088e-02
2.217973999999999987e-02
2.912094999999999961e-02
3.529700000000000198e-02
2.578625999999999835e-02
2.104999999999999927e-02
2.127607000000000109e-02
3.148953000000000169e-02
4.031306999999999946e-02
2.902271000000000017e-02
2.304967999999999947e-02
2.116894999999999888e-02
2.053344000000000003e-02
2.290423000000000112e-02
2.741574000000000094e-02
2.999026999999999943e-02
2.762730000000000047e-02
3.486519999999999897e-02
4.829205999999999777e-02
5.595446999999999921e-02
5.195170999999999817e-02
3.508635999999999699e-02
2.400814000000000073e-02
2.922632999999999828e-02
5.383239000000000080e-02
9.069496999999999975e-02
1.161705100000000046e-01
1.371689000000000103e-01
1.520667199999999886e-01
1.628122599999999864e-01
1.449151599999999873e-01
1.223588300000000018e-01
9.618728999999999474e-02
5.952981000000000245e-02
3.462511000000000061e-02
2.127491000000000104e-02
1.957044999999999965e-02
2.049029999999999949e-02
2.335469999999999907e-02
2.572833999999999885e-02
3.055247000000000171e-02
2.847966000000000039e-02
1.864002000000000020e-02
