4.543516000000000221e-02
6.710836000000000579e-02
5.903736999999999874e-02
4.256029000000000062e-02
3.082686000000000107e-02
2.569967999999999905e-02
2.422422000000000117e-02
1.993199999999999833e-02
1.882375000000000020e-02
2.033652000000000029e-02
2.127006999999999856e-02
2.263857000000000022e-02
2.586203999999999933e-02
3.467362999999999695e-02
3.128899999999999737e-02
2.635099999999999942e-02
2.222667000000000045e-02
2.001346999999999848e-02
1.895248000000000071e-02
1.930936999999999931e-02
1.914812000000000111e-02
1.879511999999999849e-02
1.862547000000000161e-02
1.788941000000000142e-02
1.911093999999999987e-02
1.986751000000000142e-02
1.946134999999999879e-02
1.894795000000000160e-02
1.826101000000000113e-02
1.880203999999999903e-02
1.990439000000000097e-02
2.067402999999999949e-02
2.022710000000000133e-02
1.923213000000000006e-02
2.011011999999999869e-02
2.041480999999999851e-02
2.045169000000000153e-02
2.097914999999999849e-02
1.982021999999999951e-02
2.040507000000000085e-02
1.917220999999999856e-02
2.202857999999999900e-02
2.164987999999999982e-02
2.266500000000000112e-02
2.112475999999999937e-02
2.066878999999999938e-02
2.260747999999999924e-02
2.183509000000000144e-02
2.046902000000000096e-02
1.865320999999999993e-02
1.833974000000000021e-02
1.852664000000000047e-02
1.929024000000000016e-02
1.920057000000000014e-02
1.873147999999999827e-02
1.851190000000000127e-02
1.823208000000000120e-02
1.829539000000000165e-02
1.787510000000000140e-02
1.819851000000000107e-02
1.866320000000000132e-02
1.844217000000000078e-02
1.711566000000000129e-02
1.614840999999999846e-02
