1.903434999999999849e-02
2.916844000000000034e-02
4.422664999999999930e-02
5.861979999999999968e-02
6.918944000000000483e-02
8.185734999999999539e-02
7.598910000000000386e-02
6.857311000000000656e-02
6.530684999999999962e-02
6.093720999999999860e-02
5.580397000000000135e-02
3.783331000000000194e-02
2.650206999999999910e-02
2.297582999999999917e-02
2.231438000000000171e-02
2.105104000000000003e-02
2.295857999999999927e-02
3.080764999999999892e-02
2.899898000000000059e-02
3.497179000000000260e-02
4.560287999999999842e-02
3.871229000000000336e-02
2.935886000000000051e-02
2.339499000000000092e-02
2.141378999999999852e-02
2.535588000000000078e-02
2.387146000000000060e-02
2.321785999999999989e-02
2.548361000000000029e-02
2.358044000000000112e-02
2.027566999999999911e-02
2.138717000000000049e-02
2.062009999999999885e-02
1.933206000000000160e-02
2.028142999999999960e-02
2.099542999999999895e-02
2.346559999999999965e-02
2.250513000000000166e-02
2.188839000000000062e-02
2.116186999999999929e-02
2.156937000000000090e-02
2.366133000000000125e-02
2.419752999999999835e-02
2.182105000000000156e-02
2.078918999999999906e-02
2.272630000000000136e-02
2.245025000000000145e-02
2.144244000000000011e-02
2.269915999999999948e-02
2.153965000000000046e-02
1.911389000000000143e-02
1.986687999999999996e-02
2.164817000000000130e-02
2.535215000000000038e-02
2.426918000000000131e-02
2.321186999999999903e-02
2.080987999999999935e-02
1.994386999999999896e-02
1.959916000000000089e-02
2.091992000000000157e-02
1.967585000000000167e-02
2.028616999999999920e-02
1.917581000000000147e-02
1.721373000000000000e-02
