2.208382999999999874e-02
3.007227999999999984e-02
3.457959000000000033e-02
2.948003000000000082e-02
2.625815999999999914e-02
2.439496000000000026e-02
2.199078999999999964e-02
2.053947999999999885e-02
2.358535999999999966e-02
2.608206999999999887e-02
2.957042000000000004e-02
2.633345000000000130e-02
2.254996999999999904e-02
2.336554999999999882e-02
3.101140999999999967e-02
4.076729999999999937e-02
2.632523999999999975e-02
1.967427000000000065e-02
1.966199000000000072e-02
2.332882999999999832e-02
2.695097000000000118e-02
2.622725000000000056e-02
2.683833999999999873e-02
3.274598000000000092e-02
3.408985999999999961e-02
5.126312999999999703e-02
3.564505999999999925e-02
3.266167999999999849e-02
2.825391000000000014e-02
2.437030999999999920e-02
2.667695000000000136e-02
3.403903999999999958e-02
3.893367999999999829e-02
4.521175000000000194e-02
5.191685000000000050e-02
5.850898000000000210e-02
6.360533000000000159e-02
6.538061000000000567e-02
4.757030999999999760e-02
2.875938999999999926e-02
3.274578999999999684e-02
6.070183999999999996e-02
1.261453300000000000e-01
1.625857199999999891e-01
2.069943099999999869e-01
1.970950200000000097e-01
2.088768799999999870e-01
1.942020999999999886e-01
1.308991200000000077e-01
7.372589000000000226e-02
5.984509999999999830e-02
3.904766999999999960e-02
2.452092999999999981e-02
3.224011999999999711e-02
3.776057000000000025e-02
4.813200000000000117e-02
5.572421000000000318e-02
5.535314000000000206e-02
7.603355000000000530e-02
9.455832999999999600e-02
8.377943999999999669e-02
6.123851999999999768e-02
3.686939000000000188e-02
2.265690999999999886e-02
