1.747483000000000022e-02
1.799026999999999918e-02
1.835538000000000100e-02
1.792890000000000109e-02
1.861755000000000007e-02
1.893405000000000088e-02
1.828019000000000172e-02
1.816335000000000172e-02
1.920122999999999969e-02
1.894867000000000079e-02
1.876747999999999958e-02
1.991425999999999960e-02
1.991826999999999834e-02
1.967748999999999887e-02
1.953190999999999955e-02
1.946012999999999910e-02
1.920871999999999857e-02
1.862878999999999924e-02
1.888052000000000133e-02
1.911896999999999902e-02
2.072567000000000159e-02
2.215340000000000018e-02
2.113535000000000066e-02
2.006414999999999935e-02
1.873524999999999843e-02
1.963476999999999931e-02
2.051402000000000087e-02
3.172037999999999941e-02
3.393166999999999711e-02
3.863285000000000330e-02
4.004459999999999964e-02
4.286107000000000111e-02
3.942495000000000027e-02
3.387201000000000101e-02
2.482786000000000021e-02
2.188856000000000135e-02
1.969829000000000024e-02
1.955822999999999937e-02
2.012074000000000154e-02
2.114966000000000068e-02
2.243778999999999912e-02
2.447225000000000095e-02
2.803183000000000064e-02
2.756255999999999984e-02
2.722441000000000097e-02
2.355004000000000125e-02
2.202656000000000058e-02
2.134354999999999933e-02
1.968456999999999846e-02
2.033880999999999883e-02
2.145172999999999872e-02
2.082702999999999985e-02
2.123103999999999963e-02
2.075776999999999831e-02
2.067797000000000038e-02
2.168002999999999944e-02
2.071726000000000123e-02
1.951854999999999909e-02
2.081467999999999860e-02
2.223757000000000164e-02
2.093321999999999891e-02
2.083294000000000118e-02
1.896617000000000094e-02
1.686576999999999868e-02
