2.386158999999999850e-02
4.016478999999999883e-02
5.960754000000000052e-02
7.672616999999999632e-02
9.054795000000000205e-02
9.153169999999999362e-02
8.473173999999999984e-02
6.694899999999999463e-02
5.352694000000000202e-02
4.213013000000000174e-02
3.629554000000000114e-02
3.145516999999999758e-02
2.390586000000000100e-02
2.031952999999999884e-02
2.041228000000000140e-02
2.151594000000000076e-02
2.061156999999999920e-02
1.971677999999999972e-02
2.057404999999999998e-02
2.056296000000000165e-02
2.489902000000000087e-02
2.312958000000000028e-02
1.995177000000000062e-02
1.918415000000000051e-02
1.888286999999999952e-02
1.926840999999999970e-02
1.935937999999999895e-02
1.953382000000000035e-02
1.916378999999999999e-02
1.850722000000000131e-02
1.816983999999999960e-02
1.880462000000000106e-02
1.795657999999999976e-02
1.798390000000000058e-02
1.821661999999999934e-02
1.847398999999999916e-02
1.802503000000000091e-02
1.859405000000000086e-02
1.958029000000000019e-02
1.919399999999999926e-02
1.977198000000000150e-02
1.981801999999999869e-02
1.939619999999999886e-02
1.874108000000000024e-02
1.993206999999999965e-02
2.144741000000000009e-02
2.207049000000000163e-02
2.107548000000000060e-02
2.076321999999999890e-02
1.939313000000000148e-02
1.803975999999999844e-02
1.882204000000000169e-02
2.132078000000000098e-02
2.460541000000000117e-02
2.573044000000000026e-02
2.271141000000000132e-02
2.093435000000000087e-02
2.262505999999999892e-02
2.125118000000000146e-02
2.298537000000000149e-02
2.265848000000000168e-02
2.264100000000000140e-02
2.120777999999999899e-02
1.811091999999999910e-02
