2.042810000000000112e-02
2.215647999999999923e-02
2.126188999999999857e-02
2.068574000000000107e-02
2.036866999999999844e-02
2.136013999999999968e-02
2.593511999999999901e-02
2.963170999999999861e-02
3.374714000000000186e-02
2.985464999999999994e-02
2.288393999999999845e-02
2.064538999999999958e-02
2.230367000000000113e-02
2.293045000000000153e-02
2.754285000000000067e-02
2.982320000000000110e-02
2.441642999999999938e-02
2.100002000000000119e-02
2.048095000000000124e-02
2.652637000000000050e-02
2.752148999999999915e-02
3.580052000000000234e-02
3.338085999999999831e-02
2.788355000000000000e-02
2.424072999999999853e-02
3.072336999999999985e-02
3.114155000000000048e-02
2.529781000000000044e-02
2.194130999999999859e-02
2.002048000000000022e-02
2.276722999999999941e-02
2.388018000000000085e-02
2.717088999999999963e-02
3.162863999999999953e-02
3.049529999999999949e-02
2.830912000000000012e-02
3.553048999999999791e-02
3.850577000000000166e-02
2.661012000000000099e-02
2.025300000000000017e-02
1.950906000000000168e-02
2.329944000000000112e-02
3.075473999999999916e-02
3.825492999999999949e-02
4.557110999999999801e-02
4.736597000000000030e-02
6.960953999999999753e-02
7.479880999999999336e-02
5.530249999999999749e-02
4.588800999999999991e-02
2.745747000000000118e-02
3.389143000000000017e-02
5.227278999999999953e-02
8.086720999999999493e-02
1.006356000000000056e-01
1.409095200000000103e-01
2.176324099999999984e-01
2.576271299999999820e-01
2.789526900000000031e-01
2.406413099999999972e-01
1.707639499999999977e-01
1.235186300000000043e-01
5.672668000000000155e-02
2.100238000000000105e-02
