2.083986000000000172e-02
2.480941000000000049e-02
3.901124999999999732e-02
4.760721999999999871e-02
5.626859000000000027e-02
4.021866999999999803e-02
2.645923000000000025e-02
2.590496000000000118e-02
2.769297000000000078e-02
2.652790000000000009e-02
3.364791000000000309e-02
3.391675999999999719e-02
2.282622999999999944e-02
2.042733000000000049e-02
2.676693000000000128e-02
2.906175000000000078e-02
3.275650000000000089e-02
2.641475000000000073e-02
2.839463000000000056e-02
6.257591999999999322e-02
5.803114999999999662e-02
7.485593000000000108e-02
3.884486000000000189e-02
2.997852000000000156e-02
3.214759999999999840e-02
2.793806000000000067e-02
5.281189000000000022e-02
5.012905000000000139e-02
4.029466999999999771e-02
5.022565999999999836e-02
7.585239000000000564e-02
1.008105900000000055e-01
7.047628999999999699e-02
3.458376999999999979e-02
2.856747000000000106e-02
4.354146999999999879e-02
8.213130999999999904e-02
2.448707400000000034e-01
3.147696600000000067e-01
3.440167599999999770e-01
3.526945400000000008e-01
2.951578499999999994e-01
2.451029399999999914e-01
1.292193500000000106e-01
7.189745000000000164e-02
3.942541000000000101e-02
2.811347999999999972e-02
2.508985999999999855e-02
2.793705000000000147e-02
4.084601999999999677e-02
6.190479000000000120e-02
8.642007999999999635e-02
1.210916900000000018e-01
1.149634999999999962e-01
1.097040999999999988e-01
1.162292999999999937e-01
6.279155999999999627e-02
3.851969999999999700e-02
2.883422000000000068e-02
2.342280999999999877e-02
2.397076000000000068e-02
3.704273999999999761e-02
4.169232999999999967e-02
2.467313000000000145e-02
