1.708182000000000103e-02
1.887418000000000082e-02
1.831021999999999858e-02
1.915564999999999976e-02
1.884817000000000090e-02
1.850583999999999910e-02
1.814785000000000009e-02
1.879219000000000028e-02
2.139773999999999843e-02
2.150302000000000116e-02
2.131312999999999958e-02
2.038693000000000102e-02
1.869393999999999917e-02
1.780375999999999834e-02
2.125702999999999968e-02
2.272990000000000080e-02
2.149490000000000081e-02
1.900835000000000025e-02
1.808024000000000089e-02
1.829489000000000115e-02
2.273292999999999842e-02
2.967840000000000061e-02
2.739331000000000058e-02
2.089461999999999917e-02
1.896675000000000097e-02
2.176238000000000131e-02
2.339886999999999870e-02
2.438960999999999907e-02
2.274883000000000113e-02
1.880019000000000134e-02
1.896197999999999981e-02
2.159784999999999830e-02
2.326020999999999991e-02
2.110215000000000007e-02
2.147195000000000006e-02
2.265342000000000050e-02
3.076550999999999939e-02
3.436093999999999954e-02
2.515324999999999853e-02
2.081774999999999945e-02
1.903871000000000036e-02
2.179319999999999868e-02
2.742574999999999874e-02
3.228547999999999835e-02
3.707711000000000340e-02
3.545939000000000035e-02
4.296276000000000261e-02
4.363030999999999854e-02
4.210235999999999840e-02
3.772273000000000293e-02
3.292505999999999905e-02
2.752086999999999936e-02
2.433892000000000000e-02
4.425131000000000203e-02
6.628341999999999568e-02
9.180771999999999544e-02
1.116268599999999944e-01
1.385520100000000032e-01
1.466735799999999978e-01
1.363364800000000099e-01
1.232608000000000037e-01
1.127901699999999952e-01
8.337116999999999445e-02
1.890613000000000016e-02
