2.642910000000000051e-02
2.609422999999999951e-02
2.714302999999999855e-02
3.271635999999999989e-02
4.073009999999999825e-02
4.476685999999999860e-02
4.436608999999999692e-02
4.623134000000000271e-02
3.109564000000000078e-02
2.456347000000000044e-02
2.114939999999999876e-02
2.333177000000000167e-02
3.763753000000000237e-02
5.010362000000000149e-02
4.078559999999999824e-02
4.808831000000000216e-02
5.419299000000000338e-02
5.758101999999999665e-02
6.207054000000000044e-02
6.604688000000000225e-02
5.009501000000000231e-02
2.942254000000000050e-02
4.489028999999999936e-02
6.780368999999999979e-02
1.260074499999999931e-01
2.043659499999999907e-01
2.380979699999999921e-01
2.568933700000000098e-01
2.324579800000000085e-01
1.371415400000000062e-01
8.556089999999999529e-02
6.481649999999999912e-02
4.285455999999999988e-02
2.370405999999999902e-02
2.605905999999999847e-02
2.959741000000000108e-02
4.036972999999999950e-02
5.665160000000000334e-02
6.418442000000000591e-02
6.285069999999999546e-02
5.399596999999999730e-02
4.277809999999999946e-02
3.088536000000000059e-02
2.355497000000000146e-02
2.184809000000000057e-02
2.280586999999999892e-02
2.579626000000000141e-02
2.589467000000000158e-02
2.520692999999999892e-02
2.766249000000000138e-02
2.384868999999999878e-02
2.287820999999999952e-02
2.369279999999999997e-02
2.735185999999999867e-02
2.404861999999999972e-02
2.105330000000000049e-02
2.095651999999999932e-02
2.065782999999999855e-02
2.068079000000000098e-02
2.078850000000000142e-02
2.102760000000000046e-02
2.678006000000000136e-02
2.467685000000000017e-02
1.996581000000000050e-02
