1.817676000000000014e-02
1.853207000000000118e-02
1.819625000000000062e-02
1.815235999999999933e-02
1.875461999999999962e-02
2.067928000000000127e-02
2.161197000000000118e-02
2.064037999999999984e-02
1.963983999999999869e-02
1.856073999999999918e-02
1.866659999999999847e-02
1.992069999999999952e-02
2.270493000000000164e-02
2.412326000000000054e-02
2.191420000000000173e-02
1.910593999999999834e-02
1.976512000000000061e-02
2.469104999999999911e-02
2.726171999999999970e-02
2.224713999999999858e-02
1.930097000000000063e-02
1.981449000000000057e-02
1.901256999999999947e-02
2.330940999999999916e-02
2.026321999999999846e-02
2.807816999999999952e-02
2.157596999999999987e-02
3.098151999999999850e-02
3.341319000000000233e-02
3.605488999999999916e-02
3.066456000000000043e-02
2.761616000000000071e-02
2.654474999999999890e-02
2.396875000000000047e-02
3.000649999999999845e-02
4.479177000000000158e-02
7.761592000000000491e-02
1.156706299999999965e-01
1.042615499999999945e-01
6.300534000000000689e-02
5.508268999999999666e-02
3.332993000000000067e-02
3.136500999999999872e-02
2.353399999999999936e-02
1.850202000000000097e-02
1.921321000000000140e-02
2.055844000000000074e-02
2.134325000000000111e-02
2.577089000000000116e-02
2.939361000000000057e-02
3.533400999999999903e-02
3.763340999999999908e-02
3.451938999999999702e-02
3.303745000000000293e-02
2.701384999999999897e-02
2.225221999999999964e-02
2.326235999999999929e-02
2.186445999999999876e-02
2.192453000000000110e-02
2.180197000000000038e-02
2.128609000000000057e-02
2.547003999999999935e-02
2.430614000000000038e-02
1.694143999999999858e-02
