1.960987999999999967e-02
2.627962999999999827e-02
2.587893999999999958e-02
2.429564000000000029e-02
2.239243000000000136e-02
2.222160999999999928e-02
1.992365000000000108e-02
1.896232000000000126e-02
1.807997999999999897e-02
1.884194000000000146e-02
1.836749999999999841e-02
1.842279000000000139e-02
1.898949999999999944e-02
2.097865999999999967e-02
2.260246999999999951e-02
2.180332000000000103e-02
2.079539999999999861e-02
2.050516999999999965e-02
1.925545000000000034e-02
1.873371999999999885e-02
1.873862999999999918e-02
1.856516999999999890e-02
1.791256999999999919e-02
1.752677999999999875e-02
1.813091000000000008e-02
1.841426999999999994e-02
1.805582000000000020e-02
1.813243999999999967e-02
1.801586000000000160e-02
1.783026000000000055e-02
1.791562999999999836e-02
1.816366999999999982e-02
1.816446000000000033e-02
1.789040000000000075e-02
1.771968000000000154e-02
1.803130999999999831e-02
1.783716999999999941e-02
1.821998000000000020e-02
1.791552000000000075e-02
1.780361000000000096e-02
1.766476999999999978e-02
1.788371000000000058e-02
1.800463000000000063e-02
1.786191000000000167e-02
1.789233000000000143e-02
1.774436999999999889e-02
1.795087999999999892e-02
1.795831999999999984e-02
1.766828000000000148e-02
1.802708000000000088e-02
1.763044000000000069e-02
1.754065999999999959e-02
1.754574000000000064e-02
1.797707000000000124e-02
1.810981000000000049e-02
1.794161999999999840e-02
1.773968999999999893e-02
1.791738999999999832e-02
1.739929999999999949e-02
1.782546999999999951e-02
1.769702000000000081e-02
1.765718999999999969e-02
1.632195999999999994e-02
1.553126999999999980e-02
