3.322346999999999800e-02
5.487759999999999860e-02
5.285555000000000114e-02
3.599671000000000121e-02
3.420137000000000177e-02
2.654182999999999890e-02
3.014295999999999989e-02
4.562783000000000116e-02
7.333404999999999785e-02
1.155532999999999977e-01
1.344765699999999897e-01
1.562543799999999983e-01
1.695972199999999930e-01
1.674870999999999999e-01
1.146392700000000014e-01
1.020834899999999990e-01
8.083888000000000185e-02
4.180017999999999928e-02
2.600981999999999947e-02
2.155608999999999997e-02
2.114989999999999926e-02
2.334502000000000105e-02
2.943250999999999853e-02
4.064368000000000147e-02
5.221582999999999780e-02
5.248459999999999931e-02
4.142732999999999832e-02
3.278781000000000057e-02
2.792201999999999878e-02
2.401307999999999915e-02
2.645025999999999974e-02
2.785415999999999934e-02
3.141668000000000238e-02
3.138727000000000183e-02
3.302035999999999860e-02
3.229839000000000321e-02
2.710974999999999843e-02
2.266125999999999904e-02
2.373762999999999915e-02
2.220924999999999983e-02
2.163562999999999945e-02
2.200347999999999887e-02
1.912671000000000163e-02
1.971041000000000112e-02
2.265678000000000136e-02
2.500346000000000166e-02
2.583939000000000027e-02
2.678443999999999964e-02
2.285788000000000056e-02
2.329865000000000061e-02
2.384270000000000139e-02
2.684486000000000164e-02
2.757781000000000121e-02
2.478429000000000049e-02
2.142200000000000007e-02
1.932961999999999875e-02
1.891200999999999993e-02
2.338215999999999906e-02
2.562891000000000127e-02
2.584186999999999942e-02
2.674904000000000170e-02
2.468675999999999857e-02
1.955733999999999945e-02
1.794899999999999968e-02
