1.717246000000000050e-02
2.038946999999999982e-02
1.980128000000000096e-02
1.897232000000000085e-02
2.065087000000000172e-02
2.412252000000000146e-02
2.477860000000000132e-02
2.714690999999999979e-02
2.616734999999999894e-02
2.194602000000000011e-02
2.039745999999999920e-02
1.809844000000000036e-02
1.936018999999999934e-02
2.154011000000000120e-02
2.525012999999999910e-02
2.800418000000000004e-02
2.601426999999999906e-02
2.130326000000000095e-02
2.840412999999999966e-02
3.505766999999999911e-02
3.322052000000000338e-02
2.595184999999999853e-02
2.010558000000000137e-02
1.980873999999999829e-02
2.699866999999999892e-02
4.281555000000000083e-02
6.660338000000000369e-02
7.621121000000000145e-02
8.028989000000000265e-02
7.025470000000000326e-02
5.867233000000000170e-02
4.581712999999999758e-02
3.678888999999999770e-02
2.284067000000000042e-02
1.958601000000000092e-02
1.909235000000000099e-02
2.021154000000000006e-02
2.108602000000000046e-02
2.226045000000000107e-02
2.713946000000000067e-02
3.024048999999999834e-02
2.959557000000000160e-02
2.628596000000000057e-02
2.501066000000000053e-02
2.105020000000000155e-02
1.905425999999999995e-02
1.861981000000000053e-02
1.904741000000000073e-02
1.919925999999999924e-02
2.074350000000000152e-02
2.100890999999999870e-02
1.954291000000000014e-02
1.934092000000000103e-02
1.911809000000000078e-02
1.874427000000000038e-02
1.881371000000000085e-02
1.832094000000000084e-02
1.830241000000000159e-02
1.912913000000000113e-02
2.100273999999999891e-02
2.050578999999999943e-02
1.898833000000000118e-02
1.739775000000000002e-02
1.678154999999999925e-02
