1.823829000000000075e-02
2.014176999999999981e-02
2.271244999999999861e-02
2.623259000000000007e-02
2.868640999999999899e-02
2.360355999999999912e-02
1.859036999999999842e-02
1.961956999999999937e-02
2.073051999999999881e-02
1.985574999999999840e-02
2.174057000000000073e-02
2.123405999999999905e-02
1.885641999999999874e-02
1.801994999999999986e-02
1.966905000000000042e-02
2.119617000000000029e-02
2.023698000000000163e-02
1.963391000000000094e-02
2.068899000000000085e-02
2.552352999999999913e-02
3.337505000000000333e-02
3.074313999999999866e-02
2.604375999999999913e-02
2.257964999999999972e-02
1.921731000000000134e-02
2.184310999999999892e-02
2.573463999999999960e-02
2.774621999999999852e-02
2.440176000000000150e-02
2.594955999999999999e-02
3.097319999999999934e-02
3.665046000000000276e-02
3.221891000000000338e-02
2.319360000000000172e-02
2.089564000000000005e-02
2.141248999999999930e-02
2.660339000000000106e-02
5.785855000000000165e-02
9.239429999999999865e-02
8.081001000000000156e-02
1.050463600000000053e-01
8.808480000000000476e-02
8.189019999999999633e-02
6.192862999999999840e-02
4.189091000000000342e-02
2.990537999999999877e-02
2.184902000000000025e-02
1.938381000000000132e-02
1.849183000000000077e-02
2.031523999999999830e-02
2.450431000000000137e-02
2.937566000000000135e-02
3.984403999999999724e-02
4.330164999999999709e-02
5.281258999999999953e-02
6.054302999999999768e-02
4.363956000000000085e-02
2.872832000000000163e-02
2.442876000000000075e-02
2.040393000000000068e-02
2.017640000000000058e-02
2.193685000000000079e-02
1.954573999999999895e-02
1.687740000000000073e-02
