2.243521000000000057e-02
3.595853999999999717e-02
3.362434000000000256e-02
2.380896000000000054e-02
2.711867000000000097e-02
3.097480000000000025e-02
3.727553000000000116e-02
4.377671999999999813e-02
4.870693000000000245e-02
4.173451999999999718e-02
3.375887000000000332e-02
2.536213000000000009e-02
2.104450999999999891e-02
2.924364000000000130e-02
3.229495999999999756e-02
3.721735999999999794e-02
3.938107999999999886e-02
2.833017999999999995e-02
3.301198000000000327e-02
4.817982999999999988e-02
6.337088000000000443e-02
5.207418999999999937e-02
3.904161999999999910e-02
2.443383000000000013e-02
3.046890999999999836e-02
7.430842999999999476e-02
1.345985799999999954e-01
2.035635399999999873e-01
2.368093000000000004e-01
2.373508799999999863e-01
1.947831499999999882e-01
1.470148599999999972e-01
1.109309599999999951e-01
6.073591999999999880e-02
3.618926000000000087e-02
2.645986999999999992e-02
2.683798999999999907e-02
2.809338999999999933e-02
3.180476000000000136e-02
4.488784999999999997e-02
4.847807999999999978e-02
5.406500000000000195e-02
4.732315000000000133e-02
4.134685999999999917e-02
3.428989000000000342e-02
2.433043999999999832e-02
2.200258999999999895e-02
2.336732999999999866e-02
2.859644999999999895e-02
3.390514000000000028e-02
2.928953000000000112e-02
2.472451000000000162e-02
2.614769000000000121e-02
2.458281999999999828e-02
2.106709999999999833e-02
2.160971000000000072e-02
2.218726000000000032e-02
2.124026000000000039e-02
2.155260999999999982e-02
2.658856000000000067e-02
2.805966000000000016e-02
2.207450000000000037e-02
1.906534999999999827e-02
1.862489000000000158e-02
