4.545219999999999816e-02
9.012481999999999438e-02
1.018470999999999960e-01
9.988297999999999621e-02
1.113244300000000020e-01
1.040269300000000036e-01
7.675084000000000073e-02
5.234708999999999890e-02
4.042317000000000132e-02
3.686053999999999720e-02
2.812486999999999973e-02
2.311985000000000082e-02
2.224722999999999978e-02
2.226016999999999926e-02
2.384498000000000173e-02
2.599214000000000038e-02
3.704550000000000204e-02
3.888284000000000185e-02
3.520029999999999687e-02
2.998821999999999946e-02
3.176488999999999702e-02
2.700966999999999951e-02
2.308079999999999854e-02
2.100965999999999945e-02
2.264620999999999995e-02
2.140262000000000067e-02
1.962024999999999880e-02
2.009558999999999998e-02
2.085820999999999856e-02
2.137634000000000062e-02
1.896335999999999855e-02
2.025313000000000113e-02
1.986492999999999939e-02
1.937335000000000099e-02
1.914066000000000031e-02
1.887544999999999848e-02
1.888837999999999975e-02
2.001601000000000075e-02
2.207864999999999828e-02
2.099269999999999955e-02
1.999151000000000053e-02
2.051131000000000135e-02
2.129516000000000048e-02
2.357781999999999933e-02
2.268602000000000118e-02
2.161750999999999950e-02
1.923942000000000013e-02
1.908440000000000136e-02
1.879505000000000065e-02
1.937596999999999930e-02
2.120808999999999889e-02
2.080388999999999849e-02
2.022774000000000100e-02
1.981292000000000122e-02
1.993970999999999938e-02
1.998323999999999934e-02
2.106625000000000164e-02
2.377262000000000125e-02
2.211526000000000117e-02
1.932576000000000085e-02
1.903089999999999990e-02
1.939540999999999835e-02
1.851312999999999917e-02
1.724434000000000036e-02
