2.282199999999999854e-02
4.206702999999999831e-02
3.119355999999999865e-02
2.192919000000000118e-02
2.200378000000000056e-02
2.617053000000000088e-02
2.795442999999999886e-02
2.508526000000000158e-02
3.436598999999999904e-02
4.092256999999999839e-02
4.336345999999999951e-02
5.094818000000000263e-02
5.922593000000000302e-02
4.671858999999999734e-02
3.571839999999999737e-02
2.599428999999999976e-02
2.009121999999999991e-02
3.853097999999999940e-02
7.083765000000000200e-02
1.182444500000000009e-01
1.625020100000000023e-01
1.907221100000000003e-01
1.660069799999999984e-01
1.257349399999999895e-01
9.483120999999999912e-02
5.955226999999999743e-02
4.124032999999999866e-02
2.592629999999999935e-02
2.388660999999999909e-02
2.367748000000000075e-02
2.966244000000000172e-02
3.563257000000000230e-02
4.226363999999999815e-02
6.115080999999999989e-02
5.436346999999999707e-02
4.464009000000000033e-02
4.381129999999999747e-02
3.767596000000000139e-02
2.909921999999999856e-02
2.860394999999999952e-02
3.246964000000000100e-02
3.004963999999999899e-02
2.700328000000000103e-02
2.126058999999999935e-02
1.949928999999999898e-02
2.174515999999999949e-02
2.213027999999999870e-02
1.958446999999999966e-02
2.161282000000000134e-02
2.306889999999999982e-02
2.607895000000000005e-02
2.391255000000000117e-02
1.985929000000000166e-02
1.947865999999999834e-02
2.167072999999999916e-02
2.402593000000000090e-02
2.388182000000000152e-02
2.597175999999999998e-02
2.974125999999999853e-02
2.578928000000000123e-02
2.048463999999999841e-02
2.136398999999999937e-02
2.037689000000000167e-02
1.799985000000000127e-02
