1.927722000000000116e-02
2.547864999999999852e-02
2.573320999999999942e-02
3.082897000000000068e-02
2.488285000000000149e-02
2.474979999999999888e-02
2.131972000000000034e-02
2.178986999999999938e-02
2.723930000000000101e-02
3.070774000000000073e-02
3.569051000000000168e-02
2.382012000000000018e-02
2.716976000000000113e-02
3.549787000000000081e-02
3.182518000000000152e-02
3.608610999999999763e-02
3.829366000000000020e-02
3.256835999999999759e-02
2.404908999999999866e-02
1.965017999999999973e-02
2.835156000000000134e-02
3.056263000000000035e-02
3.428988000000000175e-02
2.651097999999999996e-02
2.283166999999999836e-02
2.534184999999999910e-02
3.597539000000000292e-02
4.193149000000000182e-02
3.606700999999999657e-02
4.038171000000000121e-02
4.149465000000000098e-02
4.744239000000000095e-02
4.922751000000000210e-02
3.843984000000000290e-02
2.690736999999999990e-02
3.951707000000000136e-02
4.563934000000000046e-02
5.599888000000000088e-02
3.954287000000000080e-02
2.956055999999999961e-02
4.273583000000000243e-02
5.802923000000000109e-02
6.915870999999999824e-02
7.116893999999999998e-02
5.273678999999999867e-02
3.940098999999999685e-02
4.913813999999999682e-02
1.138322400000000012e-01
1.671212800000000109e-01
2.329053100000000043e-01
2.677525900000000125e-01
2.886434199999999839e-01
2.595494400000000201e-01
2.578937399999999824e-01
2.118044799999999894e-01
1.247067199999999931e-01
7.489039999999999586e-02
5.287631999999999749e-02
3.723183000000000048e-02
2.511617999999999837e-02
2.282785000000000022e-02
2.522916999999999868e-02
2.504887999999999906e-02
2.275591999999999893e-02
