1.778288000000000091e-02
1.898013999999999951e-02
1.859165000000000123e-02
1.805905000000000010e-02
1.819803999999999866e-02
1.805856999999999948e-02
1.752565000000000026e-02
1.758556000000000008e-02
1.734654000000000057e-02
1.769300999999999860e-02
1.774051000000000100e-02
1.784869999999999859e-02
1.781991000000000130e-02
1.854509000000000019e-02
1.818242000000000122e-02
1.816970000000000043e-02
1.784575999999999871e-02
1.771663999999999878e-02
1.753352000000000036e-02
1.765208999999999875e-02
1.797467000000000162e-02
1.783237999999999837e-02
1.784271999999999941e-02
1.748956999999999942e-02
1.788866999999999888e-02
1.816502999999999868e-02
1.803514999999999979e-02
1.775457999999999897e-02
1.777853000000000072e-02
1.784250999999999893e-02
1.749285000000000076e-02
1.755494999999999972e-02
1.784188999999999914e-02
1.751464000000000146e-02
1.748823999999999865e-02
1.773498999999999909e-02
1.757442999999999853e-02
1.779174000000000033e-02
1.795799999999999827e-02
1.729444999999999941e-02
1.750366999999999895e-02
1.744271000000000016e-02
1.772833000000000048e-02
1.764523000000000133e-02
1.783360999999999974e-02
1.757571000000000133e-02
1.743130000000000027e-02
1.750536999999999926e-02
1.730895000000000003e-02
1.744739000000000012e-02
1.752257999999999941e-02
1.749461000000000072e-02
1.762897999999999896e-02
1.793391000000000082e-02
1.772924000000000028e-02
1.784463000000000021e-02
1.783544999999999922e-02
1.756701999999999916e-02
1.757339999999999944e-02
1.776495999999999978e-02
1.750086000000000003e-02
1.779121999999999995e-02
1.646946999999999994e-02
1.544275999999999982e-02
