2.043096000000000148e-02
2.534087999999999966e-02
2.768713000000000077e-02
2.586716000000000015e-02
2.079972999999999891e-02
1.859821999999999864e-02
1.919115999999999878e-02
2.010407999999999987e-02
2.288023999999999961e-02
2.277211000000000166e-02
2.115925999999999918e-02
2.399901000000000117e-02
2.753502999999999853e-02
3.287447000000000286e-02
3.349528000000000227e-02
2.783178000000000041e-02
2.349663999999999919e-02
2.078046000000000060e-02
2.083648000000000097e-02
2.925706000000000140e-02
4.845075000000000076e-02
7.468386000000000469e-02
7.985520999999999592e-02
7.333787999999999418e-02
7.278310000000000335e-02
6.812645999999999979e-02
5.185166000000000081e-02
3.475923000000000207e-02
2.416559999999999889e-02
1.912967999999999960e-02
2.101116999999999915e-02
2.138400000000000023e-02
2.232939000000000104e-02
2.783563999999999830e-02
3.483246999999999732e-02
3.479399999999999854e-02
4.001588999999999841e-02
4.080566000000000054e-02
3.227146999999999655e-02
2.379070999999999964e-02
2.330764999999999920e-02
2.224753000000000147e-02
2.059613000000000069e-02
2.041437000000000113e-02
2.313499000000000111e-02
2.269105000000000080e-02
2.076228000000000101e-02
2.027924999999999867e-02
1.957019999999999940e-02
1.941160000000000108e-02
2.205311000000000077e-02
2.167167999999999872e-02
1.952838999999999964e-02
1.911902999999999866e-02
1.929240000000000121e-02
1.956379999999999925e-02
1.962022999999999892e-02
2.378863999999999979e-02
2.675614999999999938e-02
2.376245000000000093e-02
1.980060000000000153e-02
1.797048999999999869e-02
1.710298000000000027e-02
1.628227000000000146e-02
