1.901639000000000107e-02
2.392468000000000025e-02
2.139637999999999957e-02
1.929306999999999897e-02
1.982605999999999952e-02
1.895635999999999849e-02
1.938536000000000079e-02
1.894608999999999877e-02
2.007727999999999943e-02
2.242672000000000068e-02
2.233353000000000074e-02
2.728488999999999914e-02
2.940966000000000066e-02
3.093189000000000008e-02
2.637346999999999955e-02
1.993069999999999911e-02
1.856953000000000076e-02
1.872423999999999963e-02
2.626233999999999860e-02
3.265426999999999913e-02
4.743423000000000084e-02
5.634129000000000220e-02
5.415475000000000150e-02
4.966112000000000304e-02
4.865362000000000159e-02
3.695516000000000079e-02
2.757168999999999939e-02
2.016822999999999880e-02
1.894556999999999838e-02
1.859504000000000018e-02
2.083460999999999994e-02
2.228242000000000070e-02
2.141517000000000073e-02
2.749418000000000001e-02
2.879063000000000108e-02
2.682224000000000066e-02
2.645238999999999924e-02
2.461249999999999896e-02
2.242829000000000003e-02
2.133615999999999985e-02
2.256365000000000107e-02
2.172655999999999893e-02
2.033598000000000003e-02
1.956874999999999934e-02
2.058364999999999848e-02
2.123894000000000129e-02
1.973298999999999886e-02
1.851921999999999943e-02
1.875757000000000119e-02
1.976558999999999955e-02
2.128425999999999929e-02
2.119433999999999901e-02
1.901361000000000023e-02
1.839711000000000124e-02
1.882910999999999960e-02
1.987819000000000044e-02
1.999903000000000097e-02
2.530661000000000022e-02
2.800381999999999871e-02
2.462664000000000172e-02
2.018578999999999860e-02
1.801227000000000036e-02
1.725275999999999893e-02
1.669081000000000037e-02
