2.694865999999999928e-02
3.172984999999999695e-02
2.526000999999999941e-02
2.156807000000000168e-02
1.947331999999999883e-02
2.316990000000000022e-02
4.163831999999999950e-02
5.655281000000000197e-02
8.095354999999999912e-02
1.107486300000000007e-01
1.199211000000000027e-01
1.250293700000000008e-01
1.138765100000000002e-01
9.128256999999999344e-02
5.499450000000000172e-02
4.619418000000000135e-02
3.104174000000000169e-02
2.151611000000000148e-02
2.095288999999999832e-02
2.272300999999999835e-02
2.169162999999999994e-02
2.132892999999999942e-02
2.671230999999999953e-02
3.926646999999999776e-02
4.357292000000000110e-02
4.302643999999999913e-02
3.042960999999999930e-02
2.313283000000000006e-02
2.161681000000000019e-02
2.096430999999999989e-02
2.393098000000000100e-02
2.319732000000000044e-02
2.664352000000000040e-02
3.039065000000000169e-02
2.907418999999999976e-02
2.646319999999999922e-02
2.128410000000000024e-02
2.004724000000000089e-02
2.148227999999999943e-02
2.066735000000000100e-02
2.060663000000000078e-02
2.019421999999999884e-02
1.942349999999999979e-02
1.984510999999999914e-02
2.238137000000000112e-02
2.204414000000000026e-02
2.253217999999999888e-02
2.274525999999999978e-02
1.993392999999999901e-02
2.027361999999999914e-02
2.198796000000000084e-02
2.253323999999999952e-02
2.202884000000000092e-02
2.067480000000000012e-02
1.949077999999999922e-02
1.865259000000000014e-02
1.826894999999999908e-02
2.027148000000000144e-02
2.068661000000000111e-02
2.125430999999999848e-02
2.124552999999999858e-02
1.995239000000000040e-02
1.813957000000000069e-02
1.611338000000000006e-02
