1.958572000000000091e-02
2.076692000000000121e-02
2.017007999999999995e-02
2.029258999999999924e-02
2.023147999999999960e-02
1.928772999999999946e-02
1.842351999999999879e-02
1.850028999999999910e-02
1.954791999999999988e-02
2.103025999999999854e-02
2.117493999999999973e-02
1.950541000000000080e-02
1.873085000000000028e-02
1.971996999999999986e-02
1.971122000000000152e-02
2.033319999999999919e-02
2.042835999999999957e-02
2.021206999999999865e-02
1.889655000000000154e-02
1.819439999999999946e-02
1.943278999999999840e-02
2.108288999999999996e-02
2.053067000000000086e-02
1.887540999999999872e-02
1.819406999999999969e-02
1.846400000000000124e-02
2.075698000000000126e-02
2.272185999999999997e-02
2.079107999999999998e-02
1.999102000000000171e-02
2.111487000000000086e-02
2.163717999999999891e-02
2.171841999999999870e-02
2.086835999999999899e-02
1.943264000000000102e-02
1.961471999999999868e-02
2.264046999999999935e-02
2.489291999999999894e-02
2.227954000000000045e-02
2.049809000000000006e-02
2.178913000000000030e-02
2.457797000000000107e-02
2.691297000000000134e-02
2.781710999999999906e-02
2.409201999999999871e-02
2.030571000000000112e-02
2.045465000000000130e-02
2.569145000000000109e-02
3.472411999999999721e-02
4.927614000000000299e-02
5.626807000000000336e-02
6.109019999999999728e-02
6.264345000000000330e-02
6.556077000000000432e-02
5.592011000000000204e-02
4.064647999999999872e-02
3.206907999999999981e-02
2.703149999999999997e-02
2.333605000000000054e-02
1.984398000000000065e-02
1.932224000000000094e-02
1.929126000000000105e-02
1.810385999999999940e-02
1.688595000000000027e-02
