1.713920000000000027e-02
1.889851000000000031e-02
1.892873999999999945e-02
1.992729000000000028e-02
2.354002999999999998e-02
2.334835000000000035e-02
2.136176999999999868e-02
2.329909000000000147e-02
2.846179000000000070e-02
3.548703000000000274e-02
3.368451000000000084e-02
2.874517999999999865e-02
2.349603999999999929e-02
1.933226999999999862e-02
1.929727999999999999e-02
2.519112999999999908e-02
3.134064999999999768e-02
4.503812000000000093e-02
5.793341999999999936e-02
7.406376000000000626e-02
7.334113999999999911e-02
6.341950999999999838e-02
4.793254000000000264e-02
3.281660000000000132e-02
2.302741000000000163e-02
1.929611999999999994e-02
1.807666999999999954e-02
1.888396000000000172e-02
2.213793000000000011e-02
2.554002999999999829e-02
2.581376000000000157e-02
3.010291999999999829e-02
3.212229999999999946e-02
3.137291999999999859e-02
2.530695000000000167e-02
2.081103000000000119e-02
1.929468000000000155e-02
1.913056000000000131e-02
2.063989999999999922e-02
2.109095000000000067e-02
2.032037999999999900e-02
2.085994999999999863e-02
2.097786000000000095e-02
1.932611000000000051e-02
1.843911999999999982e-02
1.821752999999999914e-02
1.874086999999999975e-02
1.875202000000000119e-02
1.832784999999999970e-02
1.856800999999999938e-02
1.952061000000000074e-02
2.034240999999999827e-02
2.009557000000000010e-02
2.085327000000000014e-02
1.956230999999999942e-02
1.923918000000000156e-02
1.890067999999999956e-02
1.820874999999999924e-02
1.811369999999999994e-02
1.887565999999999897e-02
2.053547000000000011e-02
2.096695999999999976e-02
1.893614999999999882e-02
1.607418000000000041e-02
