1.716857000000000105e-02
1.906315999999999913e-02
2.256251000000000090e-02
2.259353999999999876e-02
2.443100000000000133e-02
2.261062000000000141e-02
1.903066000000000133e-02
1.998733000000000107e-02
1.967603999999999881e-02
1.948420999999999834e-02
2.070533999999999916e-02
1.983236999999999847e-02
1.881181000000000172e-02
1.848233000000000167e-02
1.964284000000000169e-02
2.121786000000000158e-02
2.132227000000000081e-02
1.928747999999999921e-02
2.053376000000000159e-02
2.583138000000000101e-02
3.043500000000000025e-02
2.720113000000000045e-02
2.511856999999999979e-02
2.060081000000000065e-02
1.902260000000000062e-02
2.101466999999999918e-02
2.580234000000000000e-02
2.281624999999999973e-02
2.149846999999999869e-02
2.502408999999999883e-02
2.822351000000000026e-02
3.194456999999999852e-02
2.885493999999999906e-02
2.233832999999999999e-02
1.963244000000000100e-02
2.154508000000000117e-02
3.097379000000000104e-02
5.522442999999999796e-02
7.765283000000000602e-02
8.725399999999999823e-02
8.741548999999999847e-02
8.328937999999999620e-02
7.158599000000000212e-02
4.843948000000000004e-02
3.407999999999999918e-02
2.413904999999999870e-02
2.019889000000000059e-02
1.941319999999999851e-02
1.871008000000000046e-02
2.037987000000000132e-02
2.321886000000000089e-02
2.860164999999999930e-02
3.331357000000000068e-02
3.511788999999999883e-02
3.927271000000000234e-02
4.274986000000000064e-02
2.938299999999999940e-02
2.467172999999999936e-02
2.136505000000000001e-02
1.957682999999999993e-02
1.946803999999999896e-02
2.108548999999999840e-02
1.987583000000000058e-02
1.651253000000000096e-02
