1.688297000000000062e-02
1.897717999999999974e-02
2.101503000000000052e-02
2.065925000000000053e-02
2.183357000000000006e-02
2.039960999999999858e-02
1.870174000000000142e-02
1.807314000000000143e-02
1.933520999999999851e-02
1.969281000000000156e-02
2.297342999999999955e-02
2.043034000000000169e-02
2.631968999999999975e-02
2.111682000000000142e-02
2.273978999999999931e-02
2.228872000000000145e-02
2.531533999999999868e-02
1.836878999999999942e-02
2.052398999999999890e-02
1.879818000000000114e-02
1.887623000000000079e-02
2.325079000000000035e-02
2.417688999999999949e-02
2.541202999999999865e-02
2.655325999999999867e-02
2.061189000000000077e-02
2.179036000000000167e-02
2.496473999999999915e-02
3.055574000000000137e-02
2.397612000000000007e-02
1.851045000000000121e-02
1.976189999999999891e-02
2.194302000000000058e-02
2.225407000000000080e-02
2.451356999999999842e-02
2.402728000000000155e-02
2.443951000000000109e-02
3.517386000000000124e-02
2.704178999999999958e-02
3.964192999999999883e-02
2.445589000000000096e-02
2.335504000000000052e-02
2.629485999999999976e-02
3.327808000000000155e-02
4.544022999999999812e-02
6.940551999999999833e-02
9.791711000000000165e-02
1.276158500000000029e-01
1.154476900000000056e-01
7.900124999999999509e-02
4.333175999999999695e-02
2.732296000000000030e-02
4.616379000000000316e-02
3.215919999999999890e-02
2.003370000000000151e-02
2.154077000000000075e-02
1.893585999999999880e-02
2.386218999999999840e-02
2.153309999999999946e-02
2.220344000000000137e-02
3.251364999999999811e-02
2.400831000000000146e-02
2.270219000000000056e-02
1.851173000000000055e-02
