2.049954999999999833e-02
2.267467000000000094e-02
2.478684999999999916e-02
2.677347999999999881e-02
3.155826999999999938e-02
3.206607999999999681e-02
2.381370000000000015e-02
2.292550000000000143e-02
2.384369999999999892e-02
2.486765000000000156e-02
3.159155000000000296e-02
3.425199999999999773e-02
4.081487999999999783e-02
3.015846999999999972e-02
2.878005999999999967e-02
3.326160000000000228e-02
3.080638999999999947e-02
2.310718000000000147e-02
2.882909000000000166e-02
2.659216999999999831e-02
2.074633999999999853e-02
2.789557999999999968e-02
3.461559000000000164e-02
3.363986000000000059e-02
4.262715000000000254e-02
3.528494000000000075e-02
4.365018999999999844e-02
3.861521999999999871e-02
4.676055999999999963e-02
4.352436999999999973e-02
2.827937999999999980e-02
2.334110000000000004e-02
2.810524000000000008e-02
3.247540000000000149e-02
3.886582999999999705e-02
3.806411999999999990e-02
4.834064999999999890e-02
7.276193000000000244e-02
7.206711000000000367e-02
6.761976000000000098e-02
4.570604999999999807e-02
3.825786999999999938e-02
5.771667999999999937e-02
8.842165999999999915e-02
1.326775000000000038e-01
1.965022200000000052e-01
2.070442700000000025e-01
2.105525299999999878e-01
1.912222500000000103e-01
1.507883399999999929e-01
1.413485100000000105e-01
1.092918300000000065e-01
7.188076999999999661e-02
3.716611000000000220e-02
2.186093999999999885e-02
2.508577000000000029e-02
3.022036999999999987e-02
3.259183999999999692e-02
4.039208999999999855e-02
5.375234000000000262e-02
6.321366000000000485e-02
5.385793999999999998e-02
3.896522999999999654e-02
2.082749000000000059e-02
