3.196795999999999666e-02
4.177366999999999886e-02
3.165852999999999723e-02
2.407443999999999903e-02
2.352461999999999956e-02
2.478475000000000122e-02
2.481486000000000108e-02
2.639715999999999937e-02
3.414865999999999735e-02
3.711902000000000257e-02
4.262561000000000128e-02
4.518182999999999921e-02
4.236013000000000278e-02
3.892078000000000204e-02
3.261158000000000112e-02
2.299576000000000051e-02
1.899705000000000144e-02
3.061389999999999945e-02
7.022784999999999445e-02
1.089578600000000036e-01
1.472658799999999879e-01
1.678739499999999940e-01
1.517135199999999906e-01
1.155181299999999966e-01
9.556736000000000397e-02
7.067606999999999362e-02
4.433088000000000306e-02
2.713899000000000172e-02
2.410034000000000134e-02
2.345028000000000043e-02
2.925298000000000134e-02
3.491549000000000041e-02
3.821614000000000261e-02
5.541857000000000033e-02
5.702987000000000334e-02
4.281353999999999715e-02
4.049334000000000267e-02
3.566127999999999659e-02
2.706574999999999953e-02
2.672462999999999922e-02
3.084142000000000133e-02
3.073081000000000076e-02
2.786239999999999897e-02
2.045082000000000150e-02
1.914445000000000036e-02
2.212120999999999879e-02
2.033770999999999843e-02
1.873686999999999922e-02
2.076886000000000010e-02
2.350657999999999914e-02
2.424741000000000049e-02
2.375359999999999971e-02
2.032710000000000072e-02
1.910651999999999837e-02
2.020635000000000139e-02
2.190328000000000067e-02
2.376446000000000114e-02
2.722602999999999829e-02
3.068281999999999954e-02
2.609529000000000015e-02
1.945238999999999996e-02
2.110634999999999942e-02
2.064892999999999937e-02
1.811364999999999850e-02
