1.812619000000000036e-02
2.035570999999999908e-02
2.138483999999999871e-02
2.661414000000000141e-02
3.396231000000000250e-02
2.962510000000000143e-02
2.219822000000000115e-02
2.071115000000000109e-02
1.891276000000000068e-02
2.032613000000000128e-02
2.382652000000000034e-02
2.536124999999999838e-02
2.357559000000000043e-02
2.071293000000000092e-02
2.052634000000000056e-02
2.145535999999999971e-02
2.252670000000000020e-02
2.495949999999999905e-02
2.389561000000000116e-02
2.830204999999999874e-02
3.697170000000000317e-02
3.732368999999999964e-02
4.038698000000000288e-02
3.245253000000000027e-02
2.581380000000000133e-02
2.273328999999999975e-02
2.934669000000000166e-02
2.856430000000000080e-02
2.857708000000000123e-02
3.023976999999999915e-02
3.403326000000000268e-02
4.778082000000000162e-02
5.165223000000000037e-02
4.079321000000000336e-02
3.735688000000000203e-02
2.741986000000000076e-02
2.583546999999999927e-02
5.665753999999999929e-02
1.103636999999999951e-01
1.408752100000000007e-01
1.887104400000000071e-01
2.162420499999999912e-01
2.041894900000000013e-01
1.599989500000000009e-01
1.075664399999999993e-01
6.961614000000000690e-02
4.096081000000000027e-02
2.900934999999999972e-02
2.024832999999999841e-02
2.239881999999999984e-02
2.683384999999999937e-02
3.191510000000000180e-02
4.614151999999999837e-02
5.539498000000000338e-02
8.132238999999999440e-02
8.672813000000000050e-02
5.964749999999999913e-02
4.230458000000000135e-02
3.399146000000000112e-02
2.540825000000000028e-02
2.208875000000000074e-02
2.233747000000000163e-02
2.148995000000000072e-02
1.831119999999999970e-02
