2.609906000000000031e-02
3.464641000000000248e-02
3.029758000000000104e-02
3.274193000000000242e-02
3.364009999999999917e-02
2.425679999999999850e-02
2.125596999999999903e-02
2.048132999999999898e-02
2.584995000000000001e-02
3.516964999999999675e-02
3.276107999999999798e-02
2.672818999999999889e-02
2.238205000000000056e-02
3.004625000000000004e-02
2.777218000000000048e-02
3.234414000000000039e-02
3.502003000000000060e-02
3.291873000000000021e-02
2.436608999999999997e-02
2.008808000000000121e-02
2.934716000000000061e-02
3.636730999999999991e-02
2.747669000000000153e-02
2.548471999999999890e-02
2.185915999999999901e-02
2.613394000000000134e-02
3.342109000000000052e-02
4.304415000000000324e-02
3.524378000000000233e-02
3.657616999999999813e-02
4.605715999999999977e-02
3.581651999999999753e-02
4.371892000000000139e-02
3.423633000000000232e-02
2.685933999999999891e-02
3.601544999999999747e-02
4.478941000000000172e-02
4.881487000000000326e-02
3.565064999999999901e-02
3.111958999999999906e-02
5.289640999999999788e-02
6.220226999999999701e-02
6.698572999999999333e-02
7.467724000000000584e-02
4.380366000000000121e-02
3.678200000000000219e-02
5.295219000000000314e-02
1.009480700000000009e-01
1.769369399999999870e-01
2.559866000000000086e-01
2.885876600000000236e-01
2.781478199999999901e-01
2.807952799999999804e-01
2.413535400000000053e-01
1.867452099999999948e-01
9.674407000000000145e-02
5.809762000000000259e-02
4.582117000000000134e-02
2.834491000000000094e-02
2.206854999999999928e-02
2.173541000000000015e-02
3.007067000000000073e-02
2.596464000000000064e-02
2.297553999999999916e-02
