2.602201000000000167e-02
2.276912000000000033e-02
2.060054999999999872e-02
2.167349999999999832e-02
2.753685000000000160e-02
3.339355000000000101e-02
4.936113999999999780e-02
6.043516000000000166e-02
7.543055999999999373e-02
8.987932999999999339e-02
8.476414000000000171e-02
7.808547999999999878e-02
6.461356999999999517e-02
5.230593000000000048e-02
3.172889000000000265e-02
2.814459000000000058e-02
2.356708000000000067e-02
1.862704999999999916e-02
1.969935000000000089e-02
2.225767000000000023e-02
2.292028000000000121e-02
2.461943999999999938e-02
2.716087999999999836e-02
3.133397000000000265e-02
3.174695000000000294e-02
3.004911000000000040e-02
2.615688000000000041e-02
2.003252000000000158e-02
2.078574000000000047e-02
2.165807999999999969e-02
2.289104999999999959e-02
2.048008000000000120e-02
2.037542000000000172e-02
2.154145000000000018e-02
2.218308999999999906e-02
1.988766999999999965e-02
1.962647000000000003e-02
2.094618999999999995e-02
2.056062999999999988e-02
1.872184000000000001e-02
1.958429999999999893e-02
1.912157000000000093e-02
2.019668000000000158e-02
2.042011999999999994e-02
2.015617999999999924e-02
2.061201000000000005e-02
1.954714000000000104e-02
1.860554000000000027e-02
1.867693000000000131e-02
2.076443000000000039e-02
2.247835000000000111e-02
2.228472999999999912e-02
2.012159999999999990e-02
1.825712000000000168e-02
1.919105000000000116e-02
2.078297999999999951e-02
1.964021000000000169e-02
2.084725999999999940e-02
2.118153000000000050e-02
1.969960999999999934e-02
1.978850000000000053e-02
1.992636999999999881e-02
1.892947999999999853e-02
1.654879999999999893e-02
