3.220276999999999862e-02
3.783767999999999854e-02
2.854672000000000112e-02
2.577383999999999925e-02
2.121955000000000022e-02
1.875086999999999934e-02
2.093706999999999860e-02
2.573053999999999966e-02
3.034094999999999848e-02
2.983817999999999887e-02
2.665549000000000043e-02
2.321008999999999919e-02
2.517165999999999848e-02
3.227713000000000110e-02
2.928570000000000131e-02
2.580491000000000035e-02
2.527632000000000143e-02
2.550206000000000001e-02
2.401197999999999874e-02
2.169350999999999918e-02
2.374255000000000115e-02
2.718765999999999891e-02
2.288424999999999834e-02
2.564191999999999860e-02
2.588955999999999896e-02
2.405701000000000020e-02
2.687393999999999894e-02
2.927977000000000010e-02
3.080704000000000081e-02
3.212662000000000156e-02
3.319928999999999936e-02
3.231082999999999872e-02
2.739905000000000118e-02
2.295318000000000011e-02
2.117254999999999832e-02
2.680555000000000090e-02
3.293308999999999820e-02
3.303174999999999861e-02
2.680104000000000167e-02
2.442812999999999929e-02
3.279970000000000108e-02
4.179788999999999727e-02
4.465314000000000089e-02
3.907084999999999725e-02
2.929947999999999927e-02
2.295072000000000084e-02
2.530995000000000120e-02
4.535200000000000342e-02
6.159756000000000259e-02
8.920696999999999655e-02
1.053838899999999940e-01
1.080527200000000049e-01
9.687656999999999519e-02
8.352226999999999568e-02
7.282006000000000590e-02
5.469407999999999909e-02
3.859793000000000252e-02
2.819255999999999845e-02
2.532511999999999958e-02
1.893030999999999880e-02
1.895971000000000115e-02
2.207997999999999905e-02
1.969134999999999983e-02
1.850780000000000133e-02
