5.529458000000000290e-02
1.024131600000000031e-01
1.110599699999999940e-01
1.073081300000000016e-01
1.106919700000000006e-01
1.002710299999999971e-01
7.878092999999999901e-02
5.429238000000000119e-02
3.428761999999999782e-02
3.177598999999999702e-02
2.899600999999999915e-02
2.346472000000000141e-02
2.832950000000000051e-02
2.913260999999999976e-02
3.468993000000000076e-02
3.505272999999999722e-02
4.229850000000000276e-02
4.661276999999999782e-02
3.578046000000000004e-02
2.877419000000000157e-02
2.528814999999999882e-02
2.274508000000000085e-02
2.265926000000000051e-02
2.269536999999999943e-02
2.452572000000000085e-02
2.163717000000000071e-02
1.940750999999999934e-02
1.983212000000000169e-02
2.173869000000000148e-02
2.092422000000000032e-02
1.978956999999999938e-02
2.119541000000000133e-02
2.021159000000000150e-02
1.955534000000000092e-02
1.990716000000000013e-02
1.904869999999999827e-02
1.955768000000000090e-02
2.124059999999999837e-02
2.340414999999999857e-02
2.117600000000000038e-02
1.964621999999999896e-02
2.137819999999999998e-02
2.194528999999999924e-02
2.473109999999999892e-02
2.370765000000000025e-02
2.042845000000000077e-02
1.908146000000000148e-02
2.061322000000000154e-02
2.103025000000000033e-02
2.060531000000000168e-02
2.144311000000000134e-02
2.044433999999999835e-02
1.951552999999999968e-02
1.928648999999999988e-02
2.102661000000000113e-02
2.242819999999999883e-02
2.179195999999999911e-02
2.159886999999999918e-02
2.079200999999999966e-02
1.923120000000000038e-02
2.038312999999999930e-02
2.118041000000000021e-02
1.860277999999999932e-02
1.719416000000000000e-02
