2.282972999999999947e-02
2.348551999999999931e-02
2.241842000000000140e-02
2.209242000000000150e-02
2.039122999999999977e-02
1.918047999999999975e-02
1.863242999999999844e-02
2.031521999999999842e-02
2.226242999999999972e-02
2.451472999999999847e-02
2.313847000000000126e-02
2.024652000000000049e-02
1.980238000000000137e-02
2.328269999999999992e-02
2.198227000000000167e-02
2.230789999999999856e-02
2.318958999999999951e-02
2.230578000000000075e-02
2.069814000000000029e-02
1.919896999999999923e-02
2.204520000000000091e-02
2.374352999999999880e-02
2.150904000000000010e-02
2.097370000000000137e-02
2.050578000000000123e-02
2.087485000000000035e-02
2.332197000000000089e-02
2.643051999999999901e-02
2.335778000000000160e-02
2.460891000000000120e-02
2.612725999999999937e-02
2.728239000000000011e-02
2.572746999999999881e-02
2.326152000000000081e-02
2.141412999999999997e-02
2.511564999999999978e-02
2.994604000000000016e-02
3.249076000000000047e-02
2.940152000000000043e-02
2.426957999999999893e-02
2.771670000000000036e-02
3.528313999999999756e-02
3.640644999999999992e-02
3.841139999999999832e-02
3.075589999999999921e-02
2.576739999999999933e-02
2.946069999999999939e-02
4.502441000000000082e-02
6.717389999999999473e-02
9.949046999999999752e-02
1.184446200000000005e-01
1.146841900000000053e-01
1.128510800000000064e-01
1.128706899999999957e-01
9.033091000000000037e-02
5.619823000000000179e-02
4.006057999999999841e-02
3.553354000000000235e-02
2.851066999999999838e-02
2.208869000000000110e-02
2.084884999999999863e-02
2.092675000000000091e-02
2.084170000000000120e-02
1.788694999999999868e-02
