1.935533000000000045e-02
2.067344000000000126e-02
2.574635999999999939e-02
4.587816000000000116e-02
7.458141000000000076e-02
9.759847000000000661e-02
1.255344999999999933e-01
1.375875900000000096e-01
1.363924300000000089e-01
1.594398800000000060e-01
1.357466599999999912e-01
9.058286000000000115e-02
6.839781999999999806e-02
4.336162999999999823e-02
2.593379000000000170e-02
2.251115000000000060e-02
2.140509000000000162e-02
2.130233999999999947e-02
2.368837000000000026e-02
2.768421000000000076e-02
3.505563999999999902e-02
4.183502000000000054e-02
3.807757999999999976e-02
3.646462000000000314e-02
3.658493000000000162e-02
3.271119000000000110e-02
2.613390999999999978e-02
2.475358999999999893e-02
2.611542999999999851e-02
2.381919999999999871e-02
2.288232999999999934e-02
2.322381000000000098e-02
2.098426000000000111e-02
2.221257000000000092e-02
2.109681000000000056e-02
1.986088999999999910e-02
2.348338999999999982e-02
2.604717999999999964e-02
2.327985999999999944e-02
1.891775000000000054e-02
1.873545999999999892e-02
2.353486999999999940e-02
2.704871000000000011e-02
2.576252000000000056e-02
2.081287000000000068e-02
1.850693000000000130e-02
1.919155999999999987e-02
1.911534999999999970e-02
2.371140999999999874e-02
2.703093000000000162e-02
2.369121000000000074e-02
2.003805000000000169e-02
1.860144999999999854e-02
2.009094000000000158e-02
2.368622000000000088e-02
2.610101000000000088e-02
2.291728999999999988e-02
1.883794000000000093e-02
1.842119000000000048e-02
1.939089999999999911e-02
1.851900000000000074e-02
2.359850000000000142e-02
2.253669999999999979e-02
1.754556000000000171e-02
