1.718135000000000148e-02
2.058476999999999876e-02
2.384686999999999918e-02
2.416195000000000148e-02
2.503491000000000050e-02
2.411278000000000032e-02
2.058497999999999925e-02
1.864406999999999870e-02
1.942928999999999837e-02
2.544472000000000053e-02
3.070118000000000152e-02
2.787405000000000091e-02
2.854916000000000051e-02
2.449631999999999851e-02
2.352641000000000107e-02
3.025954999999999964e-02
2.572009999999999921e-02
2.109012999999999860e-02
1.919476000000000168e-02
2.139355000000000076e-02
1.918637999999999941e-02
2.529852000000000142e-02
2.304954000000000031e-02
2.134431999999999996e-02
2.541832000000000119e-02
2.460982999999999921e-02
2.659455999999999973e-02
2.784199000000000049e-02
3.187243000000000021e-02
2.589032000000000139e-02
2.176488000000000034e-02
2.216067000000000037e-02
2.431757999999999836e-02
2.858062999999999923e-02
2.840472000000000136e-02
3.132954999999999768e-02
3.586558000000000107e-02
4.477137999999999951e-02
4.730643999999999821e-02
4.557850000000000096e-02
2.943731999999999946e-02
2.690462999999999882e-02
4.124397999999999953e-02
6.832768999999999648e-02
1.013893700000000064e-01
1.593883500000000120e-01
1.839235899999999979e-01
1.972084199999999954e-01
1.607126899999999914e-01
1.274314099999999950e-01
1.241113900000000020e-01
9.962534000000000667e-02
6.392960000000000309e-02
4.171572999999999948e-02
2.228573999999999833e-02
2.594221000000000027e-02
2.572850999999999957e-02
2.880796000000000051e-02
3.492702000000000306e-02
4.926301000000000291e-02
4.887959000000000054e-02
4.639432000000000278e-02
3.566753000000000284e-02
2.077901000000000054e-02
