2.034506000000000162e-02
2.024700000000000111e-02
1.858432000000000139e-02
1.914810000000000123e-02
2.002096999999999904e-02
2.034986000000000086e-02
2.250734999999999889e-02
2.196588000000000013e-02
1.959696999999999828e-02
2.018703000000000164e-02
1.925477999999999912e-02
1.981743000000000046e-02
2.155444000000000110e-02
2.246677999999999870e-02
2.207299999999999887e-02
1.998137999999999997e-02
2.515480000000000146e-02
2.818729999999999847e-02
2.514305999999999833e-02
2.472359999999999836e-02
2.125292000000000153e-02
2.010628999999999889e-02
2.301494000000000109e-02
2.316394000000000092e-02
2.597369999999999887e-02
2.397650000000000128e-02
3.106159000000000003e-02
3.516003000000000184e-02
3.578971000000000235e-02
3.654463000000000156e-02
2.838382000000000058e-02
2.216262000000000093e-02
2.769055999999999948e-02
4.082235000000000030e-02
5.613353000000000093e-02
8.108132999999999313e-02
1.035525600000000018e-01
1.137415499999999968e-01
1.169416199999999961e-01
7.962734000000000478e-02
4.794642999999999822e-02
3.403373999999999983e-02
2.630522999999999889e-02
2.255431999999999923e-02
2.059102000000000154e-02
2.112827999999999928e-02
2.380813000000000026e-02
2.314706999999999876e-02
2.961178000000000074e-02
3.408019000000000326e-02
3.707212000000000007e-02
3.479709999999999748e-02
2.976478000000000110e-02
2.713609999999999980e-02
2.364720000000000016e-02
2.298004000000000019e-02
2.431159000000000098e-02
2.329271000000000119e-02
2.083362999999999882e-02
2.209409000000000026e-02
2.410715999999999901e-02
2.685504000000000016e-02
2.581019000000000022e-02
1.737785999999999845e-02
