2.431298999999999960e-02
3.025987999999999942e-02
3.709902000000000338e-02
5.012418999999999902e-02
4.617277999999999660e-02
4.467448000000000252e-02
3.693960000000000299e-02
2.501712999999999854e-02
2.534047999999999856e-02
2.337499999999999994e-02
2.533720999999999890e-02
2.927665999999999949e-02
3.382435999999999776e-02
4.388538000000000161e-02
5.201275999999999816e-02
5.803876000000000174e-02
5.983324000000000281e-02
5.482266999999999696e-02
4.748084999999999806e-02
4.025469000000000269e-02
3.068459999999999938e-02
4.509388999999999759e-02
8.210555999999999410e-02
1.264348299999999981e-01
1.659512700000000118e-01
2.080111699999999952e-01
1.865990899999999952e-01
1.621523400000000059e-01
1.093599600000000061e-01
5.951791000000000026e-02
3.211582999999999799e-02
2.329776999999999890e-02
2.405331000000000136e-02
2.461284999999999862e-02
3.901514999999999844e-02
4.154647999999999675e-02
5.585761999999999672e-02
7.887734000000000412e-02
6.903566999999999343e-02
5.081110999999999961e-02
4.354395999999999961e-02
3.284639000000000308e-02
2.592103999999999936e-02
2.605547999999999892e-02
3.029768999999999865e-02
2.514100000000000015e-02
2.853844999999999993e-02
3.052151999999999990e-02
2.943814999999999973e-02
2.400172999999999890e-02
2.099494999999999834e-02
2.030422999999999950e-02
2.091290000000000163e-02
2.606307999999999889e-02
2.830285000000000092e-02
2.743906999999999943e-02
2.317106000000000027e-02
2.043880000000000002e-02
2.028728000000000128e-02
2.061048000000000047e-02
2.257815999999999990e-02
2.811276000000000053e-02
2.566970999999999836e-02
1.802058999999999953e-02
