2.050385000000000055e-02
2.123989000000000085e-02
1.924591999999999969e-02
2.771045000000000105e-02
3.075332999999999886e-02
4.503922999999999954e-02
5.926047000000000259e-02
7.382495999999999503e-02
8.492381999999999709e-02
1.029656099999999991e-01
9.816453999999999458e-02
7.816596000000000655e-02
7.107777999999999319e-02
4.057190000000000102e-02
2.867754999999999957e-02
2.521170000000000008e-02
2.150128000000000109e-02
1.957733000000000043e-02
2.130788000000000126e-02
2.365978999999999999e-02
2.553841999999999918e-02
2.944201999999999930e-02
2.957952999999999971e-02
3.331486000000000169e-02
3.731957000000000330e-02
3.186946000000000223e-02
2.667084000000000121e-02
2.046076000000000145e-02
2.194165000000000004e-02
2.236704000000000123e-02
2.296961999999999962e-02
2.142511999999999889e-02
2.014619999999999952e-02
2.203938999999999898e-02
2.158076999999999912e-02
1.987610000000000071e-02
2.087094999999999922e-02
2.144534000000000024e-02
2.061976999999999907e-02
1.890754999999999866e-02
1.825840000000000102e-02
1.986633999999999969e-02
2.137885000000000132e-02
2.112794000000000130e-02
2.044088999999999975e-02
1.983963999999999867e-02
1.898963999999999860e-02
1.790357999999999880e-02
1.938027000000000152e-02
2.095771000000000092e-02
2.217322000000000043e-02
2.176343000000000028e-02
1.936291000000000054e-02
1.835294000000000161e-02
1.991582999999999895e-02
2.091579999999999828e-02
2.093677000000000038e-02
2.001665999999999862e-02
2.014138999999999860e-02
1.979884000000000158e-02
1.846236999999999878e-02
2.033157000000000020e-02
1.907939000000000163e-02
1.666244999999999879e-02
