1.866635999999999990e-02
2.014144000000000004e-02
2.379813000000000067e-02
2.742730999999999988e-02
3.000486000000000125e-02
3.202406000000000003e-02
3.445056999999999980e-02
4.339406999999999986e-02
5.912855999999999668e-02
6.598753000000000257e-02
6.312779000000000307e-02
4.025664000000000325e-02
2.966401999999999928e-02
2.229804000000000161e-02
2.812556000000000084e-02
4.023887999999999771e-02
6.570884999999999920e-02
1.038151900000000016e-01
1.397317200000000037e-01
1.565736199999999967e-01
1.585124900000000059e-01
1.381165099999999979e-01
1.037350100000000025e-01
5.721832999999999780e-02
3.512802999999999759e-02
2.430012000000000144e-02
2.275285000000000155e-02
2.369960999999999943e-02
3.222628000000000298e-02
3.957237999999999728e-02
4.424722999999999851e-02
5.775664999999999966e-02
5.747913999999999801e-02
5.678198000000000273e-02
4.432214999999999766e-02
2.828193000000000026e-02
2.614108999999999877e-02
2.760374999999999981e-02
2.848540999999999920e-02
3.033028999999999933e-02
2.769044999999999840e-02
2.602097999999999911e-02
2.793881000000000142e-02
2.437281999999999990e-02
2.115658999999999942e-02
2.090211999999999973e-02
2.209148999999999835e-02
2.163129000000000093e-02
2.122115999999999933e-02
2.173952999999999997e-02
2.610700000000000173e-02
2.849430999999999839e-02
2.993449999999999930e-02
2.878160000000000093e-02
2.568648999999999932e-02
2.224657000000000023e-02
2.230054999999999885e-02
2.040915000000000090e-02
1.913880000000000095e-02
2.224635999999999975e-02
2.780095000000000136e-02
2.919280000000000139e-02
2.364412999999999931e-02
1.777542999999999832e-02
