2.269378999999999841e-02
2.537344999999999878e-02
2.272984000000000115e-02
2.017924000000000107e-02
2.298269999999999827e-02
2.996545999999999932e-02
3.429075000000000178e-02
4.091704000000000174e-02
4.145159999999999817e-02
3.185766000000000292e-02
2.423053000000000012e-02
2.219867999999999841e-02
2.502077999999999941e-02
2.486268000000000158e-02
3.186850000000000099e-02
3.218158000000000130e-02
2.660714000000000135e-02
2.248191000000000078e-02
2.474306000000000075e-02
2.906459999999999946e-02
3.521695999999999854e-02
4.149426999999999977e-02
3.693285999999999791e-02
2.961553000000000102e-02
3.156112999999999974e-02
4.078451000000000298e-02
3.756414999999999754e-02
2.865298999999999971e-02
2.165875000000000092e-02
2.168559999999999932e-02
2.586445000000000063e-02
2.774895000000000139e-02
2.899225000000000066e-02
3.006879000000000149e-02
3.295369000000000076e-02
2.958509999999999959e-02
3.494873999999999897e-02
3.536911000000000221e-02
2.601035000000000152e-02
2.283411999999999942e-02
2.248543999999999890e-02
2.628822999999999924e-02
3.244425000000000087e-02
3.526677999999999757e-02
3.591529000000000249e-02
4.163842999999999711e-02
6.115015000000000034e-02
6.251821999999999935e-02
5.397115000000000246e-02
3.889448000000000211e-02
2.800365999999999966e-02
2.937576999999999897e-02
3.634036000000000211e-02
6.996760000000000479e-02
1.083188900000000010e-01
1.296310099999999910e-01
1.492348300000000128e-01
1.618093399999999960e-01
1.463725100000000112e-01
1.261848399999999926e-01
1.062864099999999978e-01
8.137975999999999543e-02
4.571747000000000311e-02
1.932545999999999917e-02
