2.031931000000000015e-02
3.175013000000000141e-02
3.183255000000000112e-02
2.316860999999999920e-02
3.089497999999999897e-02
3.467912000000000078e-02
3.672792999999999891e-02
5.008742000000000055e-02
6.331014000000000086e-02
7.722784000000000593e-02
7.648364000000000551e-02
4.900347000000000036e-02
3.370134000000000324e-02
2.325065999999999938e-02
3.523310000000000330e-02
7.602823999999999693e-02
1.071565700000000065e-01
1.433664099999999997e-01
1.864431199999999900e-01
1.890280099999999963e-01
1.840708299999999908e-01
1.522148000000000112e-01
1.073701799999999956e-01
6.027740999999999655e-02
2.638713000000000169e-02
2.029645000000000060e-02
2.056542999999999913e-02
2.138883999999999924e-02
3.977574999999999861e-02
4.754502000000000034e-02
4.986240000000000117e-02
5.700236000000000192e-02
6.440690000000000304e-02
5.905856999999999773e-02
4.586478000000000083e-02
2.715609999999999899e-02
2.303351999999999830e-02
2.492967000000000100e-02
2.930077999999999849e-02
2.964997999999999939e-02
2.610095000000000123e-02
2.813322000000000045e-02
2.809220999999999940e-02
2.274494999999999989e-02
2.235525000000000012e-02
2.126153999999999891e-02
2.253930000000000169e-02
2.285736999999999838e-02
2.186420000000000030e-02
2.090585999999999833e-02
2.407184000000000060e-02
2.910512000000000168e-02
3.302838999999999775e-02
2.853231999999999990e-02
2.630665999999999907e-02
2.426748000000000099e-02
2.220704000000000081e-02
2.100662000000000015e-02
1.957857000000000000e-02
2.187777000000000124e-02
2.671762000000000095e-02
2.880138000000000142e-02
2.272410999999999875e-02
1.889431999999999917e-02
