1.795128000000000001e-02
1.848050999999999860e-02
1.827201999999999993e-02
1.842072000000000154e-02
2.076385999999999857e-02
1.992110999999999882e-02
1.880895999999999957e-02
1.844809999999999853e-02
1.857564999999999911e-02
1.902948999999999960e-02
2.070135000000000031e-02
2.196201999999999877e-02
2.369695000000000135e-02
2.307870000000000060e-02
2.069560000000000149e-02
2.018491000000000035e-02
2.004577999999999915e-02
1.849090000000000109e-02
1.942081999999999836e-02
1.952250000000000166e-02
1.766739000000000157e-02
1.935494999999999924e-02
2.030542000000000111e-02
2.130929999999999977e-02
2.275902999999999954e-02
2.193432999999999841e-02
2.240110999999999838e-02
2.283740999999999896e-02
2.585745999999999878e-02
2.639690999999999912e-02
2.108921999999999880e-02
1.888246000000000022e-02
1.997006999999999949e-02
2.100849999999999940e-02
2.212501999999999872e-02
2.306044000000000149e-02
2.340727000000000085e-02
2.606750000000000039e-02
2.994577000000000003e-02
3.396957999999999922e-02
3.194414999999999755e-02
2.490066000000000154e-02
2.063111999999999932e-02
2.255563999999999833e-02
3.180584999999999662e-02
5.214913999999999661e-02
6.487663999999999931e-02
7.657095999999999347e-02
7.555212000000000039e-02
6.619796000000000014e-02
6.718548000000000575e-02
5.777884999999999965e-02
4.500035000000000146e-02
3.306807999999999970e-02
2.171688999999999911e-02
1.995229999999999920e-02
1.941400000000000070e-02
1.930520999999999973e-02
2.098012000000000141e-02
2.293877999999999889e-02
2.473411999999999833e-02
2.563980999999999899e-02
2.244923999999999878e-02
1.694537000000000126e-02
