1.656465999999999841e-02
1.988314000000000054e-02
2.821635000000000115e-02
3.616591000000000250e-02
5.000059999999999921e-02
4.760998999999999787e-02
2.535284999999999969e-02
2.424180000000000085e-02
2.301111999999999949e-02
2.371409999999999837e-02
3.046569000000000013e-02
3.635233000000000214e-02
2.412034000000000053e-02
1.959645999999999957e-02
2.238911999999999847e-02
2.757230999999999918e-02
2.745055000000000064e-02
3.138678000000000301e-02
3.187653000000000014e-02
3.677068000000000003e-02
6.173553999999999847e-02
5.984223999999999793e-02
5.490467000000000264e-02
3.764541999999999888e-02
2.617602999999999944e-02
2.514838000000000143e-02
4.099470999999999671e-02
4.907037999999999678e-02
3.547762000000000138e-02
3.796767000000000197e-02
5.897370999999999863e-02
7.387868000000000213e-02
8.282462999999999631e-02
5.785942000000000168e-02
4.048953999999999748e-02
3.246716999999999659e-02
4.051745000000000346e-02
6.255707000000000628e-02
2.454301399999999911e-01
2.630731800000000176e-01
2.974325400000000230e-01
3.318713899999999883e-01
2.700264499999999734e-01
2.123719199999999918e-01
1.210777100000000051e-01
6.049713999999999786e-02
3.253803999999999724e-02
2.943366000000000038e-02
2.194660999999999834e-02
2.644743000000000094e-02
3.743628000000000233e-02
5.639841000000000298e-02
7.617893000000000581e-02
8.556542000000000314e-02
9.222547999999999857e-02
1.008153700000000014e-01
7.222734000000000099e-02
4.336555000000000271e-02
3.169055999999999956e-02
2.448465000000000016e-02
2.171870000000000051e-02
2.583335000000000145e-02
2.498521000000000075e-02
2.154071999999999931e-02
