2.330770999999999885e-02
2.624767999999999893e-02
2.130024999999999974e-02
3.873742000000000157e-02
4.977136000000000060e-02
5.765697999999999657e-02
1.030224700000000049e-01
1.458271700000000060e-01
1.502714500000000009e-01
1.636358800000000113e-01
1.500654800000000011e-01
9.431470000000000131e-02
7.791331999999999425e-02
4.865702999999999695e-02
2.799532999999999883e-02
2.343156999999999879e-02
2.322068999999999869e-02
2.104361999999999899e-02
2.109223000000000001e-02
2.423275000000000082e-02
2.844785000000000022e-02
3.533399999999999735e-02
3.300746999999999709e-02
3.357099000000000194e-02
3.530435999999999991e-02
3.329025000000000040e-02
2.372755000000000003e-02
2.232788999999999954e-02
2.448225999999999875e-02
2.367307000000000092e-02
2.365468999999999905e-02
2.237273000000000039e-02
2.070090999999999945e-02
2.075110000000000149e-02
2.243766999999999984e-02
2.161375999999999922e-02
2.402361000000000080e-02
2.540815000000000087e-02
2.305186000000000041e-02
1.906532999999999839e-02
1.929853000000000124e-02
2.073880000000000168e-02
2.321294000000000135e-02
2.320691999999999894e-02
2.040617000000000125e-02
1.897510000000000169e-02
1.872269999999999837e-02
1.858270000000000061e-02
2.139947000000000030e-02
2.503601000000000090e-02
2.297617000000000062e-02
2.136127999999999985e-02
1.901821000000000067e-02
1.930795999999999901e-02
2.151938000000000115e-02
2.378287000000000109e-02
2.292167999999999983e-02
2.034700000000000050e-02
2.178160999999999986e-02
1.904656999999999878e-02
1.857380999999999963e-02
2.360811999999999980e-02
2.121061000000000127e-02
1.795982999999999954e-02
