2.082138999999999865e-02
2.562590000000000007e-02
2.390188999999999855e-02
2.039416000000000145e-02
1.906083000000000083e-02
2.012111000000000108e-02
2.213131999999999946e-02
2.104769000000000084e-02
2.180303000000000102e-02
2.313056999999999960e-02
2.182589000000000057e-02
2.090919000000000111e-02
1.963662999999999867e-02
2.287107999999999849e-02
2.919547999999999935e-02
2.910286000000000123e-02
2.431310999999999889e-02
1.935477999999999851e-02
1.966214000000000156e-02
2.330975999999999881e-02
2.175372000000000069e-02
2.141349000000000030e-02
2.377798000000000064e-02
2.692365000000000036e-02
3.552123000000000086e-02
4.198692999999999870e-02
4.032618999999999787e-02
2.823012999999999911e-02
2.336252000000000120e-02
2.159569999999999892e-02
2.550544999999999896e-02
3.713463000000000180e-02
3.628631000000000217e-02
4.130889000000000089e-02
4.723942999999999892e-02
5.191604999999999831e-02
5.405831999999999998e-02
5.210502999999999663e-02
3.752433000000000157e-02
2.244430000000000036e-02
2.947871999999999992e-02
6.495752999999999944e-02
1.164312700000000034e-01
1.455346299999999982e-01
1.681871299999999902e-01
1.812350600000000034e-01
1.584233899999999973e-01
1.554288899999999862e-01
1.128178199999999992e-01
7.265435000000000643e-02
5.617567999999999867e-02
3.693264999999999743e-02
2.876570000000000168e-02
2.728136999999999923e-02
2.639383000000000007e-02
2.891809999999999867e-02
2.955957999999999850e-02
3.230260000000000076e-02
3.897781000000000162e-02
4.741839999999999944e-02
4.785811000000000232e-02
4.017433000000000115e-02
2.988288999999999876e-02
1.841980999999999827e-02
