1.841570000000000012e-02
2.068750999999999923e-02
2.239104000000000094e-02
2.091586999999999960e-02
1.982746000000000161e-02
1.814897999999999859e-02
1.769162000000000165e-02
1.799426999999999971e-02
1.987016000000000129e-02
2.056927999999999881e-02
1.955843000000000165e-02
1.976088000000000150e-02
2.050093999999999875e-02
2.384040999999999938e-02
2.563649000000000136e-02
2.520139000000000060e-02
2.367959000000000036e-02
2.066124000000000085e-02
1.821717000000000128e-02
1.946915000000000104e-02
2.577021999999999993e-02
3.643526999999999877e-02
4.110899999999999971e-02
4.159217999999999943e-02
4.577462000000000197e-02
4.292908000000000140e-02
3.550305000000000127e-02
2.688319000000000125e-02
2.209567000000000128e-02
1.933272999999999936e-02
1.849953999999999835e-02
1.820951000000000167e-02
1.806228000000000000e-02
1.945801000000000128e-02
1.988351000000000007e-02
1.999207000000000067e-02
2.258993999999999933e-02
2.396948999999999955e-02
2.180754000000000026e-02
1.928471000000000005e-02
1.875121000000000079e-02
1.839760999999999827e-02
1.832993999999999943e-02
1.965340000000000142e-02
1.971499999999999989e-02
1.904298000000000102e-02
1.918672000000000086e-02
1.936749999999999930e-02
1.874771999999999897e-02
1.870836000000000027e-02
1.829553000000000082e-02
1.852012000000000103e-02
1.885256999999999905e-02
1.967771999999999924e-02
2.087539999999999882e-02
1.928055000000000047e-02
1.851716999999999946e-02
1.961337999999999970e-02
2.152650000000000050e-02
2.230996999999999841e-02
2.189856000000000094e-02
2.292090000000000100e-02
1.924330000000000138e-02
1.639724000000000043e-02
