1.717683000000000057e-02
1.822114999999999846e-02
1.852809999999999874e-02
2.126016000000000017e-02
2.625072999999999990e-02
2.449762999999999941e-02
2.230735000000000010e-02
2.476932000000000092e-02
2.916364000000000109e-02
3.574383999999999895e-02
3.438849000000000072e-02
2.745794000000000012e-02
2.196214999999999973e-02
1.941429999999999892e-02
2.088931999999999942e-02
2.918068000000000051e-02
3.836114999999999664e-02
5.116264000000000228e-02
6.205080000000000318e-02
7.030680000000000263e-02
6.496114999999999529e-02
5.664165000000000172e-02
4.365502999999999745e-02
3.126704999999999762e-02
2.152122000000000063e-02
1.889447000000000002e-02
1.836596999999999882e-02
1.918682999999999847e-02
2.277322999999999847e-02
2.550962000000000021e-02
2.572587000000000138e-02
2.945746000000000128e-02
3.048311000000000076e-02
3.005611000000000047e-02
2.619917000000000079e-02
1.994164000000000006e-02
1.908999999999999933e-02
2.029567999999999997e-02
2.079117999999999938e-02
2.139177000000000092e-02
1.996759999999999854e-02
2.014130000000000087e-02
1.992876999999999843e-02
1.882346999999999840e-02
1.854710999999999860e-02
1.793519999999999837e-02
1.875200999999999951e-02
1.821800000000000155e-02
1.796504999999999977e-02
1.845598999999999851e-02
1.954422000000000104e-02
2.081291000000000044e-02
2.070597000000000062e-02
2.051185999999999982e-02
2.026529999999999998e-02
1.923903999999999892e-02
1.874767000000000100e-02
1.820168999999999954e-02
1.776372999999999841e-02
1.850067000000000031e-02
2.002409000000000133e-02
1.999553999999999915e-02
1.854984000000000147e-02
1.643690000000000082e-02
