1.630877000000000021e-02
1.893836999999999951e-02
2.132496000000000044e-02
2.443667999999999882e-02
2.507010000000000141e-02
2.269494000000000025e-02
1.914744000000000168e-02
1.812342999999999940e-02
1.847450000000000134e-02
2.630816000000000057e-02
2.710129999999999831e-02
1.990308999999999828e-02
2.132567999999999964e-02
2.275432999999999970e-02
2.777945999999999888e-02
2.796865000000000115e-02
3.020549000000000150e-02
2.773824999999999902e-02
2.019046000000000035e-02
1.876125999999999835e-02
2.026812000000000058e-02
2.650032000000000082e-02
3.205659000000000286e-02
2.708353000000000149e-02
2.506366000000000149e-02
3.165105000000000002e-02
4.585183000000000314e-02
5.736861000000000044e-02
3.923449999999999854e-02
2.511922999999999934e-02
2.325922000000000059e-02
3.210429000000000060e-02
7.333085999999999771e-02
9.928074000000000621e-02
1.199181400000000064e-01
1.465333400000000119e-01
1.499061999999999895e-01
1.277610700000000044e-01
8.682162999999999686e-02
5.645903000000000033e-02
3.312766999999999795e-02
2.032368000000000022e-02
1.888592000000000048e-02
2.162493999999999875e-02
2.610639999999999836e-02
2.968843999999999997e-02
4.038437999999999750e-02
3.607170999999999988e-02
3.780884999999999802e-02
4.171500999999999681e-02
4.204568999999999668e-02
3.434138999999999942e-02
2.327616999999999881e-02
2.428309000000000023e-02
2.786500000000000088e-02
2.703233999999999845e-02
3.182952000000000004e-02
3.455480999999999830e-02
2.783418000000000003e-02
2.577085999999999960e-02
2.945580999999999894e-02
2.927304000000000017e-02
2.587126999999999830e-02
1.811532000000000073e-02
