1.791065000000000018e-02
2.200770000000000157e-02
3.297595999999999861e-02
2.041070000000000037e-02
2.750636000000000053e-02
3.097081999999999960e-02
2.848117999999999830e-02
2.638288999999999912e-02
3.339538000000000229e-02
2.392675999999999831e-02
2.639218999999999940e-02
1.922928000000000137e-02
2.298533000000000173e-02
3.246538999999999675e-02
6.605893000000000181e-02
8.216297000000000184e-02
8.052728000000000663e-02
3.803022000000000347e-02
4.283358999999999778e-02
3.773606999999999656e-02
2.759206999999999979e-02
3.942389000000000310e-02
2.470117999999999966e-02
1.777996999999999911e-02
1.955279999999999865e-02
2.087709000000000092e-02
1.875684000000000032e-02
1.942636000000000016e-02
2.300516999999999840e-02
4.435549999999999909e-02
3.049129000000000075e-02
2.704766999999999935e-02
1.978519999999999932e-02
1.942891000000000062e-02
2.238930000000000087e-02
2.373522000000000132e-02
2.058843000000000131e-02
1.852762999999999979e-02
2.216684999999999836e-02
1.952958000000000124e-02
2.156020999999999979e-02
2.083186999999999886e-02
1.836669999999999969e-02
1.755063999999999930e-02
1.807558999999999902e-02
1.846298999999999857e-02
1.947839000000000168e-02
1.791836000000000123e-02
1.867129999999999831e-02
2.140157000000000170e-02
2.308187999999999906e-02
2.011887999999999871e-02
1.939543999999999990e-02
1.800741999999999968e-02
1.770613999999999869e-02
1.843244000000000132e-02
1.888673000000000088e-02
1.849264999999999937e-02
2.005033000000000162e-02
1.908699999999999980e-02
2.022461000000000050e-02
1.823365000000000055e-02
1.810215999999999908e-02
1.588911000000000143e-02
