1.672360000000000166e-02
1.820017999999999983e-02
2.005985999999999880e-02
2.109710000000000057e-02
2.142140999999999837e-02
2.030347000000000054e-02
1.839172999999999850e-02
1.785004999999999925e-02
1.775813000000000044e-02
2.150275999999999924e-02
2.197003999999999971e-02
1.885211999999999999e-02
1.943498000000000100e-02
2.046653000000000014e-02
2.143977999999999856e-02
2.216426000000000160e-02
2.293935000000000071e-02
2.141215999999999953e-02
1.937184999999999949e-02
1.874651000000000095e-02
1.907000999999999835e-02
2.197868999999999864e-02
2.359669000000000003e-02
2.318923999999999985e-02
2.063815000000000094e-02
2.379041999999999962e-02
2.978762000000000076e-02
3.087571999999999886e-02
2.543234000000000120e-02
2.035334000000000101e-02
1.991209000000000034e-02
2.372014000000000067e-02
4.624542000000000236e-02
5.571659000000000334e-02
6.721665999999999752e-02
7.598112999999999395e-02
8.063214000000000492e-02
6.655221000000000053e-02
4.922572000000000059e-02
3.346734999999999988e-02
2.285670999999999883e-02
1.867351000000000080e-02
1.834364999999999954e-02
1.952301999999999857e-02
2.060334999999999944e-02
2.381985000000000005e-02
3.052817999999999851e-02
2.750879000000000171e-02
2.758620999999999990e-02
2.928622999999999990e-02
2.734837999999999852e-02
2.379227000000000078e-02
2.056565000000000129e-02
2.123631000000000130e-02
2.256344999999999879e-02
2.324448999999999960e-02
2.471086999999999936e-02
2.812933999999999921e-02
2.529348000000000013e-02
2.269314000000000053e-02
2.464608000000000076e-02
2.423606000000000024e-02
2.196443999999999827e-02
1.699207000000000148e-02
