1.811511999999999845e-02
2.925223000000000059e-02
3.393878000000000172e-02
2.636379000000000153e-02
3.058968999999999924e-02
4.652697000000000083e-02
5.164188000000000112e-02
3.903351000000000043e-02
4.451183000000000223e-02
3.267195999999999989e-02
2.520936999999999831e-02
2.270163999999999863e-02
3.780768000000000323e-02
5.546348000000000250e-02
8.528581000000000356e-02
1.236063500000000037e-01
1.152349299999999993e-01
1.202818300000000062e-01
9.320017999999999359e-02
7.365758000000000028e-02
5.981042000000000303e-02
3.342160000000000269e-02
2.058652000000000051e-02
2.008224999999999941e-02
1.956193000000000168e-02
2.302736999999999840e-02
2.759348000000000009e-02
3.185795999999999767e-02
3.343726999999999810e-02
3.968760000000000343e-02
4.014791999999999667e-02
3.147247000000000239e-02
2.809555000000000038e-02
2.231498000000000162e-02
2.472987999999999922e-02
2.655973000000000014e-02
2.309655000000000041e-02
1.915731999999999852e-02
2.033808999999999964e-02
2.295281999999999878e-02
2.230137999999999912e-02
2.006952000000000041e-02
1.857452000000000061e-02
1.815046000000000020e-02
1.867983000000000143e-02
2.030585999999999849e-02
2.153495000000000062e-02
2.093126999999999835e-02
2.138371000000000022e-02
2.435578000000000048e-02
2.707081999999999891e-02
2.632744999999999877e-02
2.255959999999999910e-02
1.894449000000000133e-02
1.860793000000000169e-02
2.046742000000000006e-02
2.241084999999999952e-02
2.265690999999999886e-02
2.430155999999999983e-02
2.074468000000000145e-02
1.881301999999999974e-02
1.976247000000000073e-02
1.843755999999999867e-02
1.809873999999999858e-02
