2.017914999999999986e-02
2.070800000000000071e-02
1.790295000000000081e-02
1.915932000000000052e-02
2.382569000000000006e-02
2.331106000000000150e-02
2.153603000000000114e-02
2.258376000000000133e-02
2.753376000000000087e-02
3.329007999999999967e-02
3.508718999999999727e-02
3.313002999999999781e-02
2.901745999999999839e-02
2.323895999999999948e-02
2.045084999999999958e-02
2.227273000000000100e-02
2.644000999999999990e-02
3.659352999999999911e-02
6.066860999999999782e-02
8.167381999999999420e-02
9.180386000000000102e-02
8.995482000000000478e-02
7.137348999999999777e-02
5.646015000000000061e-02
3.522187999999999708e-02
2.519085000000000074e-02
2.086887999999999938e-02
1.974319000000000074e-02
2.103841999999999865e-02
2.355979999999999880e-02
2.473424000000000109e-02
2.969033999999999909e-02
3.431733000000000006e-02
3.391898000000000135e-02
3.092904999999999960e-02
2.446759999999999907e-02
2.206129999999999897e-02
2.137999999999999970e-02
2.098484000000000113e-02
2.198365999999999862e-02
2.237418000000000046e-02
2.249471000000000109e-02
2.330611000000000141e-02
2.046836000000000141e-02
1.790202000000000113e-02
1.814868999999999857e-02
1.859047000000000130e-02
1.853470999999999938e-02
1.876480999999999982e-02
1.920598999999999917e-02
1.991106999999999946e-02
2.030372999999999900e-02
1.975249000000000102e-02
1.966062999999999839e-02
2.058806999999999998e-02
2.028485999999999831e-02
1.921869999999999828e-02
1.868490999999999902e-02
1.850987999999999939e-02
1.904203999999999966e-02
1.923557999999999865e-02
2.155560999999999935e-02
2.050864000000000159e-02
1.648646999999999960e-02
