2.357700000000000073e-02
2.996590999999999838e-02
2.409653000000000142e-02
2.301152999999999879e-02
2.751334000000000071e-02
3.902132999999999990e-02
5.918593999999999938e-02
8.559323000000000625e-02
1.075121799999999989e-01
1.239890800000000015e-01
1.165718099999999979e-01
1.031078200000000028e-01
1.003056499999999962e-01
7.756681999999999466e-02
4.181860999999999912e-02
3.208891999999999994e-02
2.302782000000000093e-02
2.034947999999999965e-02
2.099803999999999907e-02
2.385382999999999948e-02
2.635923000000000085e-02
2.893043000000000003e-02
3.125109999999999694e-02
3.900893999999999889e-02
4.566110000000000307e-02
3.874278999999999917e-02
2.778612000000000096e-02
2.091147000000000145e-02
2.146365000000000078e-02
2.146856000000000111e-02
2.328252999999999920e-02
2.340400000000000119e-02
2.217370999999999925e-02
2.346180000000000140e-02
2.493389999999999843e-02
2.181574000000000013e-02
2.260964000000000029e-02
2.400075999999999946e-02
2.330298000000000092e-02
2.019390999999999894e-02
1.939269000000000062e-02
2.030670000000000044e-02
2.259900000000000103e-02
2.372735999999999942e-02
2.271816000000000113e-02
2.186449999999999852e-02
1.990054999999999949e-02
1.858742999999999854e-02
2.028628999999999849e-02
2.368579000000000170e-02
2.712509999999999921e-02
2.515384000000000023e-02
2.124556000000000014e-02
1.806146000000000140e-02
2.004473999999999839e-02
2.334193999999999852e-02
2.282845000000000013e-02
2.040256000000000014e-02
2.300133999999999859e-02
1.980878999999999973e-02
1.951777999999999846e-02
2.213143000000000055e-02
2.088999000000000064e-02
1.728427000000000088e-02
