2.398737000000000091e-02
2.171429000000000067e-02
2.268244999999999983e-02
2.631767999999999955e-02
2.491337999999999886e-02
2.317090000000000122e-02
1.910755999999999913e-02
1.893738000000000019e-02
2.692676999999999918e-02
2.964680000000000093e-02
3.116247000000000114e-02
3.647663999999999768e-02
2.571986999999999884e-02
2.081055999999999878e-02
2.556183000000000066e-02
2.857190999999999897e-02
2.570095000000000018e-02
2.455463000000000090e-02
2.584554999999999839e-02
2.440211999999999937e-02
3.178116999999999748e-02
4.630957000000000129e-02
4.175270999999999844e-02
2.934903000000000164e-02
2.357350000000000070e-02
2.760810000000000000e-02
2.815959000000000170e-02
3.571749999999999925e-02
3.443200999999999901e-02
2.783257999999999913e-02
2.097981000000000151e-02
2.633571999999999996e-02
2.703681999999999960e-02
2.743471000000000104e-02
2.489018999999999954e-02
2.496574999999999836e-02
3.631070000000000131e-02
4.945099000000000022e-02
4.014022999999999897e-02
3.302810999999999941e-02
2.547313999999999828e-02
2.333058999999999827e-02
2.763859000000000107e-02
3.795699999999999769e-02
4.599419999999999897e-02
4.793001000000000206e-02
5.366508999999999863e-02
4.691167999999999727e-02
6.135829000000000283e-02
6.236002999999999685e-02
6.687105000000000132e-02
6.100502000000000008e-02
3.849877000000000160e-02
4.632083000000000034e-02
6.770847000000000671e-02
1.065265700000000010e-01
1.497896800000000084e-01
2.401783899999999916e-01
2.773252099999999887e-01
2.819831999999999894e-01
2.928350000000000120e-01
2.788274600000000270e-01
1.436295499999999947e-01
2.534582999999999975e-02
