5.208244000000000068e-02
9.029507000000000505e-02
1.167418699999999976e-01
1.144989700000000055e-01
1.135299000000000030e-01
1.120702799999999943e-01
9.502517000000000602e-02
7.130462999999999385e-02
5.248099999999999987e-02
4.316538999999999793e-02
3.160222000000000031e-02
2.292289999999999953e-02
2.271553000000000114e-02
2.503493000000000038e-02
2.507867000000000082e-02
3.002486999999999864e-02
3.748856999999999884e-02
5.010635000000000089e-02
3.744785999999999948e-02
3.254582999999999782e-02
3.209932000000000063e-02
2.746256999999999865e-02
2.158546000000000076e-02
2.113063000000000094e-02
2.236617000000000119e-02
2.061083999999999833e-02
1.988312999999999886e-02
1.875761000000000095e-02
2.180744000000000085e-02
2.188715000000000105e-02
1.968019000000000018e-02
1.976376999999999995e-02
1.964911000000000088e-02
1.952459000000000139e-02
2.026000999999999844e-02
1.991294999999999871e-02
1.963111000000000023e-02
2.027796999999999933e-02
2.503394000000000105e-02
2.304389999999999911e-02
2.261294999999999972e-02
2.203696000000000127e-02
2.252641999999999839e-02
2.422001999999999836e-02
2.709782999999999983e-02
2.581641000000000144e-02
2.167244999999999935e-02
1.903776999999999900e-02
1.905613000000000098e-02
2.002051999999999998e-02
2.313449000000000061e-02
2.448594999999999938e-02
2.192097000000000143e-02
1.964729000000000128e-02
2.064596000000000139e-02
2.101698000000000108e-02
2.333618000000000151e-02
2.540827000000000016e-02
2.506610000000000088e-02
1.953857999999999984e-02
1.915632000000000099e-02
1.837640999999999927e-02
1.793617999999999948e-02
1.847736000000000170e-02
