2.130622000000000071e-02
2.394809999999999994e-02
2.584279999999999911e-02
3.959109000000000239e-02
5.814955000000000124e-02
5.221268999999999910e-02
5.535542000000000240e-02
8.714755999999999891e-02
9.514889999999999459e-02
3.662321000000000326e-02
7.797250999999999488e-02
8.948783999999999905e-02
4.426292999999999894e-02
2.788320999999999855e-02
6.274625000000000341e-02
1.334199600000000041e-01
1.725752700000000028e-01
2.603040600000000038e-01
4.068926600000000171e-01
4.465437500000000171e-01
3.262008399999999919e-01
1.593897200000000125e-01
2.018735000000000113e-01
9.132531000000000676e-02
5.778081999999999663e-02
2.603222999999999995e-02
2.068640999999999883e-02
2.796569000000000138e-02
5.235073999999999977e-02
2.912160999999999916e-02
7.290649000000000435e-02
1.436042600000000113e-01
1.531160500000000035e-01
1.109693900000000011e-01
8.803173999999999721e-02
2.765975999999999851e-02
2.516453999999999913e-02
2.344411000000000064e-02
2.277884999999999979e-02
4.899453000000000141e-02
4.646379999999999955e-02
3.559417000000000136e-02
2.511433999999999889e-02
2.940606999999999943e-02
2.199212999999999862e-02
2.038024000000000086e-02
2.639232999999999857e-02
2.003179000000000071e-02
2.474623999999999921e-02
2.172427000000000039e-02
2.854446000000000067e-02
3.552883999999999903e-02
4.716258999999999729e-02
4.476240000000000080e-02
4.004524999999999751e-02
2.869775999999999924e-02
2.118743000000000015e-02
2.025800999999999991e-02
2.006027000000000157e-02
3.260193000000000119e-02
4.966616000000000086e-02
4.580234999999999862e-02
1.789842999999999990e-02
1.680527000000000062e-02
