1.950862000000000082e-02
2.045293000000000111e-02
1.895561000000000121e-02
1.797721999999999862e-02
1.933394000000000085e-02
1.881528000000000020e-02
1.866937999999999931e-02
1.942777000000000046e-02
2.024542000000000008e-02
1.860109999999999889e-02
1.872191000000000133e-02
1.953977000000000144e-02
2.253188000000000066e-02
2.307278999999999927e-02
2.036102000000000051e-02
1.832939000000000096e-02
1.787323999999999857e-02
1.844886999999999916e-02
1.978502000000000038e-02
2.014563000000000118e-02
1.920120999999999981e-02
1.986121000000000067e-02
1.978426000000000143e-02
2.233231999999999925e-02
2.285699999999999885e-02
2.033739000000000033e-02
1.996668000000000054e-02
2.039240000000000150e-02
2.535062999999999900e-02
2.945982999999999935e-02
2.272785999999999904e-02
1.855617999999999851e-02
1.917403999999999983e-02
2.013208000000000011e-02
2.261573000000000055e-02
2.579574000000000103e-02
2.538535000000000097e-02
2.406704999999999955e-02
2.623307999999999890e-02
3.086211999999999983e-02
3.355992000000000003e-02
2.963988999999999860e-02
2.386150000000000077e-02
2.084702999999999903e-02
2.625691000000000136e-02
4.564552000000000193e-02
6.400364999999999527e-02
8.438655000000000461e-02
9.048217000000000065e-02
8.901286999999999394e-02
9.687250000000000028e-02
8.798517000000000143e-02
6.684964999999999657e-02
5.076262000000000135e-02
3.408117000000000091e-02
2.795529000000000069e-02
2.144777999999999962e-02
2.095715999999999898e-02
1.980478999999999920e-02
2.091741000000000086e-02
2.219031000000000128e-02
2.580177999999999985e-02
2.195654999999999829e-02
1.696127000000000051e-02
