2.265709000000000126e-02
2.216421000000000016e-02
1.994498000000000104e-02
2.269347000000000031e-02
2.725651000000000115e-02
2.377960000000000143e-02
2.006352999999999956e-02
2.489912000000000028e-02
4.123239000000000071e-02
6.181199999999999889e-02
6.596739999999999549e-02
5.569186999999999749e-02
4.457018000000000091e-02
2.858882999999999910e-02
2.681843999999999895e-02
3.681531999999999860e-02
4.248936999999999853e-02
6.718673000000000006e-02
1.055970499999999979e-01
1.093956799999999951e-01
1.228653900000000049e-01
1.167655499999999957e-01
9.630323000000000355e-02
6.177769999999999789e-02
3.872410999999999909e-02
2.802421000000000079e-02
2.417164999999999939e-02
2.276983999999999952e-02
2.614703999999999987e-02
3.037619999999999904e-02
3.352443000000000090e-02
4.178036999999999723e-02
4.887662000000000256e-02
5.147577999999999876e-02
4.163246000000000308e-02
2.580829999999999930e-02
2.201010999999999940e-02
2.203659000000000173e-02
2.321418999999999913e-02
2.318225999999999967e-02
2.262259000000000145e-02
2.310422999999999991e-02
2.616127000000000036e-02
2.293465000000000087e-02
1.912213000000000107e-02
2.002721999999999836e-02
2.079119000000000106e-02
2.032269999999999910e-02
1.958456000000000086e-02
2.039809000000000067e-02
2.106223000000000123e-02
2.223061000000000134e-02
2.185944000000000081e-02
2.132387000000000171e-02
2.255969000000000030e-02
2.337157999999999944e-02
2.277026999999999871e-02
2.050104999999999983e-02
2.045560000000000087e-02
2.090869000000000061e-02
2.308104000000000058e-02
2.380099000000000103e-02
2.278207999999999969e-02
1.735008999999999857e-02
