1.797806999999999877e-02
2.601629000000000094e-02
2.909693000000000002e-02
3.128274999999999806e-02
3.619206999999999980e-02
3.438999000000000222e-02
3.235712000000000310e-02
4.216137999999999830e-02
5.093251000000000028e-02
6.276035000000000641e-02
6.261305999999999816e-02
3.243710000000000343e-02
2.096459999999999990e-02
2.943551999999999974e-02
4.984303999999999818e-02
8.409814000000000178e-02
1.144942500000000057e-01
1.381825200000000031e-01
1.543936900000000001e-01
1.610370899999999939e-01
1.177034599999999959e-01
8.705192999999999959e-02
5.893013999999999891e-02
3.295503999999999795e-02
2.065219000000000082e-02
2.101458999999999966e-02
2.307547999999999891e-02
2.273085000000000036e-02
3.052173999999999859e-02
5.143857999999999764e-02
5.230303000000000035e-02
4.951672000000000018e-02
4.930099999999999760e-02
3.969508000000000064e-02
3.081698999999999897e-02
2.425820000000000060e-02
2.108470999999999956e-02
2.222054999999999864e-02
2.609625000000000139e-02
2.557658000000000154e-02
2.233825000000000047e-02
2.121636999999999829e-02
2.193511999999999892e-02
1.985065000000000093e-02
1.975860000000000116e-02
2.200084000000000067e-02
2.325771000000000088e-02
2.076704000000000050e-02
1.894498999999999836e-02
2.126629999999999840e-02
2.616916999999999854e-02
2.890291999999999861e-02
2.849408999999999970e-02
2.705540999999999849e-02
2.337722999999999884e-02
1.995946999999999999e-02
1.891740000000000088e-02
2.171259999999999857e-02
2.171630999999999909e-02
2.065414000000000139e-02
2.314222000000000154e-02
2.730783000000000169e-02
2.160768000000000064e-02
1.867235000000000075e-02
