1.910196999999999937e-02
2.078568999999999903e-02
2.012411999999999881e-02
2.469903999999999850e-02
2.524252999999999914e-02
2.539686000000000027e-02
2.599761999999999906e-02
2.279451000000000047e-02
1.970266999999999852e-02
2.698327999999999838e-02
2.652720999999999898e-02
2.314493999999999926e-02
2.612729000000000093e-02
2.853988999999999832e-02
2.932475999999999833e-02
2.740466999999999903e-02
3.457339999999999719e-02
3.698703999999999881e-02
3.367981999999999920e-02
2.379179999999999837e-02
2.325419000000000097e-02
2.242966999999999878e-02
3.421330999999999678e-02
3.358649999999999830e-02
3.768823000000000312e-02
3.541314999999999741e-02
5.639943000000000040e-02
7.299429000000000334e-02
6.671045999999999920e-02
4.303538999999999975e-02
2.864780000000000104e-02
1.990696000000000132e-02
6.418314999999999437e-02
1.216586000000000056e-01
1.604317399999999894e-01
2.357196799999999870e-01
2.536863699999999944e-01
2.496553400000000034e-01
2.150005799999999967e-01
1.128801299999999952e-01
6.029873000000000177e-02
3.457815000000000194e-02
2.637828000000000048e-02
2.724779999999999910e-02
2.789366000000000068e-02
3.103838999999999904e-02
4.147134999999999710e-02
4.186600000000000044e-02
5.108420999999999795e-02
5.903280999999999806e-02
7.060181999999999569e-02
5.233109999999999845e-02
3.819958999999999855e-02
3.336042000000000174e-02
3.464342000000000116e-02
3.325559000000000154e-02
3.968767000000000128e-02
4.102102999999999999e-02
3.067034000000000080e-02
3.084428000000000170e-02
3.785874000000000184e-02
4.102538000000000018e-02
4.131945000000000062e-02
2.052160999999999916e-02
