1.745381999999999836e-02
1.999766000000000044e-02
1.964416999999999899e-02
1.909806000000000004e-02
1.866589999999999916e-02
1.811099999999999863e-02
1.869565999999999936e-02
1.844735000000000125e-02
1.910420999999999994e-02
1.971155999999999950e-02
1.980486000000000052e-02
1.877068000000000139e-02
1.827184000000000100e-02
1.945855999999999975e-02
2.118913999999999867e-02
2.210874999999999993e-02
2.017176000000000038e-02
1.853412000000000115e-02
1.774053999999999909e-02
1.918635999999999953e-02
1.968835000000000029e-02
1.977075000000000013e-02
1.942655999999999897e-02
1.937337000000000087e-02
2.092058000000000112e-02
2.362072000000000130e-02
2.331352999999999898e-02
2.140631999999999951e-02
2.002839999999999829e-02
1.865398000000000056e-02
1.975110999999999881e-02
2.213079000000000088e-02
2.292326000000000086e-02
2.317929000000000170e-02
2.525932999999999998e-02
2.609807000000000099e-02
2.767187999999999939e-02
2.856552000000000049e-02
2.455496999999999888e-02
2.025702999999999879e-02
2.049354000000000106e-02
2.994130999999999876e-02
4.252003000000000033e-02
5.218791999999999875e-02
6.120006000000000057e-02
6.684410000000000351e-02
6.632066999999999823e-02
6.419031000000000042e-02
4.869504000000000193e-02
3.464170999999999917e-02
2.983921999999999963e-02
2.497595000000000023e-02
2.087245999999999893e-02
2.102073999999999956e-02
2.104587999999999945e-02
2.072281000000000123e-02
2.238988999999999910e-02
2.247692999999999913e-02
2.565923999999999983e-02
2.929003999999999983e-02
2.879568999999999879e-02
2.635041000000000119e-02
2.044966000000000145e-02
1.689337999999999951e-02
