1.742946999999999899e-02
1.840052999999999828e-02
1.801389999999999936e-02
1.890593999999999955e-02
2.112054000000000015e-02
2.364990000000000148e-02
2.635387000000000146e-02
2.881152999999999839e-02
3.160583000000000142e-02
3.242160999999999654e-02
3.129173999999999845e-02
2.837769000000000055e-02
2.585031000000000134e-02
2.424567999999999862e-02
1.963101999999999903e-02
1.901376000000000108e-02
1.825577000000000102e-02
1.759905999999999970e-02
1.823750000000000024e-02
1.835345000000000032e-02
1.869604999999999878e-02
1.953732000000000038e-02
1.948700999999999905e-02
1.958928000000000058e-02
2.067244000000000026e-02
2.014115000000000003e-02
1.890864999999999907e-02
1.834322000000000036e-02
1.828737999999999891e-02
1.837228000000000125e-02
1.824235000000000093e-02
1.848402000000000031e-02
1.824452999999999839e-02
1.842885000000000009e-02
1.853344000000000172e-02
1.829354000000000049e-02
1.831748999999999877e-02
1.861528999999999962e-02
1.877393999999999938e-02
1.782202999999999912e-02
1.779642999999999850e-02
1.792689999999999909e-02
1.880340999999999957e-02
1.888839999999999963e-02
1.851244000000000153e-02
1.813787999999999859e-02
1.807813000000000128e-02
1.761775999999999967e-02
1.830265999999999837e-02
1.885946000000000150e-02
1.963316000000000019e-02
1.954215999999999939e-02
1.803613999999999912e-02
1.757150999999999852e-02
1.853364999999999874e-02
1.947151999999999911e-02
1.923626999999999976e-02
1.826770000000000130e-02
1.887018999999999849e-02
1.760052999999999965e-02
1.795723999999999931e-02
1.824583000000000108e-02
1.788425000000000084e-02
1.578919999999999976e-02
