1.793907999999999961e-02
1.985717999999999858e-02
1.896892999999999843e-02
2.090296000000000168e-02
2.379718999999999932e-02
2.391601000000000143e-02
2.017483000000000123e-02
1.977798000000000056e-02
2.007308000000000009e-02
2.069775999999999908e-02
2.403968000000000077e-02
2.577971000000000082e-02
2.970234999999999889e-02
2.771838000000000080e-02
2.366626999999999967e-02
2.475603999999999999e-02
2.244488999999999859e-02
1.991238000000000036e-02
2.333365000000000092e-02
2.143379000000000117e-02
1.951788999999999955e-02
2.243285000000000071e-02
2.604261999999999896e-02
2.844908999999999979e-02
3.105934999999999946e-02
2.679793999999999926e-02
2.786053000000000140e-02
2.817708999999999839e-02
3.342839000000000227e-02
3.690639999999999893e-02
2.529324000000000155e-02
2.058955999999999981e-02
2.387202000000000074e-02
2.806366000000000069e-02
3.272171000000000107e-02
3.333998999999999990e-02
3.098874999999999894e-02
3.640351000000000004e-02
4.148995999999999934e-02
4.822528000000000231e-02
4.347361999999999754e-02
3.217478000000000005e-02
3.114849999999999910e-02
4.350144000000000233e-02
6.888901000000000052e-02
1.142027199999999937e-01
1.397043599999999997e-01
1.653609900000000132e-01
1.444779499999999939e-01
1.208091000000000026e-01
1.208798900000000037e-01
1.015438099999999982e-01
7.568738999999999328e-02
5.602887000000000145e-02
3.341871999999999898e-02
2.828442999999999929e-02
2.401394000000000098e-02
2.531475999999999865e-02
2.611337999999999854e-02
3.173472000000000098e-02
3.537089000000000205e-02
3.962380000000000069e-02
3.173609000000000152e-02
1.929865999999999873e-02
