1.737123999999999960e-02
1.822918999999999928e-02
1.883550000000000155e-02
2.163748000000000060e-02
2.582452000000000011e-02
3.339811000000000168e-02
4.261569999999999941e-02
4.696013000000000270e-02
4.819812999999999875e-02
5.133282000000000123e-02
5.283705000000000346e-02
4.011979000000000239e-02
3.385144999999999821e-02
2.514049999999999965e-02
1.995763999999999871e-02
1.966232999999999870e-02
1.881810000000000080e-02
1.804387000000000005e-02
1.866224999999999828e-02
2.005209000000000158e-02
2.217003999999999850e-02
2.382290000000000102e-02
2.358307000000000112e-02
2.322048999999999988e-02
2.314408999999999911e-02
2.208386999999999850e-02
1.987751999999999922e-02
1.930656000000000039e-02
1.922089000000000089e-02
1.893144999999999897e-02
1.880963000000000079e-02
1.845878999999999923e-02
1.838630999999999946e-02
1.905791000000000082e-02
1.873874000000000026e-02
1.791111999999999913e-02
1.897632000000000138e-02
2.005030000000000007e-02
1.839425000000000088e-02
1.758161999999999919e-02
1.782941000000000040e-02
1.868805000000000119e-02
1.978096999999999842e-02
1.949970999999999996e-02
1.848001000000000157e-02
1.811721999999999985e-02
1.796268000000000170e-02
1.777930999999999956e-02
1.876995999999999873e-02
1.973806999999999992e-02
1.972903999999999977e-02
1.873396999999999910e-02
1.794791000000000095e-02
1.819590999999999917e-02
1.924895999999999899e-02
2.026116999999999849e-02
1.916698000000000013e-02
1.781367999999999840e-02
1.774825999999999834e-02
1.782101000000000171e-02
1.782285999999999940e-02
1.881112000000000062e-02
1.740273999999999988e-02
1.568649000000000085e-02
