1.668765999999999999e-02
1.959400000000000031e-02
2.434884999999999827e-02
2.840124999999999941e-02
3.305574000000000012e-02
3.020277000000000031e-02
2.812148000000000078e-02
3.566481999999999986e-02
4.262871000000000021e-02
5.595092000000000121e-02
5.336251000000000189e-02
3.578958000000000139e-02
2.170477999999999991e-02
2.144563000000000025e-02
3.308127000000000290e-02
5.605870000000000297e-02
7.281883999999999579e-02
9.086769999999999570e-02
1.172611600000000032e-01
1.336561300000000119e-01
1.154308599999999962e-01
8.301978999999999609e-02
6.155675000000000036e-02
4.046865000000000184e-02
2.231887000000000107e-02
1.944989999999999913e-02
1.921022000000000007e-02
1.964663000000000173e-02
2.962816999999999881e-02
3.943495999999999807e-02
3.830540999999999807e-02
4.110600999999999838e-02
4.399705000000000282e-02
3.980220999999999759e-02
3.475244999999999723e-02
2.366721999999999923e-02
2.106944999999999998e-02
2.200161999999999951e-02
2.508364000000000080e-02
2.582817999999999919e-02
2.298708000000000001e-02
2.345929999999999890e-02
2.219812999999999995e-02
1.988799999999999943e-02
1.966330000000000161e-02
2.004552999999999890e-02
2.019868000000000011e-02
1.936598000000000139e-02
1.936765999999999835e-02
1.983744000000000132e-02
2.323978000000000155e-02
2.485613999999999879e-02
2.605048000000000086e-02
2.472324000000000049e-02
2.299431000000000044e-02
2.129152999999999948e-02
1.995871999999999924e-02
2.011494000000000129e-02
1.955022000000000010e-02
2.017924999999999927e-02
2.324992000000000031e-02
2.407480999999999857e-02
2.038972000000000007e-02
1.747156999999999877e-02
