2.243507000000000140e-02
2.780362000000000111e-02
2.392282000000000089e-02
1.987693000000000099e-02
1.883722999999999995e-02
2.093242999999999840e-02
2.145740999999999968e-02
2.084307999999999994e-02
2.069640999999999842e-02
2.013418999999999973e-02
1.944571999999999967e-02
1.892575000000000160e-02
1.906551999999999900e-02
2.051785000000000067e-02
2.337306999999999926e-02
2.201882000000000145e-02
2.040656000000000067e-02
1.952577000000000132e-02
1.937356999999999968e-02
2.074250999999999873e-02
2.105838000000000154e-02
1.982686999999999991e-02
2.149751999999999913e-02
2.352355000000000071e-02
2.676989999999999925e-02
3.139415000000000261e-02
2.938301000000000107e-02
2.132890000000000133e-02
1.991911000000000029e-02
2.121278000000000052e-02
2.303490000000000051e-02
2.812243000000000034e-02
2.847399999999999931e-02
3.211942000000000269e-02
3.709729999999999972e-02
3.938281999999999894e-02
4.335262000000000143e-02
3.743968999999999769e-02
2.960617000000000110e-02
2.413295000000000023e-02
2.540726999999999916e-02
4.008251000000000175e-02
6.993399999999999617e-02
9.034171000000000562e-02
1.141930000000000028e-01
1.223369499999999999e-01
1.277984199999999959e-01
1.165025799999999945e-01
8.177521999999999569e-02
4.978574000000000194e-02
3.973271999999999915e-02
2.803744999999999848e-02
2.147235000000000116e-02
2.409514000000000100e-02
2.870746000000000062e-02
3.102007999999999849e-02
3.303988000000000064e-02
3.267935000000000284e-02
4.101770999999999889e-02
4.888967999999999786e-02
4.695944999999999980e-02
3.453189999999999732e-02
2.529613000000000000e-02
1.868134000000000114e-02
