1.877037000000000150e-02
1.998919000000000043e-02
1.972430000000000017e-02
1.988395999999999914e-02
1.973383000000000081e-02
1.911310000000000092e-02
1.850125000000000033e-02
1.792747999999999911e-02
1.887281999999999849e-02
2.063022999999999940e-02
2.062038999999999886e-02
1.893798000000000009e-02
1.864286999999999889e-02
1.966176000000000035e-02
1.966120000000000020e-02
1.981747000000000022e-02
2.061181000000000124e-02
1.987658999999999954e-02
1.907005999999999979e-02
1.822290999999999841e-02
1.978796000000000027e-02
2.085495000000000057e-02
1.998006000000000087e-02
1.871180999999999886e-02
1.803777000000000158e-02
1.891949999999999882e-02
2.011336999999999847e-02
2.177449000000000051e-02
2.081583000000000044e-02
2.029960999999999918e-02
2.034953999999999930e-02
2.120945999999999942e-02
2.120553999999999842e-02
2.015812000000000159e-02
1.946650999999999937e-02
2.000686999999999952e-02
2.198868000000000003e-02
2.372973000000000096e-02
2.209898000000000071e-02
2.056730000000000017e-02
2.229232000000000088e-02
2.410605999999999860e-02
2.566068999999999989e-02
2.731774999999999828e-02
2.329861000000000085e-02
2.065565000000000109e-02
2.078166000000000041e-02
2.458027999999999949e-02
3.553180000000000227e-02
4.782522000000000162e-02
5.608389999999999903e-02
5.600455000000000017e-02
5.952388000000000123e-02
6.028300999999999799e-02
5.201014999999999805e-02
3.917878999999999806e-02
3.198166999999999677e-02
2.710442000000000060e-02
2.281622999999999984e-02
2.013944999999999971e-02
1.954849000000000170e-02
1.949907000000000029e-02
1.809028999999999845e-02
1.669932000000000014e-02
