1.675982999999999987e-02
1.811638000000000137e-02
1.817886000000000155e-02
1.786886999999999850e-02
1.785973999999999895e-02
1.807245999999999853e-02
1.755465999999999971e-02
1.734344000000000163e-02
1.709182999999999883e-02
1.772697999999999982e-02
1.804243999999999987e-02
1.746707000000000121e-02
1.761360000000000009e-02
1.773966000000000084e-02
1.772374999999999992e-02
1.795441000000000051e-02
1.825165999999999941e-02
1.759553999999999979e-02
1.740569000000000144e-02
1.758803999999999923e-02
1.762957000000000066e-02
1.753017000000000117e-02
1.784799000000000108e-02
1.728522999999999865e-02
1.763034999999999949e-02
1.786182000000000047e-02
1.773873000000000116e-02
1.793495999999999979e-02
1.780558000000000141e-02
1.786302000000000029e-02
1.765945999999999835e-02
1.775325000000000167e-02
1.791490000000000096e-02
1.793691999999999856e-02
1.743021000000000154e-02
1.740558999999999856e-02
1.799664000000000125e-02
1.792331999999999953e-02
1.793331000000000092e-02
1.752545000000000144e-02
1.735741999999999841e-02
1.771665999999999866e-02
1.762473999999999985e-02
1.789135000000000031e-02
1.766619999999999996e-02
1.772245000000000070e-02
1.788348999999999842e-02
1.781239000000000086e-02
1.739844999999999933e-02
1.753149000000000027e-02
1.750364999999999907e-02
1.730929000000000148e-02
1.713456000000000007e-02
1.777574000000000168e-02
1.807013999999999843e-02
1.781817999999999944e-02
1.776203999999999977e-02
1.730417999999999887e-02
1.758053999999999867e-02
1.766273000000000148e-02
1.778106999999999951e-02
1.750091999999999967e-02
1.684375999999999929e-02
1.570815000000000058e-02
