3.774808999999999803e-02
4.737732000000000054e-02
4.801835000000000131e-02
4.185909000000000157e-02
3.916552999999999701e-02
3.368267999999999956e-02
2.844835000000000072e-02
2.191873000000000085e-02
1.995687000000000155e-02
1.879091999999999915e-02
1.855719000000000118e-02
1.842958999999999917e-02
1.935827999999999854e-02
1.986065999999999873e-02
2.067818000000000087e-02
2.151234999999999953e-02
2.330509000000000053e-02
2.409133999999999928e-02
2.183770999999999976e-02
2.026878000000000013e-02
1.908715000000000064e-02
1.881717999999999932e-02
1.848373999999999850e-02
1.847446999999999978e-02
1.957178999999999863e-02
1.915742999999999960e-02
1.825212999999999836e-02
1.799051000000000122e-02
1.851258000000000070e-02
1.817770000000000150e-02
1.778155999999999834e-02
1.819321999999999953e-02
1.805222000000000077e-02
1.794139999999999971e-02
1.786967000000000069e-02
1.800084999999999880e-02
1.802679000000000087e-02
1.844248000000000068e-02
1.875378000000000114e-02
1.779290999999999859e-02
1.779806000000000096e-02
1.820613000000000092e-02
1.869759000000000004e-02
1.984435999999999839e-02
1.890758999999999843e-02
1.757449999999999984e-02
1.829126000000000016e-02
1.846253000000000130e-02
1.823752999999999833e-02
1.801933000000000007e-02
1.799772999999999998e-02
1.797665000000000027e-02
1.760139999999999968e-02
1.803528000000000076e-02
1.825306999999999971e-02
1.846054000000000098e-02
1.781603999999999827e-02
1.790295999999999901e-02
1.788984000000000060e-02
1.750459000000000043e-02
1.792946999999999944e-02
1.791815999999999895e-02
1.669808999999999877e-02
1.585556000000000118e-02
