2.165231999999999921e-02
2.385469999999999952e-02
2.295917000000000097e-02
2.415288000000000157e-02
2.232270999999999908e-02
2.050375999999999935e-02
1.858800000000000036e-02
1.838858000000000159e-02
2.059568000000000162e-02
2.441909000000000093e-02
2.493056000000000091e-02
2.283125000000000085e-02
1.940118000000000051e-02
2.174680000000000016e-02
2.149730000000000044e-02
2.254559000000000077e-02
2.536922999999999956e-02
2.450383999999999896e-02
2.080798999999999843e-02
1.885523999999999881e-02
2.224577000000000152e-02
2.502845999999999890e-02
2.311937000000000020e-02
2.164779999999999829e-02
1.887252000000000027e-02
1.941143000000000035e-02
2.455643000000000062e-02
2.990914000000000073e-02
2.413049000000000097e-02
2.302148000000000042e-02
2.307475999999999972e-02
2.448952999999999894e-02
2.829838000000000145e-02
2.661072999999999911e-02
2.216631000000000157e-02
2.191219999999999973e-02
2.510710999999999846e-02
2.897624999999999854e-02
2.790923999999999836e-02
2.288727000000000122e-02
2.312422999999999909e-02
2.963100000000000109e-02
3.795964999999999756e-02
4.371793999999999680e-02
3.805124000000000006e-02
2.371995999999999827e-02
2.195064999999999864e-02
2.496299999999999908e-02
4.048677999999999999e-02
5.826039000000000218e-02
7.198393999999999626e-02
8.667294999999999860e-02
9.772701999999999778e-02
9.776698000000000333e-02
8.807404000000000621e-02
7.387726000000000015e-02
5.779924000000000173e-02
4.202369999999999717e-02
3.205361999999999795e-02
2.459238000000000049e-02
2.165428000000000144e-02
2.043893000000000099e-02
1.913263000000000116e-02
1.799179000000000056e-02
