2.796633999999999926e-02
4.420823000000000114e-02
3.960117999999999971e-02
4.924628999999999812e-02
7.378983000000000070e-02
7.889453999999999911e-02
6.917541000000000662e-02
6.892515999999999921e-02
4.801020000000000287e-02
3.610804000000000097e-02
3.175163999999999764e-02
3.930241999999999764e-02
8.837261000000000422e-02
1.614248500000000086e-01
2.038009299999999913e-01
3.339535599999999826e-01
2.622386500000000176e-01
2.346418799999999971e-01
1.904625000000000068e-01
1.319814599999999949e-01
9.537619999999999432e-02
4.555044999999999927e-02
2.594000999999999946e-02
2.643001000000000031e-02
2.873602999999999921e-02
3.875292000000000320e-02
5.050666000000000183e-02
5.428058999999999662e-02
6.272539000000000586e-02
9.745104999999999740e-02
8.370642000000000360e-02
5.299762999999999696e-02
3.533507999999999788e-02
3.122252000000000013e-02
3.676922999999999997e-02
4.141672999999999882e-02
3.024779999999999830e-02
2.239388000000000142e-02
2.539964999999999931e-02
2.957390999999999839e-02
2.784466000000000024e-02
2.357360000000000011e-02
2.079773000000000038e-02
1.974298000000000025e-02
2.191051999999999930e-02
2.467027000000000109e-02
2.654522999999999952e-02
2.398725000000000163e-02
2.729476000000000124e-02
3.820562000000000263e-02
3.881210000000000215e-02
3.325895999999999714e-02
2.569366999999999832e-02
2.123608000000000093e-02
1.955762000000000125e-02
2.352448999999999860e-02
2.818651999999999963e-02
3.049808999999999853e-02
3.250658000000000020e-02
2.450932000000000111e-02
1.933201999999999837e-02
2.180057999999999996e-02
2.140113999999999905e-02
2.118360999999999855e-02
