2.013561999999999991e-02
2.186180000000000068e-02
2.107175999999999841e-02
2.659190999999999985e-02
3.863710000000000061e-02
3.181011000000000255e-02
2.691688000000000067e-02
3.538697999999999844e-02
5.116790999999999701e-02
6.003599999999999909e-02
6.538426999999999434e-02
5.586437000000000347e-02
4.185281999999999891e-02
2.875983999999999832e-02
2.392168000000000072e-02
4.364962000000000009e-02
6.239995000000000264e-02
9.992318999999999507e-02
1.455943600000000060e-01
1.835445599999999955e-01
1.940796399999999977e-01
1.708495499999999889e-01
1.386731900000000017e-01
8.877005000000000312e-02
5.035951999999999790e-02
3.165222000000000174e-02
2.215639999999999971e-02
2.058014000000000024e-02
3.138297999999999782e-02
3.875362999999999725e-02
4.044757000000000213e-02
5.964208000000000010e-02
6.344577999999999329e-02
6.681594999999999895e-02
5.471642000000000172e-02
3.117479000000000083e-02
2.508385000000000128e-02
2.596535000000000162e-02
2.729538999999999924e-02
2.972378000000000173e-02
2.754755000000000051e-02
3.032901000000000000e-02
3.110500999999999891e-02
2.241560000000000080e-02
1.943628000000000022e-02
1.982377000000000097e-02
2.073370999999999895e-02
2.066623000000000071e-02
2.150250000000000078e-02
2.110684000000000171e-02
2.341833999999999930e-02
2.549751000000000101e-02
2.640962999999999991e-02
2.582448000000000035e-02
2.509244000000000058e-02
2.397664000000000045e-02
2.355724999999999833e-02
1.968956999999999999e-02
1.952256000000000130e-02
2.183362000000000150e-02
2.423333000000000084e-02
2.969019000000000172e-02
2.590722000000000164e-02
1.893475999999999840e-02
