2.570742000000000166e-02
2.425953000000000137e-02
2.038567000000000157e-02
2.011670999999999945e-02
2.284138999999999961e-02
2.190473000000000073e-02
2.214609000000000022e-02
2.312573999999999880e-02
2.727477999999999847e-02
3.181151000000000117e-02
3.455435999999999924e-02
4.087019000000000069e-02
3.811948999999999893e-02
3.650872000000000145e-02
2.724771000000000137e-02
2.008008000000000015e-02
1.964996999999999924e-02
2.888889000000000040e-02
5.185029000000000027e-02
7.635567000000000049e-02
8.651955999999999536e-02
1.002573400000000003e-01
8.607934999999999892e-02
6.305624999999999425e-02
5.125603000000000103e-02
3.571193000000000284e-02
2.593434999999999838e-02
2.180821000000000148e-02
2.175140999999999880e-02
2.144087000000000076e-02
2.404355999999999854e-02
2.892397000000000024e-02
2.833586999999999911e-02
3.720703000000000205e-02
3.482562000000000157e-02
2.993323000000000164e-02
2.809489999999999904e-02
2.430722000000000091e-02
2.201022999999999868e-02
2.300810999999999829e-02
2.379558000000000020e-02
2.469454000000000093e-02
2.322654999999999859e-02
1.969179000000000068e-02
1.880263000000000073e-02
1.985463000000000158e-02
1.949969999999999828e-02
1.876591000000000023e-02
1.901386999999999869e-02
2.034174000000000052e-02
2.205220000000000097e-02
2.023490999999999831e-02
1.927219999999999975e-02
1.896033000000000093e-02
1.937635999999999872e-02
2.020113999999999937e-02
2.105136000000000160e-02
2.156392999999999852e-02
2.428558000000000106e-02
2.041176999999999922e-02
1.867337999999999984e-02
1.951285999999999993e-02
1.797493999999999828e-02
1.683333999999999872e-02
