1.985726999999999978e-02
2.129423999999999900e-02
2.069899000000000044e-02
2.125932999999999989e-02
2.137819999999999998e-02
1.994568000000000035e-02
1.825262000000000065e-02
1.846777999999999961e-02
2.027228000000000016e-02
2.200964000000000045e-02
2.161826000000000025e-02
1.910834999999999964e-02
1.905433999999999947e-02
2.011425999999999839e-02
1.959471000000000129e-02
2.176755000000000009e-02
2.242357000000000031e-02
2.153862000000000138e-02
1.932062999999999836e-02
1.830986000000000072e-02
2.044746999999999884e-02
2.194445999999999897e-02
2.067106999999999972e-02
1.914727999999999916e-02
1.875361999999999862e-02
1.966021999999999909e-02
2.188446999999999962e-02
2.394581000000000140e-02
2.275376999999999955e-02
2.211988000000000149e-02
2.379266999999999840e-02
2.367179999999999979e-02
2.281795000000000004e-02
2.186499999999999902e-02
1.929455000000000059e-02
2.157049000000000119e-02
2.559641000000000000e-02
2.811688000000000034e-02
2.550436000000000022e-02
2.247940999999999828e-02
2.664367999999999945e-02
3.389988000000000029e-02
3.377727999999999980e-02
3.235389999999999794e-02
2.659316999999999931e-02
2.445697000000000149e-02
3.133492000000000222e-02
4.880645000000000122e-02
7.727523999999999504e-02
9.968770000000000409e-02
1.295403400000000038e-01
1.278251099999999918e-01
1.265690600000000110e-01
1.067381099999999972e-01
8.530561000000000393e-02
5.594422000000000283e-02
3.690505000000000174e-02
3.071269000000000082e-02
2.386202999999999935e-02
2.017077000000000106e-02
1.956110999999999961e-02
2.085180999999999840e-02
2.010761000000000145e-02
1.722496999999999917e-02
