2.505543000000000006e-02
3.871426000000000034e-02
3.652731000000000033e-02
2.965688000000000005e-02
2.563564000000000120e-02
2.312099999999999919e-02
2.119454000000000130e-02
1.936915999999999985e-02
1.866833000000000034e-02
1.912662000000000043e-02
1.880491999999999927e-02
1.945310999999999915e-02
1.979219999999999938e-02
2.299075000000000077e-02
2.397896999999999876e-02
2.271039999999999864e-02
2.234602000000000116e-02
2.126339000000000007e-02
1.963468999999999978e-02
1.938540000000000055e-02
1.917309999999999848e-02
1.883280000000000023e-02
1.799231000000000094e-02
1.808359999999999829e-02
1.910774999999999973e-02
1.860151000000000165e-02
1.854006999999999877e-02
1.870143000000000152e-02
1.870370999999999839e-02
1.826540999999999929e-02
1.888996999999999898e-02
1.898847000000000035e-02
1.880499999999999880e-02
1.818809000000000051e-02
1.849488999999999994e-02
1.881052999999999892e-02
1.944649000000000030e-02
1.898771999999999960e-02
1.872839999999999921e-02
1.844053999999999832e-02
1.838885999999999993e-02
1.985017999999999852e-02
2.066567000000000057e-02
2.029513999999999971e-02
1.923265000000000044e-02
1.902716999999999950e-02
2.042141000000000095e-02
2.048615000000000158e-02
1.995268000000000042e-02
1.941698999999999856e-02
1.881087999999999857e-02
1.856489000000000056e-02
1.960454999999999837e-02
2.019957000000000003e-02
1.942313000000000026e-02
1.893020999999999940e-02
1.982269999999999865e-02
1.974162000000000139e-02
2.045303999999999872e-02
2.013782000000000072e-02
2.006215999999999902e-02
2.022126000000000132e-02
1.896569999999999853e-02
1.749766000000000168e-02
