2.159393999999999897e-02
2.310179999999999872e-02
2.594313999999999995e-02
2.916838999999999890e-02
2.568410999999999958e-02
2.186168000000000139e-02
2.037705000000000072e-02
1.989449999999999899e-02
2.129918000000000089e-02
3.559298000000000323e-02
3.200933999999999724e-02
2.088254000000000152e-02
2.445450000000000054e-02
3.904198999999999864e-02
5.218597999999999987e-02
3.664064999999999683e-02
2.555798999999999918e-02
2.700850999999999946e-02
2.247164999999999926e-02
2.213522000000000059e-02
3.033278999999999836e-02
4.065298999999999996e-02
5.463977999999999891e-02
4.635929999999999912e-02
4.972387000000000334e-02
6.291346000000000438e-02
8.457401999999999975e-02
6.575868999999999465e-02
3.444678999999999797e-02
3.042854000000000045e-02
6.650454999999999561e-02
9.399995999999999352e-02
1.865614399999999951e-01
2.243632999999999877e-01
2.216958900000000066e-01
2.664520400000000011e-01
2.321820699999999904e-01
1.515604000000000118e-01
9.582864000000000659e-02
4.574141999999999791e-02
2.495638000000000023e-02
2.280101000000000003e-02
2.377995999999999929e-02
2.561060000000000073e-02
3.557678000000000229e-02
4.423099999999999948e-02
6.778275999999999746e-02
5.744939999999999769e-02
4.790843999999999658e-02
4.383971999999999869e-02
3.995285999999999976e-02
3.087755999999999834e-02
2.419703999999999952e-02
3.189279999999999893e-02
3.683100000000000263e-02
3.436320000000000346e-02
4.103677000000000019e-02
4.975585999999999898e-02
4.397573999999999927e-02
2.976965999999999987e-02
3.237032000000000104e-02
3.214283999999999891e-02
2.293488999999999944e-02
2.009323000000000012e-02
