2.172398999999999858e-02
1.889528999999999861e-02
2.001922999999999897e-02
1.896859000000000045e-02
1.892026999999999945e-02
1.966249000000000122e-02
1.951556999999999945e-02
2.070303000000000074e-02
1.969778999999999974e-02
1.841825999999999880e-02
1.807256999999999961e-02
1.823332000000000078e-02
1.925910000000000122e-02
2.039209999999999981e-02
1.983771000000000145e-02
1.902469999999999856e-02
1.947501000000000093e-02
2.002075999999999856e-02
2.307669000000000040e-02
2.577576999999999993e-02
2.442193000000000142e-02
2.195207000000000061e-02
1.933535999999999935e-02
1.914876999999999899e-02
2.197150999999999965e-02
2.336061000000000040e-02
2.340435999999999905e-02
2.358048000000000088e-02
2.456173999999999857e-02
2.799255000000000146e-02
2.847970000000000015e-02
2.883194000000000035e-02
2.411450999999999872e-02
2.051895999999999928e-02
2.262658999999999851e-02
3.210973000000000299e-02
4.958544000000000146e-02
7.072802999999999729e-02
8.620434000000000430e-02
7.340228999999999504e-02
6.077613999999999933e-02
4.683646000000000337e-02
3.646372999999999975e-02
2.690626999999999949e-02
1.899641999999999997e-02
1.817970000000000003e-02
1.869010000000000116e-02
1.948406999999999917e-02
2.162967999999999835e-02
2.346202999999999830e-02
2.912769000000000122e-02
3.320507999999999793e-02
3.492338999999999860e-02
3.234325999999999868e-02
2.693152000000000046e-02
2.459708000000000033e-02
2.229801000000000005e-02
1.961123000000000033e-02
1.986657000000000006e-02
1.970154000000000002e-02
2.029092000000000048e-02
2.254441000000000084e-02
1.916419999999999929e-02
1.642083999999999905e-02
